13
27
30
39
53
69
74
60
42
57
63
55
46
52
83
60
77
70
79
100
178
193
170
49
32
47
55
69
66
56
54
47
53
30
24
44
74
32
56
88
119
112
150
191
170
196
213
202
110
25
37
58
71
63
69
55
49
41
12
37
72
56
59
103
95
100
143
164
152
104
19
47
36
33
35
59
57
70
80
44
38
47
29
57
68
60
67
100
119
108
75
16
25
27
39
60
41
52
60
47
42
43
22
42
60
51
59
94
94
101
166
148
207
183
24
36
42
55
64
49
55
40
61
39
53
43
45
72
82
110
93
118
128
145
132
154
124
13
14
9
10
9
18
25
16
18
22
38
34
17
16
12
20
18
19
15
16
24
14
15
16
8
