1648.828125
1328.421875
613.475000
1529.681250
2162.334375
1335.568750
1406.615625
2861.093750
1338.396875
1594.268750
601.887500
2487.465625
1321.028125
1878.753125
2708.931250
2363.309375
663.346875
2211.268750
1473.093750
3925.203125
3033.003125
2258.915625
2552.896875
1930.900000
1856.128125
1498.437500
3106.284375
3625.568750
2344.800000
1655.950000
1652.581250
3467.021875
1586.618750
4250.856250
2492.634375
3386.265625
2742.771875
1589.256250
3158.053125
4415.625000
1994.190625
486591.387500
36356035.606250
91030275.843750
67212805.746875
92736996.528125
91139848.040625
100756218.515625
70475097.712500
124541883.271875
28144115.075000
12121107.009375
13687274.415625
4642258.296875
3792698.437500
4464584.975000
2993132.190625
1828424.053125
473018.056250
143889.709375
124491.318750
15122.978125
2811.431250
1408.668750
1055.734375
1070.265625
749.315625
1971.087500
1473.206250
1075.687500
3643.243750
1095.021875
1673.243750
1411.921875
1631.662500
2107.275000
1853.528125
1724.796875
2646.856250
1538.853125
1192.100000
1978.015625
2206.868750
1908.478125
789.140625
2482.615625
1655.634375
1711.568750
1305.675000
2305.703125
1777.693750
1141.396875
1462.265625
3942872.709375
59401107.125000
94073839.184375
81181308.931250
75899317.634375
61469933.578125
70504092.028125
94142925.543750
89299716.068750
31077546.165625
11792745.190625
10415308.409375
4155600.068750
4010808.428125
2924339.912500
2663069.896875
2252780.425000
1096080.246875
694174.018750
619673.618750
246583.750000
65173.959375
40818.781250
25662.337500
18780.306250
1352.934375
966.737500
423.971875
1810.065625
1458.250000
1022.796875
962.837500
509.462500
1484.309375
1026.118750
1205.350000
729.165625
1214.568750
1947.512500
3409.931250
1654.281250
1835.803125
1260.437500
1026.037500
2212.184375
1170.325000
1903.106250
908.168750
2731.518750
29212.093750
7994058.200000
4295923.168750
14885127.640625
85586671.562500
72422229.756250
70335438.693750
89017651.890625
66980887.318750
110311002.478125
48999793.734375
22178663.840625
10859490.178125
4438013.753125
3045452.631250
2690394.190625
2207237.246875
982926.875000
782786.262500
246674.200000
110647.384375
200571.837500
35446.681250
8852.656250
2163.834375
1109.162500
552.318750
1420.568750
1026.915625
811.559375
1085.596875
797.053125
1249.512500
1699.778125
1193.259375
1075.978125
1212.853125
2376.246875
1990.721875
938.162500
827.878125
1011.181250
839.834375
1067.271875
2125.906250
866.240625
1408.518750
947.812500
2598.246875
626.884375
1068.634375
2073.031250
3339.037500
1796.809375
183271.153125
18054892.118750
21920185.143750
54300577.687500
86296397.028125
70304043.206250
85783548.593750
116513161.728125
58416670.462500
84175593.118750
37329007.559375
7531374.412500
6170875.096875
4142226.353125
2291919.796875
2484978.525000
1966250.156250
1783708.112500
816856.537500
696550.743750
1035559.328125
216432.850000
76083.025000
49653.384375
17576.053125
8744.981250
1300.812500
1409.115625
1387.453125
2008.493750
1897.281250
1438.128125
1465.800000
508.856250
651.271875
1017.728125
797.162500
3007.981250
2575.375000
1103.875000
1993.762500
1815.934375
1804.515625
999.887500
946.987500
1676.350000
1573.790625
1232.293750
1189.421875
1106.553125
3482.803125
2243.393750
1340.912500
6452850.268750
49028706.903125
78530114.318750
104985393.150000
84348788.240625
125735847.178125
116968350.162500
161938820.681250
209250542.490625
116254523.821875
125014466.093750
132317877.953125
137072075.756250
105340798.903125
116391603.528125
85120052.962500
70366428.987500
77791196.796875
53280520.346875
37289969.515625
20637299.087500
11755381.903125
4187213.793750
610051.934375
429345.053125
118070.278125
34107.221875
4750.031250
3945.325000
3396.250000
1861.662500
2842.378125
2871.821875
2543.296875
1444.156250
1881.837500
1369.143750
1014.828125
1508.793750
1839.325000
1222.368750
1326.884375
2646.743750
2703.021875
2288.625000
1573.581250
2212.037500
1725.378125
597.206250
826.084375
2663.315625
2307.653125
3147.550000
5913.325000
1763848.225000
37015332.078125
94399935.859375
127182614.978125
185509250.637500
131733270.015625
157373967.412500
168464031.796875
93584357.162500
88123818.618750
163996799.596875
137378611.156250
58120485.046875
62116986.615625
52355221.818750
45982452.243750
40442057.203125
24574653.165625
13825272.878125
9733643.375000
2084701.859375
3899898.284375
791261.996875
102603.368750
95893.584375
15488.090625
3445.534375
3970.693750
2625.121875
3142.887500
4110.918750
5042.096875
1894.184375
1999.775000
1769.153125
1925.628125
1803.200000
957.840625
2059.471875
990.250000
2458.259375
1363.800000
1282.290625
2528.493750
2413.015625
1483.540625
4175.381250
1569.815625
2303.240625
1830.703125
1630.081250
1246.500000
603.584375
1049.587500
4087.237500
10693328.778125
23285237.537500
26685767.084375
36521357.781250
81785036.625000
70056021.068750
76558506.646875
65645240.937500
77933625.393750
53450378.306250
23691414.043750
11296803.931250
7227319.287500
3540954.771875
3446910.506250
3320644.356250
2750396.812500
2136572.546875
1445877.850000
1386147.803125
1693839.956250
1520958.896875
1400140.571875
1069467.653125
954733.137500
777489.446875
716947.225000
509338.718750
351811.434375
232298.662500
158510.956250
31400.603125
1234.825000
1660.281250
1090.175000
966.637500
1651.318750
2214.334375
1936.581250
1700.946875
992.628125
1886.034375
1901.009375
797.771875
937.087500
961.125000
1187.668750
1301.759375
1056.065625
1833.909375
1485.378125
1131.381250
2179.156250
4468513.268750
53470071.293750
64960410.012500
79253365.237500
129671378.278125
193618817.221875
223151528.293750
128282100.915625
95623370.462500
109885583.131250
89598836.537500
59263017.993750
64649052.209375
57439573.165625
73040241.090625
62044576.415625
64240050.262500
35916225.850000
11396459.571875
6729094.387500
2665643.912500
1942935.165625
1625507.103125
547058.215625
82357.978125
9815.853125
7048.825000
6877.462500
2710.584375
2107.515625
2024.971875
1912.231250
1151.625000
1665.050000
2201.512500
1162.696875
2078.087500
3344.259375
2008.246875
1239.015625
1286.059375
1050.318750
2061.993750
1253.196875
2137.050000
1022.743750
1282.400000
2249.612500
2072.221875
1965.075000
1362.746875
2096.115625
59462.103125
4832145.303125
30082688.490625
30867824.206250
63083088.478125
72855116.137500
52912891.915625
78450620.378125
56163972.018750
72739396.456250
28880828.125000
11340850.353125
7230985.843750
4875593.318750
3077375.909375
2606716.081250
3160442.637500
1766334.568750
1242140.478125
750488.771875
1002469.040625
649937.518750
508444.506250
247697.187500
168580.706250
95376.359375
18426.871875
1976.600000
749.487500
1166.318750
1506.212500
697.837500
772.034375
2416.450000
1584.437500
2800.037500
2546.075000
1665.412500
1692.371875
1314.896875
777.731250
1562.756250
1411.628125
1577.659375
1084.996875
2814.025000
1997.440625
680.268750
1408.040625
1266.578125
101176.187500
48186.215625
31313298.259375
88421866.550000
139636834.393750
142868181.571875
182389967.187500
154524841.075000
142330397.500000
117805694.584375
107254910.265625
92202411.012500
149276141.393750
142868262.181250
106843227.118750
90839761.953125
71500310.887500
35876832.231250
27111209.781250
16407613.862500
2441531.171875
4344421.487500
1933064.390625
201421.118750
94934.253125
46997.653125
17495.228125
10173.762500
2966.740625
2794.543750
2085.553125
1193.178125
1285.993750
1542.806250
1640.090625
1912.815625
1061.143750
1019.309375
461.340625
2275.665625
1221.237500
1925.975000
706.450000
3140.946875
2021.193750
227.165625
