3565.240625
2548.515625
1702.184375
2992.506250
1344.853125
576.875000
1468.212500
2089.587500
995.893750
1053.871875
2986.571875
4073.478125
2174.850000
2324.625000
821.175000
1291.118750
3984.784375
1381330.871875
23989010.290625
18116692.125000
52033566.865625
105002247.368750
78856344.793750
86161374.559375
72805391.818750
59899785.121875
30933783.128125
14082563.781250
17420904.325000
19348997.446875
8089438.700000
2455641.406250
3641123.762500
2851571.456250
2050083.503125
2545237.446875
1178262.118750
940429.340625
669012.693750
607647.081250
14370693.728125
19445595.956250
32731484.912500
66096413.478125
74320074.600000
71697206.500000
69968163.346875
95397938.300000
85386346.390625
66788130.862500
65389821.562500
44683197.000000
14757350.906250
7326644.187500
10212011.412500
6387478.153125
2087206.646875
966772.837500
945461.909375
695268.928125
306375.900000
256260.912500
442534.006250
752039.021875
311578.943750
1103403.340625
25596623.490625
21335049.968750
47148750.046875
76763790.609375
80002247.090625
72522165.862500
75307263.328125
85120917.628125
84013437.178125
54347742.703125
24136035.193750
7383055.609375
11846019.115625
10560978.603125
2125598.031250
1991402.934375
1650670.968750
712700.687500
297819.662500
163102.040625
106838.721875
7929.809375
6947.403125
5775.906250
5182536.459375
10683726.934375
16654773.759375
23979086.800000
47241398.437500
64122059.112500
64483933.981250
72301067.421875
68948516.518750
102267578.506250
76932729.243750
37498475.437500
37075250.828125
13621477.781250
7615671.137500
7067486.459375
3954226.909375
1183945.684375
814156.300000
623197.481250
544826.971875
62543.256250
14944.934375
5122.878125
4101.275000
2354.409375
1572795.421875
9493351.393750
18941006.256250
17389676.756250
49055920.356250
85866831.268750
64370110.387500
85296122.468750
84477267.953125
73371735.193750
34887815.465625
27702287.665625
12877688.368750
5472738.737500
6294536.793750
2795644.131250
1801654.981250
924602.331250
640048.590625
373652.503125
253754.334375
108570.228125
87288.278125
9252.071875
2321.043750
1402.281250
845.412500
1635.884375
1028.178125
1704.143750
1065.162500
2417.371875
2621.687500
1963.971875
1207.134375
1444.856250
510.487500
545.446875
1190.846875
346.181250
679.050000
1032.059375
682.300000
1262.634375
968.359375
1335.993750
1230.143750
1928.984375
3360.812500
2080.956250
9525511.868750
20356701.909375
37575898.971875
77404755.125000
88170097.781250
83072308.668750
83037335.050000
87656232.700000
88537620.415625
90831940.828125
61750222.871875
23713245.884375
12640259.690625
7655517.540625
5206606.237500
3022141.234375
3549194.368750
1992443.153125
1274681.643750
809932.550000
545906.503125
415987.462500
176655.096875
65870.984375
25767.871875
2115.003125
726.100000
1335.134375
1607.528125
1362.387500
7513.075000
5900573.718750
35074467.487500
75627343.884375
86543260.915625
142737873.478125
183067963.515625
198541378.703125
235914342.606250
199929990.187500
126180352.621875
35444038.440625
120968857.346875
223393741.171875
154033277.496875
117737273.034375
116612974.509375
49788173.778125
29625584.456250
26152281.181250
12713272.309375
5981602.918750
1743268.640625
498951.003125
213294.765625
37998.625000
4781.368750
16630.115625
4021.459375
2256.303125
1436.731250
2278.031250
3511.781250
3105.640625
1965.896875
1401.084375
2325.700000
1404.968750
2908.956250
1910.431250
4039.893750
149.628125
