14
45
70
58
53
38
52
61
48
47
58
62
110
143
129
160
173
167
158
141
34
58
65
67
58
52
60
65
51
52
40
51
91
82
97
124
116
173
149
131
141
11
17
41
51
62
38
60
62
59
52
53
42
68
83
76
80
99
131
141
103
109
11
38
42
40
59
68
56
65
61
55
43
62
70
72
91
77
103
81
140
127
105
136
10
10
9
9
16
13
38
35
42
40
36
28
35
32
23
22
21
18
18
17
16
10
13
12
20
20
9
10
10
9
11
29
29
37
40
39
33
31
33
18
23
36
28
19
18
13
19
16
12
21
12
31
25
29
58
73
69
64
65
67
77
56
49
72
86
120
131
132
145
214
200
173
211
223
223
215
218
231
229
212
211
210
25
9
13
16
17
29
45
39
32
30
32
25
29
28
27
33
27
32
20
19
21
19
18
15
20
29
54
44
65
75
81
58
63
65
54
60
78
90
105
136
99
128
148
179
144
156
187
177
201
201
9
15
14
15
28
34
31
21
30
31
31
24
20
24
33
24
19
16
11
19
15
13
19
17
9
