10
5
4
13
74
82
98
18
20
20
21
20
20
12
28
178
231
220
221
223
217
225
219
217
213
201
198
194
191
146
7
5
5
7
8
7
9
10
13
17
15
15
16
7
7
14
11
7
6
5
4
6
15
8
8
5
7
11
8
12
11
11
10
13
11
9
9
11
14
16
9
8
4
7
4
10
10
10
19
9
7
16
11
12
13
21
19
19
10
9
12
10
38
185
192
196
197
202
198
201
198
195
191
188
180
179
169
163
185
17
5
4
9
9
13
13
11
11
6
15
10
9
12
11
10
15
4
5
12
14
44
5
15
15
18
17
15
14
18
18
18
19
20
15
11
33
199
222
227
214
214
205
211
215
208
219
214
217
215
200
188
190
180
10
8
26
10
23
9
15
18
19
18
20
13
7
22
175
207
222
214
212
201
202
201
205
206
194
203
194
193
180
34
26
20
12
12
14
14
15
13
13
10
11
12
75
197
222
223
214
211
211
203
210
210
201
193
181
107
