21.453125
2.378125
2.456250
2.653125
2.400000
2.500000
2.846875
4.734375
5.531250
5.003125
6.684375
6.078125
7.128125
12.350000
8.643750
8.775000
15.281250
11.575000
14.434375
23.375000
16.918750
13.646875
15.640625
12.690625
31.559375
24.900000
157.856250
211.075000
287.368750
186.275000
322.934375
345.421875
524.578125
520.456250
597.462500
582.703125
756.106250
777.109375
894.031250
622.853125
876.475000
1091.881250
1347.268750
1677.412500
1368.062500
769.878125
885.062500
856.903125
1337.781250
1530.028125
547.262500
684.031250
863.731250
651.790625
1382.171875
1534.609375
843.737500
1835.109375
498.771875
650.271875
778.750000
592.971875
1207.928125
1418.459375
942.031250
1858.937500
576.165625
956.753125
587.093750
393.500000
1226.465625
1233.109375
711.178125
1135.425000
935.637500
516.728125
1448.759375
87.625000
36.921875
35.587500
22.428125
22.337500
26.631250
18.846875
24.612500
17.234375
17.171875
18.362500
19.171875
20.262500
24.418750
21.090625
22.528125
21.078125
22.268750
25.987500
17.587500
18.296875
25.309375
23.653125
25.303125
34.843750
20.668750
27.234375
24.868750
27.590625
27.184375
28.796875
20.265625
22.609375
23.562500
15.421875
18.587500
32.746875
34.915625
21.631250
25.546875
14.187500
26.390625
23.631250
33.221875
18.009375
17.493750
16.518750
15.740625
21.584375
23.346875
24.125000
20.896875
21.415625
21.293750
20.212500
22.875000
18.931250
20.200000
21.453125
12.696875
26.046875
19.446875
26.615625
26.043750
23.943750
22.921875
28.203125
23.262500
19.353125
23.646875
28.315625
63.293750
408.150000
34403.490625
134742.643750
190064.409375
73378.093750
5942.637500
3929.959375
16764.240625
13984.593750
2274373.750000
3538289.037500
3786290.143750
4182641.340625
5899815.425000
4334746.618750
4932010.150000
1752387.140625
2512061.600000
7275592.590625
3937940.306250
3282767.281250
3074506.025000
3233967.581250
2788577.306250
3320091.896875
1811278.543750
938734.212500
387530.637500
471800.859375
194979.246875
26822.831250
6149.962500
1714.693750
468.662500
215.140625
90.437500
52.953125
28.937500
33.487500
36.384375
26.862500
25.493750
23.984375
25.940625
19.015625
25.328125
19.662500
19.406250
23.159375
26.831250
22.078125
24.284375
24.100000
24.768750
28.431250
26.146875
16.862500
27.790625
19.978125
24.437500
21.234375
20.575000
15.918750
21.906250
22.693750
26.406250
23.453125
11.178125
17.178125
14.731250
18.450000
21.556250
16.512500
17.078125
19.709375
16.412500
26.250000
29.584375
24.375000
19.581250
19.528125
25.237500
24.703125
22.621875
14.750000
23.043750
22.390625
24.553125
21.656250
17.484375
17.684375
18.596875
21.584375
27.756250
22.809375
19.556250
25.396875
512.356250
78.328125
82.859375
58.956250
38.125000
20.087500
18.800000
27.912500
26.537500
27.781250
18.250000
24.803125
21.375000
29.075000
23.653125
20.762500
17.093750
18.093750
18.000000
21.034375
28.334375
29.921875
20.637500
19.346875
23.187500
20.918750
20.318750
19.878125
19.618750
20.846875
16.606250
19.384375
25.793750
1198.300000
36.818750
32.525000
35.015625
21.840625
40.006250
31.859375
209.868750
139437.059375
320263.209375
851424.103125
1243889.496875
1175935.381250
1747412.146875
2416561.984375
3273885.931250
5203569.784375
4388884.693750
3198466.128125
2785418.678125
2406223.915625
2372160.631250
1544896.953125
1114813.153125
978576.096875
460423.090625
314844.825000
360759.096875
194252.746875
63025.687500
10424.171875
378.262500
476.831250
305.456250
388.181250
345.790625
67.103125
29.231250
22.265625
16.003125
25.062500
25.437500
23.734375
22.171875
23.740625
24.487500
30.825000
23.300000
24.975000
20.137500
23.565625
32.834375
24.568750
18.421875
20.131250
16.462500
23.231250
22.146875
24.765625
24.834375
35.984375
17.550000
36.437500
45.756250
28.043750
20.268750
19.840625
20.909375
22.659375
25.956250
23.034375
30.037500
16.431250
18.918750
26.131250
22.478125
21.181250
21.946875
22.756250
20.900000
24.540625
22.903125
21.225000
17.375000
23.700000
23.512500
36.200000
38.128125
24.012500
30.618750
24.450000
20.753125
29.428125
25.896875
16.737500
24.390625
24.646875
29.550000
26.690625
28.240625
19.768750
20.662500
20.821875
26.384375
19.278125
19.340625
19.565625
25.018750
20.078125
25.831250
18.581250
26.834375
25.606250
24.875000
31.471875
34.078125
17.806250
36.084375
30.250000
32.678125
36.971875
23.359375
27.928125
26.837500
28.215625
25.206250
22.212500
22.096875
22.284375
15.390625
21.237500
22.606250
34.375000
19.684375
24.918750
16.871875
24.981250
24.478125
28.384375
22.168750
16.390625
20.115625
776.456250
114784.018750
244713.884375
549699.296875
701018.187500
1087861.628125
1478615.206250
1612840.315625
3487065.975000
3249471.900000
3216935.318750
3819177.143750
3358109.265625
2833304.684375
2362213.553125
2240029.256250
1890639.918750
873295.040625
473615.178125
443929.053125
272832.415625
111308.206250
51057.753125
3432.975000
1154.771875
969.240625
997.121875
566.546875
473.540625
119.256250
24.550000
18.000000
23.046875
21.846875
19.196875
21.200000
33.915625
22.031250
31.415625
33.831250
24.134375
22.593750
23.262500
26.175000
24.009375
24.265625
18.090625
25.375000
16.206250
25.681250
22.678125
20.640625
25.343750
30.331250
20.131250
31.050000
25.278125
27.187500
22.025000
20.543750
21.481250
26.584375
19.275000
23.500000
21.668750
24.028125
28.009375
23.509375
21.281250
18.090625
18.793750
31.150000
40.650000
24.143750
20.906250
18.115625
20.415625
24.418750
23.946875
35.412500
30.803125
17.925000
18.350000
24.309375
26.200000
22.221875
18.378125
15.812500
20.168750
31.440625
24.231250
31.900000
18.600000
25.087500
18.131250
26.181250
25.321875
20.190625
19.565625
25.190625
22.703125
28.718750
33.500000
18.662500
15.800000
22.625000
15.221875
21.062500
27.571875
24.100000
23.278125
21.834375
18.481250
25.156250
22.540625
24.443750
27.259375
18.521875
15.143750
46.896875
30.259375
28.203125
122.225000
63738.528125
257588.743750
397855.137500
759344.337500
853960.559375
793493.221875
1375011.831250
2208380.993750
1803354.150000
1829966.818750
1677271.250000
2011066.384375
1462363.350000
1241496.568750
1591265.696875
879607.453125
443961.096875
99498.475000
93381.400000
370068.181250
776835.456250
1461038.868750
2615162.740625
2771267.028125
8036675.550000
4703220.131250
4557159.737500
3902860.362500
1236495.287500
998660.584375
260024.706250
52738.675000
10769.184375
4234.800000
643.956250
713.971875
248.128125
109.650000
61.237500
32.456250
33.228125
20.290625
29.390625
23.693750
23.487500
26.353125
34.943750
29.200000
28.462500
26.268750
17.371875
19.253125
20.640625
18.696875
15.906250
19.006250
25.481250
27.246875
16.406250
20.212500
17.350000
22.375000
23.746875
26.393750
19.703125
20.278125
20.512500
18.956250
26.415625
19.493750
25.165625
15.968750
13.625000
19.400000
20.803125
19.106250
21.493750
18.156250
18.846875
15.434375
19.590625
20.584375
20.234375
22.959375
19.050000
18.565625
22.912500
21.331250
19.868750
19.681250
18.062500
20.750000
27.543750
22.228125
17.784375
24.365625
14.256250
18.634375
19.781250
19.546875
19.721875
22.206250
24.050000
27.918750
41.956250
28.171875
23.756250
17.512500
16.365625
20.000000
22.625000
28.453125
28.031250
20.737500
27.837500
19.309375
26.256250
19.290625
19.234375
15.159375
20.987500
21.396875
23.009375
25.337500
27.525000
16.553125
18.503125
27.437500
21.371875
23.534375
21.109375
24.740625
21.021875
46.721875
50980.328125
187926.943750
346980.821875
766517.556250
1009243.937500
1271472.925000
1289693.050000
1682238.737500
1521607.665625
1562927.725000
1440254.128125
1480103.828125
1198760.021875
823570.212500
767796.793750
497770.009375
297646.912500
277469.431250
108992.450000
27283.231250
4257.840625
2482.578125
889.934375
152.584375
77.265625
20.015625
19.721875
20.393750
16.171875
30.446875
26.631250
40.559375
24.125000
26.243750
23.453125
32.128125
38.037500
46.625000
23.331250
32.109375
27.493750
40.143750
22.259375
18.746875
23.253125
14.728125
19.918750
17.409375
17.503125
19.890625
24.990625
17.528125
24.643750
20.318750
17.981250
20.562500
18.356250
17.587500
23.487500
20.825000
24.278125
24.262500
19.725000
19.346875
23.203125
33.528125
26.715625
23.203125
20.990625
21.571875
22.759375
35.668750
27.603125
16.215625
17.503125
26.687500
34.171875
29.290625
25.406250
22.518750
20.559375
18.790625
28.025000
27.187500
21.018750
20.350000
19.434375
24.928125
29.521875
26.737500
19.653125
23.625000
18.000000
24.362500
33.900000
39.387500
23.962500
23.715625
20.740625
22.478125
25.965625
25.831250
26.343750
4219.728125
161007.215625
260848.012500
580170.618750
629804.556250
1351012.731250
2758299.350000
4031362.656250
3140672.368750
3112229.778125
3310113.462500
3993554.790625
2677651.975000
1572224.609375
983894.075000
245640.637500
892691.850000
1479369.834375
578657.262500
966829.537500
1065460.378125
1107032.809375
667482.500000
674237.656250
519690.109375
318238.834375
302427.443750
267953.771875
568333.159375
436688.118750
56952.009375
13731.953125
6686.793750
1128.653125
418.975000
135.450000
86.418750
48.118750
35.578125
23.506250
26.331250
26.362500
31.615625
21.156250
20.478125
22.987500
25.159375
31.790625
18.559375
29.606250
31.059375
35.668750
28.534375
26.834375
21.128125
26.125000
19.481250
30.281250
22.384375
20.225000
25.406250
16.903125
25.831250
28.556250
23.390625
25.256250
20.306250
17.678125
21.031250
29.493750
21.459375
25.065625
25.821875
22.296875
34.484375
22.037500
32.678125
24.590625
30.412500
25.606250
28.062500
29.821875
31.146875
22.637500
16.871875
20.940625
23.178125
24.934375
18.571875
22.737500
24.068750
21.634375
23.765625
34.834375
15.093750
22.737500
22.959375
17.987500
23.359375
37.740625
406.490625
100511.081250
250162.881250
549217.343750
637300.087500
866492.503125
2868614.234375
3327531.465625
2834831.296875
3702354.506250
3273589.146875
2571627.003125
1826612.071875
1082467.487500
425646.168750
728152.203125
1658158.593750
1389291.231250
1515857.484375
1592489.475000
2354814.234375
2226776.500000
1106691.015625
898363.125000
704913.743750
832119.362500
261413.540625
364525.056250
187195.359375
11751.278125
803.078125
462.153125
269.259375
202.875000
72.296875
44.250000
30.850000
25.493750
38.931250
21.184375
24.890625
31.531250
29.031250
23.359375
29.771875
19.137500
26.518750
19.918750
26.196875
17.340625
18.934375
20.528125
30.853125
20.931250
30.643750
18.975000
19.121875
17.718750
17.603125
21.615625
17.181250
19.696875
20.534375
16.240625
19.731250
26.821875
20.146875
21.746875
19.009375
22.937500
20.640625
27.043750
31.162500
36.350000
26.193750
20.834375
32.393750
27.090625
29.740625
24.140625
21.753125
21.493750
26.000000
29.331250
18.418750
21.137500
21.362500
20.653125
23.084375
18.984375
24.559375
27.409375
30.315625
17.034375
33.025000
48.912500
37020.809375
220191.068750
360484.531250
859212.859375
1082840.781250
2649535.928125
2272603.453125
2715779.559375
2528971.368750
2209075.134375
2350822.725000
1471891.900000
1037355.837500
363498.637500
1570378.181250
1861353.950000
1434976.403125
2365920.190625
1688834.190625
1237838.753125
1602468.300000
1885786.381250
1362286.812500
654158.421875
665986.815625
165473.787500
1670.490625
964.631250
554.543750
304.050000
143.765625
84.037500
59.400000
34.431250
27.090625
28.465625
34.059375
20.275000
27.975000
33.665625
21.328125
30.665625
23.100000
58.756250
39.212500
33.165625
24.800000
23.528125
21.034375
25.196875
23.081250
23.068750
25.306250
18.568750
23.512500
15.543750
31.228125
30.162500
21.171875
18.743750
20.296875
17.978125
27.728125
23.562500
19.565625
21.481250
29.296875
19.168750
29.012500
123.734375
61.143750
32.746875
22.165625
26.709375
31.453125
32.137500
51.809375
15.953125
18.996875
20.646875
21.584375
