0.212500
0.259375
0.193750
0.221875
0.218750
0.246875
0.262500
0.234375
0.237500
0.262500
0.221875
0.193750
0.190625
0.243750
0.256250
0.181250
0.246875
0.215625
0.256250
0.243750
0.246875
2414.193750
5967.715625
4221.706250
6143.221875
2442.831250
2973.709375
1842.471875
2731.090625
4283.443750
8796.915625
6576.140625
4048.084375
3719.906250
5231.415625
38940139.893750
26123769.765625
211594225.618750
219424159.993750
202172935.071875
195291444.900000
192608822.203125
320375794.234375
334931602.900000
314253434.896875
287556346.634375
267931710.087500
206997307.040625
190100573.359375
197383532.378125
170551814.118750
185091161.971875
213021202.956250
193732029.881250
184266396.193750
205742846.950000
204373973.503125
174549593.925000
196917203.687500
204542532.975000
202524276.353125
204218524.390625
198630386.000000
193619905.281250
179629238.084375
167037249.009375
86919900.256250
13380982.087500
286890.200000
45390.496875
14187.659375
13944.287500
12601.231250
12105.096875
5866.359375
2035.750000
1815.637500
1931.868750
2272.934375
807.125000
877.087500
938.831250
702.540625
986.053125
817.496875
958.596875
476.896875
573.496875
498.812500
824.484375
846.215625
631.921875
842.712500
863.871875
6516.925000
7419.943750
15501.446875
26414.984375
14878.309375
11327.762500
20131.831250
23638.521875
24519.237500
20937.696875
132427.865625
156342.318750
27438.387500
36732.984375
11852.671875
11512.984375
4047.831250
8855.221875
116717.453125
10157.584375
123765.731250
113369.781250
21688.728125
9736.334375
29438.275000
94060.671875
41056.771875
43205.559375
21742.606250
12229.150000
51645.559375
49130.578125
71116.509375
355864.025000
434202.750000
79519.253125
12619.556250
14336.909375
19135.221875
55896.837500
175805.556250
43934.565625
13385.037500
21220.278125
17679.553125
4158.090625
12426.743750
18517.000000
13850.406250
20409.340625
21546.821875
15410.462500
19110.915625
15897.290625
23066.653125
7504.118750
