SAMPLES:
16178
BITSPERSAMPLE:
16
CHANNELS:
1
SAMPLERATE:
16000
NORMALIZED:
FALSE
-5
-9
-13
-16
-17
-16
-15
-9
-12
-14
-12
-12
-12
-3
-2
-4
-3
-3
-3
2
1
-1
-1
-6
-2
1
-3
1
5
4
6
7
10
12
13
15
20
20
13
10
12
18
15
13
19
22
22
25
27
28
25
24
25
24
19
15
11
9
6
6
5
5
5
-4
-6
-2
-3
-6
-11
-11
-13
-21
-25
-19
-20
-17
-16
-17
-23
-28
-29
-31
-29
-26
-29
-29
-29
-31
-25
-20
-17
-15
-14
-16
-9
-5
-4
-1
-4
-1
2
7
6
9
16
15
15
18
13
14
15
16
18
17
18
14
14
16
12
15
14
11
11
13
15
17
21
22
21
14
14
14
14
10
1
-6
-6
-8
-12
-11
-9
-10
-7
-5
-7
-7
-7
-10
-10
-11
-11
-17
-21
-18
-15
-16
-13
-9
-8
-6
-6
-4
-11
-10
-7
-6
-4
-6
-7
-3
0
2
5
7
9
9
8
10
10
7
4
2
4
4
9
7
8
14
12
15
17
16
10
9
5
1
1
3
6
6
8
8
4
2
3
-2
-6
-10
-16
-16
-16
-20
-22
-23
-16
-16
-13
0
3
5
7
6
1
-3
-5
-12
-17
-17
-15
-8
-3
-2
-1
1
3
10
14
17
15
10
9
10
6
7
9
6
12
18
16
16
19
19
18
19
17
19
15
9
5
-2
-7
-6
-8
-15
-16
-13
-11
-13
-15
-14
-14
-13
-16
-14
-11
-12
-14
-14
-13
-17
-18
-20
-22
-15
-11
-8
-1
3
3
1
3
1
-3
-1
-1
-1
-4
-6
-2
1
1
1
0
1
4
12
15
16
20
15
16
19
14
13
12
6
6
3
8
6
5
7
0
4
6
6
4
0
-3
-1
3
3
-3
-2
-1
1
3
-1
-4
-9
-12
-16
-16
-13
-11
-9
-5
1
4
11
10
9
10
8
9
7
5
4
3
2
-2
0
7
14
18
20
22
20
18
19
15
11
1
0
4
-5
-11
-17
-16
-15
-12
-10
-13
-8
-7
-10
-13
-18
-23
-26
-28
-29
-32
-27
-25
-25
-22
-16
-17
-15
-7
-7
-6
-2
0
-1
3
4
1
2
4
7
6
10
15
14
17
20
20
27
30
24
22
24
22
23
18
12
11
11
6
7
9
7
8
7
5
3
2
-2
-6
-11
-14
-12
-12
-13
-14
-14
-16
-18
-18
-19
-16
-13
-14
-11
-8
-7
-3
-1
-1
-4
-6
-1
-1
1
3
9
13
15
14
10
14
14
15
16
13
12
11
12
12
9
10
13
8
3
7
8
7
2
3
5
-5
-9
-7
-4
-13
-2
-1
0
1
0
-2
-8
-6
-12
-12
-12
-6
-25
-3
-6
-11
-10
-17
-3
-19
-16
-10
-10
-10
-15
-14
-7
-21
-13
-23
-15
8
-17
-5
7
-2
-7
-4
-3
3
5
1
7
10
11
15
16
16
19
16
17
21
19
4
16
22
9
16
16
18
19
11
16
16
9
5
3
-1
-7
-4
-1
-2
-7
-3
8
3
2
9
5
-3
-9
-14
-10
-12
-13
-11
-8
-3
-13
-13
-3
0
-4
-7
1
0
-8
-13
-10
-16
-23
-21
-24
-22
-15
-13
-15
-10
-2
-8
-2
-7
-17
-4
0
1
-4
7
7
0
4
5
11
17
9
11
25
23
22
22
25
22
11
5
15
13
6
16
22
20
24
23
19
24
19
7
12
19
10
2
8
7
3
-4
0
4
-2
-5
-2
-2
-6
-4
-2
-11
-10
-11
-16
-12
-12
-12
-15
-21
-19
-21
-21
-16
-19
-23
-25
-24
-22
-27
-26
-24
-26
-30
-30
-21
-22
-27
-24
-19
-24
-16
-10
-10
-16
-12
-6
-6
-6
-4
-4
-6
3
8
12
18
25
24
26
28
31
38
33
32
31
29
29
26
27
25
23
25
29
32
32
32
30
25
22
20
17
18
17
14
12
11
7
6
1
-3
-1
-3
-3
-2
-8
-13
-14
-12
-13
-10
-13
-16
-21
-21
-16
-19
-17
-17
-19
-16
-14
-18
-24
-20
-18
-20
-17
-17
-16
-13
-10
-9
-7
-11
-15
-15
-15
-16
-16
-12
-9
-3
-3
-4
-4
-5
3
5
0
-1
-1
-2
-4
-1
2
6
2
6
9
7
9
6
12
15
15
15
14
17
17
21
21
20
24
26
22
14
14
12
9
13
9
5
10
5
4
3
-1
-3
-5
-3
-3
-11
-8
-9
-14
-10
-16
-17
-20
-22
-18
-18
-13
-12
-13
-11
-9
-12
-8
1
0
-1
0
1
1
-3
-4
-2
1
5
2
0
4
2
8
7
3
2
-1
-2
-7
-8
-8
-8
-6
-1
8
9
14
18
17
15
13
12
14
12
16
17
9
6
6
7
6
5
4
3
-1
0
4
6
9
4
3
1
-6
-8
-9
-5
-3
0
5
2
-1
-2
-2
1
0
2
-1
-5
-7
-3
3
-3
-4
-4
-8
-9
-3
-3
-10
-12
-13
-16
-14
-14
-16
-11
-15
-17
-11
-11
-10
-5
-5
-9
-4
-2
1
2
0
-1
-5
-4
-5
-8
-9
-7
-4
4
7
11
17
16
14
11
7
-1
-1
-7
-12
-11
-14
-8
-5
-2
2
-4
-6
-2
0
-5
-1
4
11
14
14
12
9
11
12
10
7
10
9
8
6
5
9
9
11
16
18
18
21
21
15
7
5
4
8
8
7
8
10
14
12
15
14
12
13
15
17
11
8
2
-3
-3
-2
-3
-7
-5
-7
-9
-12
-12
-9
-6
-9
-15
-20
-18
-15
-18
-18
-19
-18
-22
-29
-29
-27
-26
-26
-31
-32
-28
-28
-26
-17
-22
-26
-20
-15
-15
-14
-13
-14
-10
-8
-6
-3
1
2
6
14
17
14
18
23
22
24
27
28
27
29
31
27
27
25
24
27
28
26
19
17
17
15
13
8
4
2
0
2
-3
-5
-2
-2
-3
-2
-6
-6
-4
-7
-3
-3
-6
-6
-3
1
1
6
5
0
3
0
-5
0
3
3
-7
-9
-7
-6
-2
-4
-5
-5
-4
-4
-6
-9
-13
-13
-11
-5
-2
-2
-4
-4
-4
-4
-3
-2
2
-1
-1
1
-2
-3
-4
-4
1
-4
-6
-2
0
0
0
1
3
7
4
-5
-7
-10
-10
-1
1
0
3
5
6
6
5
5
3
1
2
4
5
1
1
1
-1
2
5
8
6
2
0
-2
2
2
4
7
8
7
5
-1
-1
-5
-8
-12
-17
-15
-15
-15
-13
-9
-10
-8
-7
-9
-10
-7
-5
-3
-2
5
5
4
6
8
12
10
7
4
5
9
7
12
10
10
13
1
-1
1
1
0
-4
0
2
4
7
8
4
1
-4
-4
0
1
-2
0
2
5
5
6
10
8
10
12
10
12
8
2
6
5
0
1
-2
-4
-2
4
4
5
3
3
8
4
5
4
-1
0
-8
-12
-13
-16
-13
-13
-14
-9
-9
-6
-1
-1
-4
-7
-10
-10
-12
-12
-9
-17
-20
-21
-19
-16
-12
-11
-12
-11
-14
-6
-8
-9
-5
-8
-6
2
4
4
6
4
7
15
16
12
12
10
5
3
6
3
1
3
8
5
9
13
8
8
8
5
5
7
6
5
11
15
19
17
11
15
16
14
14
15
11
9
12
18
22
16
15
13
7
8
5
8
7
2
-5
-13
-18
-17
-18
-16
-14
-17
-16
-16
-17
-20
-20
-19
-21
-20
-23
-20
-22
-24
-19
-19
-17
-22
-24
-15
-13
-9
-2
1
2
0
3
2
-1
3
1
0
4
10
14
15
16
16
17
16
19
19
18
14
13
12
9
8
10
11
8
7
12
12
5
3
6
1
2
0
-2
1
-4
-4
-5
-7
-8
-6
-3
-4
-6
-4
-1
1
2
5
3
0
2
0
-1
1
-2
-5
-12
-13
-10
-12
-17
-13
-18
-21
-15
-16
-9
-4
-3
-2
-5
-2
2
-1
0
-2
-2
5
9
18
23
22
25
24
26
25
17
18
19
21
24
23
20
15
19
14
9
4
-3
-5
-5
-11
-17
-13
-11
-10
-10
-15
-16
-17
-19
-22
-26
-25
-27
-30
-32
-36
-36
-31
-24
-20
-14
-8
-2
1
2
1
-1
0
2
1
-1
-1
-3
-2
2
8
10
15
20
24
24
17
19
19
21
19
13
12
9
9
13
11
9
10
9
8
10
12
9
5
8
8
9
14
16
14
6
3
2
2
1
0
7
10
6
4
0
-4
-4
-2
-8
-12
-8
-10
-9
-8
-10
-11
-10
-10
-13
-8
-5
-9
-12
-9
-8
-11
-6
-6
-8
-11
-13
-18
-19
-17
-17
-14
-13
-13
-8
-9
-10
-5
-10
-8
-6
-9
-5
-8
-4
-2
3
7
6
9
10
14
21
17
16
15
11
12
5
4
6
3
1
2
6
6
7
11
10
10
4
3
5
3
6
5
3
2
2
1
-2
1
-1
-6
-5
1
5
1
4
10
10
13
13
15
15
13
14
11
7
2
-1
-2
-1
-4
0
0
-3
-1
-2
-5
-4
-3
-7
-13
-20
-19
-11
-11
-12
-12
-9
-4
-10
-5
-5
-1
36
-3
-43
-31
3
31
2
-23
-32
-19
-7
0
46
23
-58
-71
-30
29
13
-31
4
0
-95
-130
10
184
152
-46
-201
-157
29
302
331
-19
-297
-231
173
443
281
52
-39
-68
-37
244
453
310
32
-90
110
134
-104
82
512
516
-145
-807
-489
429
730
115
-545
-687
-437
-164
-105
60
45
-536
-897
-634
-281
-189
-151
22
-65
-711
-1254
-411
958
951
-72
-785
-425
398
683
756
961
683
20
1
746
1316
1211
861
891
765
115
143
1169
1719
946
-283
-515
105
409
253
260
116
-642
-1241
-1038
-413
-76
-366
-874
-1330
-1719
-1439
-636
-259
-656
-1415
-1727
-1444
-987
-542
-288
-608
-1323
-1444
-831
-234
-53
-419
-641
-498
-651
-462
160
329
124
-351
-463
100
664
726
489
628
255
-166
594
1478
3096
2285
-1398
-1278
2324
5528
3811
-785
-711
3218
4581
1212
1268
4873
4036
749
-1351
2551
6687
2109
-818
2125
3463
-125
-3147
1352
5995
2052
-6062
-5096
2939
1845
-3766
-4459
-945
500
-6034
-7832
-1299
305
-4317
-7454
-4378
-2355
-5690
-6862
-3005
-137
-5089
-9198
-4633
-923
-2208
-5046
-4390
-919
-2551
-4973
-2167
1099
492
-2402
-1804
1058
1413
554
1088
3630
3642
1145
2028
4254
5453
5291
4258
5091
5292
4797
5600
6805
7267
5594
5057
5513
5448
6119
5532
5611
5042
2651
2913
3574
3503
2585
1044
924
-21
-1004
-1251
-865
-901
-3413
-3867
-3567
-4143
-3904
-5359
-5004
-4884
-6040
-3670
-4417
-7608
-7784
-4166
445
-2714
-8453
-7344
-296
1795
-4320
-4011
1103
2209
-1410
-5094
2197
7635
1160
-2391
1808
6438
2699
-2501
2701
9656
5786
-4688
-2472
8285
7140
-757
-3399
3206
6700
-2433
-5335
2157
5001
-976
-6250
-1520
2192
-2393
-5763
-1759
2696
-3256
-8623
-3373
1562
-543
-6286
-5335
393
-1383
-5360
-3586
848
595
-4249
-3936
370
1472
-698
-1340
1890
2179
-502
296
3476
5269
3111
1635
4001
5027
4281
4061
5669
6837
4585
3264
4423
5601
5186
3945
4268
3616
1782
1129
2086
3316
977
-1520
-872
-389
-1302
-2704
-2386
-1697
-3213
-5148
-3927
-659
-2890
-7286
-5976
-1215
1215
-3613
-8145
-3741
1866
-106
-4614
-2578
2075
1821
-2729
-3746
3240
5463
-524
-1700
2730
4903
893
-2388
3189
8458
2843
-4809
-854
7046
5031
-2240
-3349
3513
4934
-3647
-5786
1179
3736
-2056
-6826
-3078
681
-3424
-7126
-3112
541
-4278
-9181
-5672
-327
-1815
-7005
-6241
-1326
-1946
-5694
-4513
-124
537
-3037
-3576
315
1945
301
-19
2698
4054
1769
1502
4482
6496
5406
3539
5105
7031
6358
5328
6196
8075
6921
5129
5326
6200
6911
5069
4191
4764
3225
2401
2071
2137
1741
-756
-1950
-1642
-1157
-2640
-4470
-4108
-4918
-5166
-5823
-5873
-3058
-5587
-9095
-7542
-3659
-628
-4367
-8348
-5558
-211
-282
-4455
-1871
2391
2063
-1308
-3426
3791
7997
2531
507
3472
6306
3876
721
5225
10099
6039
-2265
-19
8304
7125
761
-1899
3206
5920
-2571
-5789
744
4010
-1067
-7810
-5739
-1225
-3767
-7813
-5779
-2014
-6444
-11965
-8999
-3672
-3797
-9472
-10274
-4818
-4968
-8895
-7822
-2857
-1078
-5330
-7047
-2238
1073
-379
-1565
1840
4563
2176
1456
4596
8620
8855
5532
6992
9834
10045
9540
9882
12547
11842
9411
9185
10600
12293
9662
8356
8789
7092
6074
4401
5005
4722
1252
-227
-983
-1170
-3454
-4972
-4095
-6160
-7711
-9132
-7753
-6624
-11763
-12639
-9007
-5960
-7909
-13513
-11932
-6267
-4316
-7978
-8958
-3443
-2288
-4698
-5840
-1976
4361
1665
-2248
927
4651
4491
1757
3931
9285
8326
1984
1001
8886
11605
5512
1925
4875
9549
5870
-785
2615
8042
5382
-1432
-2959
1924
2593
-2420
-4227
-1052
-1055
-7013
-8442
-3705
-1982
-6043
-10766
-8246
-4156
-6928
-9465
-7516
-4468
-5394
-9081
-7576
-3186
-1885
-4126
-4413
-870
62
-335
103
2720
5873
4063
3251
5414
7385
8408
7862
8764
9779
9162
7914
8875
11539
10369
8543
7674
7510
8402
6363
5532
6011
3985
1945
1114
1501
278
-1872
-3401
-3755
-3256
-5824
-5829
-5373
-8919
-9304
-7633
-4887
-5544
-11009
-11241
-5868
-3045
-6711
-8167
-4152
-1991
-3325
-6617
-3145
3950
1645
-2576
-850
3267
4341
896
1480
7587
8140
885
-1163
6651
10779
5441
-322
2516
9326
5915
-2101
535
7534
6431
-1413
-4445
1342
3844
-1740
-4729
-1087
-46
-5801
-8605
-4155
-888
-4990
-10778
-8591
-3854
-6100
-9980
-8519
-4435
-4958
-9508
-9419
-4084
-1832
-4855
-6040
-2765
-167
-925
-1713
1226
4662
4037
2241
3997
7230
8099
7736
8205
10091
10352
8435
9280
11753
12454
10651
8417
8960
9629
9077
7785
6639
6414
4612
3411
2742
1713
1258
-1295
-2333
-2293
-2499
-2616
-7272
-9206
-6310
-3361
-3636
-10211
-12237
-7397
-3686
-5719
-10049
-6882
-2950
-4434
-8050
-8244
-376
2058
-3493
-5014
-1979
2030
498
-2269
2254
6512
3056
-3653
-958
8140
8511
1363
-2679
3855
9380
1875
-3571
2058
8605
4986
-4937
-4353
4010
4456
-2783
-5299
141
744
-5872
-7718
-2315
929
-5081
-10715
-6475
-1861
-4698
-9171
-7153
-2102
-4119
-9046
-7683
-1772
282
-4665
-6021
-821
1369
-82
-799
2506
5976
3868
2171
5546
9753
8873
6739
9242
11313
10933
8991
9273
13902
13315
8675
8173
10002
10864
8885
6142
5946
6188
3838
1648
2252
1746
-1262
-3897
-4500
-3104
-2336
-5731
-10475
-10875
-7834
-4305
-6092
-12677
-13826
-8796
-4977
-7956
-11654
-8091
-3778
-5038
-10148
-9353
-594
1570
-3597
-5855
-2069
2492
114
-2020
3109
7759
3830
-3351
552
9945
10064
2732
-576
7128
11325
3293
-921
5437
11976
7069
-2449
-752
6564
6345
-377
-1761
3086
1430
-4949
-5555
-332
1540
-5585
-10133
-5791
-3016
-6463
-10270
-7860
-4073
-6887
-11398
-10170
-4424
-3385
-7724
-7935
-4613
-2123
-2971
-4356
-49
3096
1266
34
2525
6848
7342
6143
6944
9439
10474
8031
9677
13137
12318
10667
8859
10279
12403
10086
8369
8330
8241
6402
4739
5009
3707
2273
-332
-673
2735
-1068
-7149
-7875
-3901
1363
-3841
-13054
-12290
-4353
-1770
-9069
-12228
-7173
-2675
-5646
-13383
-9246
85
-1542
-7034
-8684
-3475
322
-4552
-5595
1067
4554
-2221
-8109
-888
7388
5371
-3476
-4110
6873
7395
-2147
-3296
5131
10923
2338
-5864
724
8390
5234
-2731
-863
5506
2298
-3903
-3281
3889
3936
-5397
-6788
-1126
1045
-3255
-7605
-3433
-435
-4965
-8560
-5436
-167
-2063
-6309
-5723
-2155
-260
-3211
-2436
2277
1798
-605
-285
3785
6757
4636
3524
6246
8725
6523
5167
9296
11184
9451
6425
5878
10057
9905
6574
6349
6945
6301
3561
2700
3956
3948
1134
-2643
394
2245
-3340
-6705
-5856
219
1642
-7943
-12676
-6561
451
-2511
-9285
-8551
-3438
-1144
-7607
-10046
-1030
1176
-3987
-7232
-5087
1143
-659
-5863
-2121
4034
886
-7209
-4734
4474
6574
-1559
-8148
1186
8841
417
-6491
-1618
8209
6532
-5734
-6223
4599
7789
-733
-5392
891
4537
-533
-5454
-705
5505
-397
-7320
-4406
1613
1715
-5102
-6471
-349
239
-5266
-6908
-1721
2035
-1581
-6117
-3989
1367
778
-2394
132
3380
1987
-921
323
6510
8143
2892
1752
6585
8923
6221
4356
7552
10905
8214
3299
4633
9448
9210
5326
3450
4523
5421
3163
899
2421
2684
54
-27
-719
-3745
-5508
-3704
1831
688
-8841
-12949
-4956
2192
-3006
-9052
-7321
-1659
-1608
-10151
-8581
2562
3207
-4734
-9508
-4235
3384
348
-5296
-1056
5405
-259
-8819
-3948
6949
8810
-3266
-10254
1716
8851
136
-6791
-835
9114
4202
-8308
-6011
6559
8288
-2201
-5435
1540
4307
-1307
-4995
2313
7031
-1320
-7685
-3471
3474
2818
-4187
-4733
208
-911
-5604
-4691
275
1489
-3430
-6734
-2615
787
-1835
-3126
439
2175
-1112
-3798
-689
5658
4989
-389
907
4154
4136
3083
3347
7162
7334
2261
1627
5561
7103
4997
3902
4557
4242
2574
802
3390
5608
1243
867
3172
181
-2431
-2959
2875
7871
-282
-9214
-5565
4362
4136
-2813
-3824
-76
3390
-2974
-8105
1632
6828
1747
-3424
-4627
676
2151
-1757
29
4731
1696
-7358
-6998
1751
6229
1057
-9201
-6116
2819
-1259
-7606
-6534
1141
3301
-7760
-13249
-4974
2975
-643
-8132
-6994
-2925
-3117
-6479
-5445
1255
-34
-6615
-7184
-3264
1118
-132
-3359
-1191
-3
-2655
-3607
-21
4593
3519
-1390
-2533
1301
4143
2716
3391
5738
4095
1463
1199
6425
10579
6125
3063
5470
8041
7024
3777
6211
10802
8962
2952
1016
5608
8306
6209
3134
1629
2844
980
-1342
1356
1506
1025
187
-5467
-6957
-4756
-554
3370
-2154
-10657
-10653
-2045
1034
-3386
-4817
-4116
-722
-3059
-9692
-2298
5960
2811
-2716
-6003
-1137
3965
152
-1344
4680
6759
-2513
-8026
-703
8567
8529
-4390
-7943
3707
4858
-3533
-6828
914
8977
-562
-12780
-7952
4627
5148
-5653
-8077
-1968
-303
-6005
-8572
680
4375
-5185
-11022
-6314
2118
1206
-6157
-4506
1220
-676
-7144
-5854
3803
6483
-1053
-6504
-1820
5271
2745
-744
3510
6883
3458
-2403
919
9900
9741
3227
1074
6188
8476
3691
3480
8398
9724
4367
-556
3535
8523
6323
1578
901
4442
2878
-2191
-1564
1477
4886
2184
-6951
-8042
-3084
2763
3821
-3667
-9441
-6828
306
-304
-4046
-2754
-1022
1556
-3519
-9472
-716
6485
3937
-1216
-4863
-374
3663
-31
-204
6376
6881
-2859
-7183
-186
9036
7546
-5631
-6123
4662
3340
-5660
-8312
1465
8845
-2730
-14924
-9081
3531
2799
-7468
-9151
-3534
-2336
-8626
-9792
-87
2162
-7022
-11852
-6531
897
-942
-6582
-3651
1620
-1128
-7544
-4800
5036
6907
-90
-4745
201
6186
3808
1670
5547
8953
4682
-754
4008
11613
11372
4778
2286
8367
10572
5492
3931
8171
11075
6651
552
1801
7282
7989
2726
607
1118
-163
-531
-1178
3021
3339
-6978
-10312
-4421
3645
2618
-8239
-12026
-4439
1888
-4033
-8615
-4437
-466
360
-6522
-9468
-506
3205
347
-2124
-3832
-575
1972
-324
319
4342
3818
-1253
-2242
1303
6071
4871
-2947
-1300
4982
2658
-2968
-4747
2058
6770
-1240
-9069
-5689
2285
1764
-5442
-7334
-2900
-673
-6284
-9169
-3127
340
-3507
-9192
-7867
-1208
-1604
-5867
-4778
-704
-431
-5275
-5779
702
4369
1155
-2823
-508
3270
3183
2799
3714
5972
5325
2689
4507
7054
7831
7271
6255
7142
6791
6120
6895
8019
8699
5469
3910
5183
5771
5863
2685
2928
3410
815
-944
-1217
4989
2686
-6845
-8439
-2855
6031
1323
-10882
-11358
-1773
2660
-5066
-9066
-5089
-61
-1260
-10356
-8247
1992
1381
-3458
-6265
-3893
2009
-1213
-4862
1140
5933
59
-7206
-2714
6646
8170
-2964
-8317
4197
9216
-890
-8422
-2456
10015
6030
-9039
-9663
2552
7220
-2153
-8425
-2781
2686
-2047
-9232
-3605
4409
-294
-8395
-8153
643
3232
-5469
-7334
798
3732
-3519
-8920
-947
7927
3205
-5968
-4271
5703
6164
-1137
-1085
5963
8776
1181
-2521
5295
10652
6994
759
2908
9155
6982
2248
3180
9077
9504
1380
-944
4944
9335
4549
-1241
825
3911
2453
-3365
647
6558
-1326
-8874
-6974
4215
7122
-6099
-14051
-4789
5233
-1533
-9317
-6839
143
2773
-7727
-11621
-34
4227
-954
-5621
-5606
1009
1836
-4286
-2126
5642
3521
-5392
-5891
1951
9311
3298
-8256
-2568
6915
3269
-4914
-5675
4131
7780
-3318
-10630
-3044
5628
1632
-6254
-6101
6
1154
-6721
-7563
1283
3382
-3152
-9593
-5635
3950
2488
-5378
-5127
1874
3332
-2715
-5087
1324
7971
3432
-4090
-890
5128
5269
2416
2209
5801
5760
701
415
7253
9328
3791
872
3244
7110
6173
751
2070
7172
5453
500
-415
3064
4670
2197
-1381
-611
1826
-1881
58
3628
-2386
-7401
-6959
2862
8350
-3738
-14781
-7597
6066
2948
-6940
-7712
-1192
4354
-4736
-10905
292
5763
369
-4701
-4668
1730
2678
-4104
-1983
7888
6008
-6155
-8863
1261
12370
6582
-10029
-6819
7240
6279
-4935
-9095
2503
10617
-1692
-14344
-7275
6393
4800
-6340
-9490
-2643
1391
-6133
-9016
168
3488
-3447
-10702
-7014
3938
2914
-5950
-5304
3104
4736
-3681
-6614
2397
10591
5258
-4442
-837
6921
6420
2615
2447
8021
8239
731
-86
6942
10792
6328
837
1988
6607
6860
2188
2020
5467
4843
1329
-625
1650
4673
2886
-1982
-1680
-808
-43
4134
-244
-6524
-7518
-2014
7345
2993
-10977
-13154
820
6417
-2837
-9013
-6311
3665
2461
-10976
-8281
3961
4899
-1075
-7619
-5128
4063
1502
-4797
318
6420
909
-7360
-5833
5488
11391
-2481
-11451
926
8969
1225
-10159
-6520
9188
8017
-9173
-14203
-953
7496
-331
-9267
-7230
746
-1457
-9449
-5420
2566
744
-7415
-9589
-694
5288
-1886
-7293
-432
6866
2847
-5321
-2034
8567
10198
1186
-1665
6476
9336
4962
2825
7357
11193
4753
390
5955
10662
7916
1485
1775
7061
6503
1251
870
4811
3795
-256
-1990
1405
4347
-858
-5494
-1800
1316
-2716
-1943
-262
-3048
-6649
-10036
636
9097
-3358
-16573
-9547
5294
4336
-6398
-11165
-773
7491
-5528
-13206
-820
8334
4229
-5719
-8968
2385
7174
-2139
-2847
5353
6435
-2135
-7552
121
12362
7006
-8669
-5142
7057
6135
-4541
-8795
3280
10484
-2836
-14134
-5828
5502
1759
-7833
-8431
-1138
-922
-10421
-9795
1207
2878
-6737
-12940
-5826
3895
383
-8249
-4975
4759
4311
-4808
-5681
4907
11354
4826
-2124
3415
9997
7161
3585
7024
12709
9285
2220
4002
10892
12037
5464
3506
7484
7402
3402
1837
5576
7100
1886
-2901
-123
4012
2088
-3419
-4200
-333
-2850
-1789
-285
-3742
-6574
-11486
-2525
8163
-292
-16336
-15170
2461
6886
-3139
-13830
-8171
7808
675
-13591
-6894
4680
6647
-1554
-11040
-2722
7420
-134
-3908
4156
7402
-845
-9384
-3839
13452
12379
-9125
-11023
5452
11584
-988
-14101
-1818
14702
4191
-16125
-13587
5508
8654
-5803
-14634
-5146
4254
-6213
-14057
-4206
4730
-1105
-13676
-11535
3252
5713
-6211
-10164
1989
8222
-1064
-6749
799
13217
10025
-2793
460
11326
13038
6392
4316
11564
13259
7330
4021
9865
15852
9149
3540
6589
9168
8058
3980
3799
7505
4302
-2309
-1840
4085
5224
-2360
-6789
-5311
-2029
3355
-2007
-8833
-10695
-9492
1536
3592
-7633
-17991
-10789
2526
453
-7925
-13896
-5945
5267
-4765
-13527
-5502
1203
2627
-2332
-8601
-1713
2168
-4514
-1603
7227
5356
-4198
-9334
-856
14766
7838
-10553
-5874
8901
10070
-4732
-13523
3065
17043
3029
-16536
-11185
7376
9070
-4723
-12799
-2773
4685
-6853
-12548
-2518
6265
-711
-14619
-11316
4061
6266
-6574
-10848
2377
8889
-1629
-8701
-369
13806
10413
-2971
-719
9660
12309
6032
4917
12320
13028
6817
3282
10066
16487
9995
4101
6531
10412
8842
3820
3367
8589
7765
-941
-3133
3258
7197
895
-6641
-6307
-2430
5831
-392
-9595
-10701
-10109
2554
4576
-7742
-18682
-11040
2095
983
-7373
-15452
-7346
4327
-5240
-12813
-5442
-607
-161
-3836
-9526
-764
2657
-6843
-4165
4894
5315
-3032
-10096
-3343
14072
8437
-11341
-8233
7680
12057
-2430
-14952
-124
16142
4580
-14839
-10633
6820
8340
-5231
-12973
-1765
6515
-5972
-12615
-3215
5727
245
-12587
-10332
4439
6673
-6177
-9975
1605
8259
1038
-6167
445
12129
7712
-2470
2011
11940
12689
4932
2910
11363
14315
7968
4432
9597
14619
10057
4906
5812
9410
9591
5747
5087
5733
3539
572
478
4504
4358
-1857
-6009
-3452
-4136
2619
1451
-7938
-10584
-13942
-63
6953
-4308
-20015
-14832
1469
1905
-6981
-15446
-8259
5381
-4486
-16161
-6997
1905
1939
-3452
-11668
-2951
4746
-5117
-5061
4582
7285
-1388
-10100
-5137
13668
12200
-8340
-8960
6628
11935
-321
-12614
-295
16330
6297
-13700
-11082
6165
9162
-2935
-11828
-3322
5202
-5793
-12101
-3047
5484
25
-12467
-11653
2888
6435
-5564
-9401
414
6543
-500
-7028
-642
11927
8530
-3135
-557
9160
12017
6502
3533
9325
12521
7693
3703
8637
13658
10401
5989
4943
7309
8517
6535
5700
6546
3662
199
170
3896
5119
785
-4664
-3312
-4869
1730
4606
-5122
-9154
-14654
-1025
9335
-772
-19261
-16477
2205
5039
-5192
-16579
-10875
6111
179
-15114
-9612
-809
1532
-851
-10188
-5424
3394
-5110
-6122
3066
6422
-662
-10365
-7846
11180
13085
-7833
-12355
4265
13883
1998
-15356
-6117
15685
10638
-12056
-15431
2827
10973
-854
-13244
-5861
6898
-1977
-13438
-6877
5904
4657
-10315
-14557
766
10409
-1650
-11640
-2016
9851
5276
-5967
-4117
11320
13794
364
-1838
8643
14719
8948
2783
8487
14035
10616
4147
7440
14112
10906
4968
4561
7404
9324
5194
2555
5777
4238
-816
-2242
2690
5804
-1504
-6171
-8968
1801
7899
-7908
-10663
-11487
-458
6705
-3756
-14977
-13378
-1976
578
-1672
-8755
-12502
-2569
-611
-9534
-6628
-2720
-2058
-242
-8819
-8433
3504
-2025
-6414
-591
3831
2103
-6791
-10913
4575
15528
301
-12613
-4471
9006
9879
-6267
-11372
6423
13179
-3150
-15068
-4420
10199
6892
-9855
-12586
3282
4798
-8871
-10633
543
8236
-4293
-17277
-6097
10111
5432
-9668
-9709
5443
10214
-3283
-7560
5957
15633
6092
-5267
1785
14677
14980
3614
3900
12916
12342
5896
4738
12462
16093
7382
948
5318
11267
7787
2484
4215
7035
3190
-4353
-3024
6833
5602
-3512
-12868
-874
10388
-4114
-13594
-14260
4802
11708
-6121
-21866
-12055
4526
3002
-5429
-11699
-8660
593
-4139
-12096
-4703
-43
-1045
-2408
-11235
-8532
2294
-1682
-2762
-178
-1201
-3200
-6364
-5074
7227
8786
-5352
-9271
150
7337
3368
-7375
-4352
9378
7387
-8224
-12766
760
12152
4354
-12135
-11714
3606
5642
-6251
-10793
-1171
7160
-3409
-15338
-6581
7784
6062
-7605
-10363
2275
8475
-836
-5807
3718
12008
6225
-2979
1024
12332
14585
6013
3101
9977
13152
9140
6686
9709
13880
9821
4391
5879
9555
8555
4519
3765
6352
3260
-1797
-1013
4059
3330
-2222
-9726
-4014
8638
-2858
-10037
-13986
-3735
9211
587
-14895
-17417
-2986
2738
326
-7320
-13590
-4748
765
-7476
-7106
-4339
-3204
2523
-3977
-12486
-3678
-1143
-169
2524
-2007
-4893
-4828
-5321
2506
10026
-400
-8705
-3581
4181
6048
-2793
-7753
4526
10862
-1760
-12596
-6528
7704
10522
-3780
-13350
-3593
4325
-1327
-6784
-3802
4352
-75
-11701
-9365
4279
8032
-3478
-9947
-1335
7607
2725
-5792
-875
10919
10174
-658
-2386
6380
14094
10657
4493
5770
10114
9617
7884
9413
11470
10549
5442
4837
8550
9152
5825
3863
4856
5046
776
-1716
2092
2896
-283
-8627
1280
4401
-5718
-12204
-12845
6592
8601
-8327
-20492
-9781
2943
1016
-6303
-9611
-5007
-741
-9061
-11655
-1149
1263
-3204
-6026
-9854
-2494
331
-9308
-4620
4707
3854
-6579
-15128
-5857
12825
8985
-9375
-11031
1837
8454
-770
-10549
-838
12938
6165
-11469
-12046
2442
11741
4210
-9550
-6975
3264
530
-6234
-4179
4405
5990
-6623
-13238
-985
8307
2627
-4930
-3755
4337
3310
-4643
933
9671
8338
101
-903
7318
10732
6112
3866
10690
13647
5431
1407
8448
15961
13128
3413
1478
9557
11534
4747
2455
6644
8958
962
-4365
262
7075
1781
-9434
2090
6128
-3211
-17194
-14418
13037
14898
-11971
-29675
-9517
11840
5745
-12126
-16366
-1137
6113
-10821
-18249
-3570
5828
2787
-8313
-17627
-4653
2941
-4756
-5116
-339
274
-6972
-14215
-6243
11118
6510
-10821
-12101
1026
6707
-2853
-11672
-1296
12156
5422
-12107
-13691
1573
11830
5851
-8523
-8805
1835
2372
-3788
-3940
4306
6611
-3735
-12130
-2153
10416
6280
-3767
-3884
4511
7015
-1154
-1401
9696
12930
3948
-3220
2614
14330
13664
4583
2276
9398
13056
6671
3450
8808
14138
9946
271
1068
10293
10612
4104
495
3316
4957
-770
-2297
2296
5354
-5282
-5158
1580
-169
-4483
-15013
-2508
10128
830
-17592
-16920
-779
6903
463
-13227
-12060
1488
-214
-10757
-8403
-2070
2759
915
-13993
-11104
2386
-1294
-3515
-3588
-2432
-1564
-9145
-11271
3614
8828
-4109
-12421
-6922
3508
4279
-7110
-9357
3305
6611
-4335
-11010
-5961
5400
6627
-5439
-9226
-882
2923
-1634
-6131
-2066
5508
2821
-7034
-5543
3772
6089
2303
-2197
533
6717
4118
2102
5457
6807
7240
6151
6117
7606
9204
9000
9017
8971
8025
8745
10418
8759
7414
8068
7070
6985
5473
4911
6796
4756
1987
229
501
2722
2229
-2727
-5704
3963
505
-6044
-11698
-7893
9639
4330
-14353
-18962
-1983
5745
-1705
-11279
-10856
1267
1146
-12468
-10642
17
609
-1532
-6962
-12047
-1111
-1031
-6907
-2502
-1299
-1791
-6149
-12526
-5057
7731
1648
-10317
-10327
-1562
3445
-2367
-9636
-2950
5060
-195
-8942
-7941
-238
5638
1374
-8450
-6705
609
1331
-1481
-3628
-195
2180
-2457
-6019
1640
7221
2072
-2329
-391
5898
6968
1325
3429
10527
9353
3830
3059
9989
15475
11792
5795
5857
11112
13494
10800
9107
9782
9811
7924
5574
7104
9934
7505
4257
2317
3205
1974
716
1276
2642
-2413
-6543
1982
-1189
-5089
-13520
-7917
8755
2692
-16310
-20689
-4130
5936
-851
-14129
-13572
-1387
-195
-11538
-11709
-2674
178
-2833
-11090
-12735
440
-1235
-7895
-6252
-2706
649
-6491
-13939
-3117
7166
492
-10239
-8851
1270
3780
-4771
-8665
1466
6622
-1961
-9619
-4900
4085
6222
-2322
-7982
-1116
3378
-58
-4016
-1942
4540
3478
-4919
-6406
4031
8622
2454
-3302
-639
7224
7427
1519
3206
8617
8953
5824
4390
7753
11180
11189
9749
7878
7232
7128
10300
14683
11402
4569
2798
5814
11553
10338
2492
1172
4819
5132
1892
-3127
493
3532
-379
1516
-4377
-4675
-7878
-6561
6004
6049
-8745
-19804
-8567
3995
4748
-7109
-14994
-5277
2508
-7218
-12483
-6431
-872
3183
-5534
-17284
-7995
-1533
-1729
-1714
-6808
-6626
-7108
-10795
-4423
3868
-882
-10785
-11186
-1857
2855
-5237
-11457
-2826
6600
859
-11859
-11411
664
8761
2003
-8483
-7685
66
2716
-748
-2402
2171
2951
-2393
-4970
1115
8502
5616
-914
282
4843
5588
3960
5992
10517
8582
2819
4331
10507
13410
10016
6998
8842
10738
9185
6902
9267
12517
11451
6679
2587
3645
8937
9937
5826
3615
115
-242
1250
3042
1349
387
1797
-2994
-3267
-10876
-5862
8521
7183
-7966
-19396
-10836
4066
8524
-5193
-14565
-5734
695
-5048
-9572
-7746
86
4934
-6972
-15999
-7582
-2788
-702
-2467
-6352
-4621
-8872
-14134
-5697
4204
526
-9971
-13491
-6703
3
-4441
-9550
-2212
2421
-4346
-12426
-10127
1664
7378
-1719
-10116
-5697
568
329
-2828
-779
5182
2337
-5811
-5828
4806
11067
3684
-1616
2524
7009
5268
1523
7240
15330
11284
713
1246
11042
16584
13078
7102
7024
10217
9422
7755
10768
13643
10166
4843
2828
6153
10814
7191
2415
4687
5244
1250
-3994
-1493
2059
9788
2736
-10314
-10166
-8772
5739
9123
-2596
-15101
-12282
-2474
947
-943
-6064
-4524
-1334
-7967
-11817
-3985
650
-487
-2076
-9574
-7951
-4246
-9669
-4291
3048
604
-8262
-17949
-13978
3724
5881
-8672
-13572
-6502
-1830
-7200
-13472
-5371
7698
1554
-16076
-16285
-2876
6324
1898
-8818
-7605
1216
-2018
-9174
-4306
7072
9631
-2437
-12706
-4389
11058
10464
740
322
5932
6659
1645
2408
13247
18256
7610
-564
5435
15139
15940
10166
8686
12714
13202
6155
4747
12829
17879
12489
2737
216
6670
11744
6555
3770
5825
4503
-2469
-5286
-683
8635
10850
-7237
-12542
-9593
281
7783
-114
-9685
-11108
-4919
-4443
-4185
-4105
-4115
-816
-5290
-13482
-8758
-2268
-780
97
-6011
-11029
-5854
-6925
-5757
-806
-1265
-3638
-9236
-13830
-6753
2304
-1053
-9206
-9729
-4835
-2180
-8428
-12843
-3160
5695
-1062
-13460
-15285
-3445
7394
1185
-8817
-8281
-1536
631
-3438
-3910
2776
4851
-1536
-5724
-759
8123
6448
415
2204
6766
7967
2771
2123
10901
16539
10178
1783
3462
12744
17839
14013
6779
6061
11232
12317
9904
9375
9792
10151
7226
2682
5446
8695
7675
4139
1814
494
2795
-376
2336
6742
-1649
-4719
-8729
-972
7407
1499
-10123
-10839
-3064
1317
-301
-8164
-9468
-1134
-522
-8180
-9022
-6592
-1205
1300
-8488
-11573
-4347
-4997
-4332
-4493
-5284
-4201
-8583
-12153
-4322
-202
-5851
-10061
-8858
-4289
-4133
-10337
-10243
-838
669
-7322
-12910
-8821
1351
2991
-6335
-9438
-1490
1898
-2452
-7249
-2079
7614
3962
-5982
-4898
4025
8800
4150
163
4646
6942
3301
3192
9578
13065
8490
1847
5505
14554
13949
6620
5556
11894
16201
9496
2136
6693
15451
14003
4331
-313
6864
11728
4853
260
2894
7626
3969
-3527
-4334
9755
7118
-4737
-8568
-4873
9682
6671
-7469
-13205
-2182
5088
1491
-5088
-8584
-2752
2649
-4654
-8162
-2513
-1930
-1556
-2718
-9437
-4540
-2791
-6734
-2741
-2315
-5275
-7688
-10570
-7424
437
-3261
-11704
-12137
-6952
-2589
-6015
-13758
-11491
-2810
-2548
-9490
-12688
-9285
-2678
-2189
-6986
-7458
-4406
-4278
-4576
-2255
294
74
-3061
-3738
3069
6627
2451
-652
3539
9643
8596
2745
3756
12131
14701
8426
3209
8752
15965
14483
9795
7768
10804
13223
10267
9607
11476
11025
7589
4201
5885
10043
9000
2454
299
3465
4838
2513
-3151
4996
6779
-3453
-9320
-7304
9238
11250
-4526
-16275
-8101
4352
4935
-1317
-7388
-4983
623
-3991
-8270
-1859
786
-38
-2359
-10642
-6159
-554
-5098
-2781
-534
-3276
-7991
-12370
-8488
2559
629
-11117
-13665
-7596
-3860
-7397
-12616
-8494
-580
-5280
-16467
-15846
-4948
2279
-3844
-14854
-13042
-2314
-505
-6813
-8117
-923
2853
-3724
-9513
-1404
9884
6888
-2575
-2814
6907
11763
4367
731
10203
17091
11102
2116
3106
15859
19932
11714
7005
9159
14053
12298
7894
10744
15411
12296
3557
1394
8564
12962
7711
662
-445
5259
3111
-1056
6638
3370
-1863
-8056
-5470
10764
8857
-7583
-14176
-2442
6412
3835
-4912
-9924
-1988
4418
-3479
-7207
-3713
-3404
2205
-259
-9992
-3572
-2900
-6120
-935
-1112
-3546
-6919
-12231
-5476
4361
-3579
-14514
-11282
-2828
-474
-9480
-18254
-9496
2028
-2965
-15014
-17347
-9213
1237
-2692
-13940
-13226
-4582
-2226
-6671
-8691
-4042
1210
-3663
-8407
-1010
6078
2340
-2712
49
7510
9928
2314
1398
10165
13920
10026
5926
7294
12957
13645
10488
10555
12379
12481
8883
8615
12334
13690
9968
4366
5600
10848
9513
3774
2825
3912
5023
1314
45
9465
2665
-6115
-7743
1026
13759
4493
-11011
-11391
2126
7042
2035
-4621
-6425
-100
2451
-3579
-4435
-1987
-2377
1408
-408
-7703
-5234
-5116
-2374
3103
-1869
-8812
-10294
-6546
428
901
-8295
-11870
-7640
-3864
-5303
-10401
-11219
-6027
-4407
-9194
-14401
-12987
-6179
-2800
-7069
-13542
-12527
-7030
-4409
-4856
-6355
-5535
-5315
-6020
-4584
1207
3616
-225
-1271
847
4939
6609
4146
6284
12016
11377
5620
4614
9861
17401
16500
9547
6709
10456
13366
11592
11615
12249
11673
8220
3213
5902
11280
10011
5650
1940
1057
3232
376
2991
10458
1438
-6721
-10220
100
14567
6729
-10731
-12436
440
6254
4408
-2995
-7115
536
2962
-3501
-2086
-1235
-1479
4324
-709
-7015
-1896
-4515
-2523
3598
-36
-5475
-10172
-9765
360
4142
-6839
-13178
-9061
-3725
-3989
-10583
-12869
-6402
-3669
-9546
-14930
-14171
-8766
-4238
-7388
-12901
-12053
-10657
-9652
-6607
-4068
-3358
-7311
-11522
-6967
3427
4235
-1733
-2553
1500
6188
4725
2412
7771
14043
12035
6353
5718
10063
15523
16828
13384
10645
10056
10322
12083
13529
12362
10525
8906
6554
6590
7074
6264
7556
4915
1557
-2245
2616
11223
2104
-7355
-10635
4246
16420
2604
-15129
-12271
5438
10411
1564
-7337
-5214
2533
1702
-4902
-1511
3974
1547
-186
-4702
-4710
3200
-160
-2818
1380
1083
-3212
-9114
-8855
2509
7005
-4966
-14051
-9988
-2690
-2116
-8799
-11083
-5504
-4338
-12348
-16280
-11757
-5380
-4745
-12674
-16379
-11548
-8600
-10836
-11865
-7671
-2960
-7294
-14202
-11084
-424
4118
-1737
-5089
-958
3546
3069
2200
7174
12957
10650
4595
5524
11548
15942
15331
11765
11325
13023
11237
10373
13580
15284
13498
7692
5304
8817
10887
7815
5916
6170
4594
-1867
-1382
12444
9240
-3674
-14954
-4739
17236
11887
-10982
-18496
-789
10421
4735
-5966
-7734
1043
2818
-6665
-4547
4740
2466
-1519
-4962
-4627
5595
-446
-9422
269
8114
2580
-10019
-14974
811
13293
-811
-15096
-9582
1603
983
-10716
-13897
-1067
3211
-9421
-19812
-12712
-354
-655
-13738
-19497
-8853
-2803
-10338
-17509
-10885
-15
-2731
-16864
-17105
-1629
5956
-2081
-11256
-4880
6406
6093
-2436
-1405
10052
15295
8482
1924
5878
14435
16420
12903
10082
11902
12983
10064
10946
14327
13582
10081
6373
6388
10071
7985
4506
6629
5919
1171
-2421
-1049
12651
6596
-8951
-12907
-2279
15305
7579
-12371
-17211
-138
8439
1978
-6036
-7318
256
3440
-5848
-5440
4058
2437
-588
-2437
-4187
4474
1752
-6636
1101
7690
3776
-5436
-10563
-653
11824
2999
-10748
-8746
674
2929
-6555
-12861
-4132
3687
-5078
-17535
-13560
-2365
379
-10709
-19646
-11357
-1912
-7819
-16845
-14286
-3780
-852
-11770
-17851
-6032
3390
-1076
-8241
-7247
3267
6124
-2222
-1324
8623
12939
7318
1431
6014
15586
15814
8858
8016
13683
14996
9282
7293
11566
16158
12631
2346
3177
10333
10519
5996
1386
2201
5802
-213
4369
6178
-576
-6689
-8412
7171
12583
-1823
-17371
-9777
4942
8376
1608
-7765
-7476
916
-278
-2999
1858
1230
519
541
-6189
0
4905
-1675
-331
4595
4542
-1985
-10121
-4927
11531
10364
-6628
-13990
-5317
5020
2019
-9326
-9372
-132
-984
-12739
-16580
-6916
3518
-2776
-19013
-19641
-6709
-1915
-9850
-15550
-9139
-2062
-8361
-17903
-10965
2639
3728
-6199
-11041
-3949
4649
3066
-545
4718
10410
6465
1133
4071
12519
17549
11869
4761
8965
13890
11517
9770
10109
13094
12804
4653
2197
7980
10604
7863
3340
1526
542
-1222
8890
8366
436
-10418
-10999
10855
15337
-1746
-17437
-9360
6343
9020
-265
-8551
-3592
4063
-2224
-5908
503
3123
4003
-366
-7628
1862
4269
-3005
-441
5541
6890
-961
-12212
-5248
12061
10058
-5226
-11030
-3597
4204
-345
-10386
-6562
3160
-183
-12805
-17446
-9107
2656
-1231
-15231
-17321
-10139
-6529
-10071
-12028
-6770
-3842
-11320
-17238
-9151
1286
1398
-7189
-8859
-2076
3110
603
-1066
5157
10897
7885
1872
3627
12087
17227
13578
7474
7773
12860
13338
11444
10781
10700
11080
8025
5210
6410
6997
5906
5425
3302
-277
-2216
-1851
9740
6050
-6492
-11993
-7446
9465
8320
-6796
-15197
-5601
1684
1810
-1108
-5982
-3789
-290
-5227
-3269
3088
-428
-451
832
-2282
3890
1021
-5789
3380
10342
6386
-3098
-9700
-268
14451
8680
-5690
-7259
528
5568
-259
-8910
-3792
4026
-1203
-11903
-13109
-5139
1249
-6194
-15823
-12052
-5660
-7698
-13849
-12939
-4417
-3127
-12391
-16692
-6355
1584
-2464
-9157
-6790
2642
4325
-3688
-2798
7957
12907
6748
-203
4131
14955
16617
9530
5961
11406
14942
10730
8153
10411
13875
12666
3852
2611
8586
8656
5776
1788
585
2165
-2340
3646
5460
-1877
-9380
-11906
4784
11099
-2785
-18364
-12311
2016
5898
-946
-9546
-7403
545
-2778
-7112
-1279
1443
1966
18
-8423
-1093
5082
-888
-257
3845
6423
2214
-7669
-5015
10671
12570
627
-6782
-3302
4991
3977
-4066
-3239
2809
682
-7766
-11292
-5650
3081
-1470
-12920
-13647
-6762
-4239
-9454
-12668
-7786
-3146
-8104
-14571
-9140
-1050
-671
-5012
-6400
-2121
1700
-1486
-1142
5898
10105
6293
1249
3789
11121
14479
10691
7390
10205
12504
8362
7053
11018
14304
12447
3712
829
6419
9448
5301
2017
228
1153
-1839
-1488
8491
2290
-7221
-14961
-4556
12525
5576
-14737
-19387
-3579
5819
2588
-7144
-9625
-1447
645
-7870
-6102
1388
2397
2050
-6047
-7171
4701
2676
-2669
1538
7025
6767
-3185
-9933
3271
16378
8227
-5343
-7023
2401
8201
844
-5269
646
5117
-2154
-10347
-9297
767
4884
-6584
-14927
-10168
-3378
-5287
-10671
-8966
-3035
-4596
-13250
-13413
-1797
2946
-2888
-6977
-5735
515
1517
-1797
3423
9099
6944
1736
1910
7981
13472
12398
8508
8083
10409
7851
6362
10571
11949
11352
5562
-438
2908
6801
5564
3895
2472
-2932
-3713
-6117
2656
10808
-4292
-14372
-15027
2358
10874
-2841
-18042
-13476
788
1785
-3379
-7360
-6313
-283
-1092
-7503
-2573
996
-637
2814
-1337
-2451
3886
-1183
743
8810
8582
3232
-2933
-2989
9366
14132
3263
-2758
271
5359
5170
-1106
-2300
3562
3917
-4647
-9013
-5630
1036
400
-8994
-12211
-7067
-4630
-9106
-11623
-7423
-3263
-7626
-14831
-10898
-752
1219
-5417
-8665
-3738
2397
510
-2349
2773
8649
7105
1199
2799
10992
14309
9576
5544
8592
13804
10391
5085
7142
12151
14146
6524
-868
2788
7592
8186
2472
-1794
-1545
211
-3125
1379
5895
-4780
-10860
-13696
-316
9510
-2366
-18083
-15622
-2474
2372
-701
-8444
-9667
-1984
-1940
-7751
-3698
-1134
409
3640
-3969
-5769
1836
62
3012
7855
5664
2119
-2744
-3513
8862
14794
5244
-2270
-2159
3449
6318
1789
-1031
2779
2816
-4040
-8070
-4900
1241
1011
-6623
-11730
-7228
-3885
-7441
-9593
-5798
-2307
-5859
-13644
-11664
1003
3247
-4209
-7956
-3863
3680
1904
-2466
3058
10614
8530
1911
1053
7705
14973
12798
6267
6597
10131
9222
7431
7318
10200
12548
4361
-1701
2346
7550
6528
1662
-3777
-1277
-2109
-578
6747
-1100
-8891
-15166
-2927
10939
2832
-16306
-19235
-3331
4922
-118
-8051
-9914
-2987
-281
-7523
-4790
303
-1522
110
-3055
-4561
3125
-1577
-3860
5498
10352
4375
-6379
-8897
6806
17721
5557
-7154
-3776
6246
6704
-2063
-4484
4319
7604
-3698
-12070
-6703
4269
4422
-7063
-12351
-6544
-860
-6168
-11084
-5798
327
-2798
-12408
-12588
-907
4857
-502
-4955
-3191
1437
1768
103
5286
10615
8312
1994
2627
8799
13633
12827
8101
7145
10059
9014
7401
8160
8534
9741
6729
864
892
3439
3323
3814
791
-4863
-5246
-7529
3379
7071
-7922
-15557
-15512
2810
8852
-4933
-19239
-14142
-1776
376
-2673
-6429
-7911
-4322
-4784
-6160
1349
-229
-4910
271
-327
1478
2103
-6644
101
11835
11106
434
-8363
-3696
13639
15253
658
-5279
1468
7842
3595
-3379
-631
7840
4535
-8506
-10280
-1507
5372
-589
-11419
-10577
-1735
-2013
-10419
-11583
-2951
3279
-5619
-15948
-10257
3751
6584
-2882
-7420
-1651
5991
2695
-133
6070
13037
9328
2053
2650
10714
17124
12542
6017
7341
11458
9581
6873
6958
9381
11106
3459
-2419
230
5491
4063
290
-5089
-5973
-5739
-2368
5551
-4267
-13087
-18929
-4975
10097
454
-18711
-20728
-5691
2675
-755
-8584
-10152
-4688
-3835
-8834
-3364
1616
-1843
-1447
-3847
-2629
5179
-1546
-3613
6965
12174
6234
-5505
-8211
9031
19700
6818
-5005
-1718
7697
7623
-1908
-2486
7510
9336
-4259
-13335
-5504
6454
5725
-8446
-14104
-5489
71
-6876
-12522
-6514
2245
-1807
-14462
-13136
-1221
6040
-264
-6703
-2414
2876
2533
-1057
3984
12267
11812
3961
2487
8665
14969
14410
8954
8860
12611
10173
6479
7962
11261
13018
7344
92
1190
5782
4545
1175
-487
-4104
-3610
-7738
-301
4935
-7634
-15691
-17183
255
7472
-6534
-22011
-16783
-3392
-463
-4433
-9767
-9550
-4466
-7151
-9722
-1787
-50
-2994
-1866
-6125
-1486
3553
-4049
-630
8440
9426
2151
-7431
-4773
13205
16900
3264
-4739
-728
7907
6769
-1274
184
7481
5765
-6099
-10639
-2231
8009
3438
-9737
-12715
-3178
802
-6720
-10586
-5224
2364
-2645
-14387
-11284
1289
6888
270
-5003
-4109
1660
3288
2545
8058
11052
6746
2906
3884
10964
16180
13871
7732
6385
9672
9580
9825
9275
8689
9465
5150
194
1748
3851
3106
2965
-2733
-5666
-8555
-270
7747
-4140
-15048
-20213
-747
11896
-2822
-23169
-20090
-2539
3370
-2127
-10421
-10309
-3479
-5383
-10001
-2240
1980
-1414
-1917
-7397
-2648
6225
-2279
-4179
6061
11775
5547
-8599
-9530
11257
20519
4107
-8811
-3437
8140
8424
-4080
-4903
7226
8758
-5590
-15216
-7816
7377
7405
-9915
-17018
-7112
913
-5067
-11960
-7118
2049
-1947
-14938
-12740
469
8148
652
-6456
-2956
3263
4483
2689
7210
12527
9943
3732
5466
12752
17573
14821
8508
8606
13686
12500
9496
9797
10359
11927
7292
1611
2680
5937
3262
1759
-622
-4065
-6974
-5778
6394
623
-12592
-22874
-10985
10409
3498
-18388
-25923
-10510
1592
-1633
-9548
-12300
-7437
-4636
-10788
-7890
39
-1225
-1946
-5897
-7399
3929
1165
-5858
1077
9703
9128
-2816
-11331
2955
19035
10887
-4117
-4703
5130
9873
844
-4847
4641
10763
1280
-11407
-10444
3000
9956
-2644
-14805
-10514
-737
-1776
-9527
-9319
-1426
173
-10789
-14075
-3072
5475
2287
-4952
-4783
2447
4249
1011
5236
11523
12076
5479
2824
9440
17367
17154
10446
7266
11367
13375
10654
10229
10768
12209
8919
2450
2107
5479
5833
2910
285
-3502
-5492
-8014
3408
6389
-8560
-19438
-19826
3442
10739
-9461
-26782
-17978
-1601
227
-6393
-13233
-10656
-3137
-8400
-11980
-2773
-1486
-2109
-1868
-8571
-796
4330
-5514
-2378
8385
11292
3639
-9679
-6067
14932
17535
1309
-5867
796
9250
6351
-4957
-1363
9959
6418
-7458
-12998
-4355
8725
3258
-12786
-14098
-3604
-638
-8623
-12342
-5161
1541
-6365
-16561
-9606
3135
4420
-3918
-6553
-965
4669
1274
-9
8449
14220
9292
2100
4703
15158
20010
14363
6847
9571
15299
12739
10710
11110
12671
12911
7145
2630
5576
6801
3966
3183
41
-2419
-6217
1717
6257
-3021
-14916
-19629
1432
11744
-5272
-25619
-21012
-1579
4255
-5636
-15077
-13010
-3632
-6383
-12923
-6148
-1139
-1180
-3089
-12061
-4662
4807
-2668
-4588
2163
8306
4843
-9188
-8528
11487
17667
2176
-8797
-2564
8181
7808
-3624
-3156
8509
6989
-7318
-13363
-5530
8620
5760
-12309
-15768
-5488
-278
-6739
-11114
-4997
673
-6739
-17071
-9933
4034
6392
-3779
-7548
-1450
5179
3949
1078
7938
13385
9960
3442
5020
14576
19366
15682
9022
9649
14452
12257
10959
13446
13726
12007
6308
2977
6611
8119
3565
3518
1591
-2293
-7404
-2734
9005
1534
-12558
-22669
-6297
13580
1883
-21796
-24293
-6508
4355
-2780
-14553
-14450
-4220
-3988
-12074
-9716
-3627
-1445
-1179
-8933
-7529
2574
-1678
-4894
806
7595
7297
-5038
-9738
5901
16380
6590
-5573
-2417
6514
7213
-2617
-4389
7050
8930
-4487
-13025
-7797
4430
5968
-9354
-15853
-7135
-1709
-7116
-12973
-7931
-195
-4593
-16348
-13792
-219
4996
-2335
-7015
-3065
3124
2297
-186
7596
13838
9900
3877
4599
14393
20708
15750
9924
11497
16137
14747
11442
13101
15874
15153
9823
5362
6945
8267
5526
5277
3787
1065
-6143
-4211
9484
4202
-9595
-21346
-10112
12605
5982
-20247
-26426
-7583
4535
-2035
-13791
-16164
-6023
-3634
-14360
-11381
-2965
-3751
-3212
-9592
-10054
2733
-1582
-8899
-1766
6511
7799
-3866
-13382
2589
18273
8330
-6960
-5551
6428
10007
-1285
-8004
4609
12587
-246
-13568
-11236
3010
9795
-4971
-17922
-10343
-977
-4772
-12491
-10433
-1292
-1973
-16030
-16766
-1555
5684
-1434
-9680
-5067
4680
4061
-2480
2752
13221
13470
5736
1820
10186
20757
18857
11023
9766
15339
16930
12838
11934
15944
17275
11105
6210
7454
11344
7914
3815
4195
5121
-1815
-4942
7378
6245
-3851
-18513
-13340
10773
10104
-14588
-26808
-11729
4191
1457
-11850
-17703
-8153
-1847
-11901
-13712
-5833
-3459
-1868
-9380
-13784
119
-212
-8516
-4943
2888
6695
-2330
-14271
-1865
15890
8870
-6781
-7465
4735
10517
115
-9527
1673
12995
2897
-12505
-12907
1335
10668
-2120
-17568
-11883
-157
-2538
-12381
-11889
-1509
87
-13324
-18161
-4161
6330
175
-9435
-6029
3624
4507
-2308
-163
11641
14506
6487
635
7106
19154
20603
11385
8021
14055
17135
13762
10861
14568
17511
11556
5792
7192
11933
8908
3132
2793
6300
1923
-4076
5077
5597
-1462
-13989
-13080
8212
11378
-10006
-24992
-13262
4151
4394
-8212
-17328
-10125
217
-8629
-13558
-6410
-2889
54
-7956
-16832
-2517
2870
-5763
-6450
-1448
4292
509
-11611
-5337
12306
9628
-5002
-8849
656
8478
3209
-7623
-2200
8786
3200
-9608
-12432
-2196
8405
260
-15585
-14322
-2274
-1436
-10138
-12464
-5082
-360
-10761
-17657
-6277
5178
1886
-8208
-7929
2047
6316
1028
-315
7948
13403
8880
3657
6810
16192
20544
13561
8141
12386
16253
15307
12878
13463
16317
12420
6680
7282
11787
10146
3982
2323
4534
3599
-3492
3743
6701
-220
-11814
-15952
3994
12506
-4209
-23036
-17514
37
5203
-4350
-15256
-13804
-2643
-5341
-12084
-7892
-5489
-1283
-2470
-14052
-7043
1203
-4228
-3969
-411
2485
145
-9399
-6503
10994
11559
-3690
-9399
-804
8187
5356
-6219
-4900
6935
5234
-6934
-12150
-4962
6185
2254
-13043
-15849
-4701
-995
-9259
-13028
-6749
-499
-8868
-18742
-9279
4257
2264
-8180
-9614
752
6908
187
-2641
6518
14480
10720
2288
3554
14968
22911
16131
6681
10665
17177
17419
13076
10768
16022
16045
8402
5774
9265
10733
7633
2545
4722
2286
-337
6587
2984
-114
-9764
-10623
6401
9065
-7160
-20220
-13554
441
4962
-3738
-15098
-12611
-3049
-7023
-9148
-6171
-6700
-516
-4999
-14867
-4743
-223
-3802
-2620
-2945
-127
-1484
-9794
-3308
10781
7847
-5094
-8856
-1056
7027
3517
-6009
-1907
6374
1030
-8421
-10672
-1658
7065
-1085
-14863
-14630
-4705
-1381
-8813
-12088
-6407
-2248
-10272
-17797
-7835
4144
2254
-7825
-11305
-994
6079
2106
129
4720
10050
9203
4441
6610
14504
19677
15485
8590
11766
15577
16197
14812
12659
16058
13901
7664
6689
10422
11986
8351
1705
3009
1288
4841
11880
-219
-5285
-11117
-2741
12787
4513
-14994
-17731
-5733
2650
579
-7260
-11836
-6643
-5229
-11814
-7380
-3047
-5781
-2695
-9067
-12636
-2298
-4479
-6265
-990
96
-338
-7355
-12536
2096
13478
3783
-9312
-7857
2837
6394
-1722
-6157
3589
8210
-3633
-12214
-8004
4279
7012
-5950
-15638
-10618
-2648
-4075
-10839
-9710
-3119
-3789
-13724
-16703
-3577
5827
-22
-9576
-8790
958
4510
1629
1988
6481
8264
5869
5048
9237
14393
16831
14223
9459
10825
13527
15677
15378
12845
12544
11564
8605
7953
9125
9635
6032
4148
618
1670
13152
5378
-4697
-12744
-4375
15419
10853
-13269
-21894
-4952
7736
2830
-9069
-11918
-2645
-1247
-13903
-11515
-500
-928
-3317
-11262
-13150
419
-2886
-9846
-4130
2675
2581
-7870
-17941
-2823
15785
7879
-9542
-11856
627
8221
-1161
-9121
2417
11093
-507
-14319
-12015
3864
10646
-3461
-15035
-10518
-4058
-5578
-10115
-7684
-1964
-4846
-15642
-15579
-4449
2255
-728
-7849
-7157
-643
-1489
-1322
5313
9108
6088
993
2715
12786
15354
11722
10940
14032
14927
11156
10938
15802
18747
15671
7885
6755
12688
13212
8122
4201
4697
7526
205
3278
9941
5200
-4855
-15415
1257
16737
3941
-17915
-16653
219
7373
-3709
-13912
-8443
2444
-5173
-16631
-9907
-936
523
-5186
-16520
-7542
2848
-7569
-11769
-3795
5145
2718
-13601
-16380
4193
13472
557
-10216
-4974
5551
4465
-6626
-5479
9621
9985
-5231
-13840
-6324
9028
6486
-9264
-11456
-3596
-2484
-10031
-12161
-3175
1781
-7349
-18278
-11569
377
1223
-5374
-8486
-974
1366
-4649
-3862
5010
12512
7170
-2243
2588
13032
14977
11916
9055
13092
15481
10397
9406
13828
17180
13640
6560
5700
10232
12013
4880
1095
4513
4622
11210
3822
-3571
-4675
-5436
7960
11982
-2406
-16707
-12314
1546
8120
-30
-12907
-10867
659
-3133
-10479
-8730
-4135
3280
-2065
-17980
-9940
551
-764
-4824
-7664
-1337
945
-10511
-10227
4660
8927
-1117
-9762
-3941
6284
3984
-6305
-3815
7457
7609
-3958
-12037
-4691
9204
6093
-8277
-12403
-4549
-98
-7303
-12007
-5180
575
-8233
-17020
-10629
-28
131
-6628
-9669
-1552
1539
-4764
-2774
4359
8164
6102
-470
1275
11570
14433
10606
8894
10842
13701
13374
11109
12128
16079
13409
6841
7345
9740
11798
8702
2416
2852
1187
9482
10194
1189
-6465
-9928
5932
14697
1219
-16978
-12954
2152
7160
-1628
-11971
-10987
286
-2694
-10100
-7200
-6126
-3010
-1606
-13034
-9286
-1500
-6066
-6685
-4746
-1964
-289
-9550
-11610
3690
7548
-3581
-9650
-2826
6929
4364
-7113
-5981
7239
7968
-2230
-7947
-3795
6814
5216
-5994
-7952
-1964
97
-4419
-9263
-6686
-1137
-4966
-12331
-7822
-2077
-2454
-6470
-8629
-492
3564
-2501
-3447
789
4875
6190
5047
5443
7855
7500
8970
12610
13407
11834
10647
12226
12453
12576
11400
9571
10047
8791
7779
5126
6481
2570
3089
10288
3919
855
-7963
-6295
10611
12415
-6110
-17744
-10067
3962
7829
-5166
-15027
-6630
-326
-9146
-9688
-4478
-2195
-1066
-12345
-16190
-1423
-1275
-8035
-9293
-5135
2181
-3795
-16260
-7576
9400
7620
-6970
-12389
-1214
9336
3565
-6439
-450
8642
3413
-6845
-6340
6527
12148
-440
-11357
-4933
4061
683
-8032
-6183
812
-2007
-13404
-13595
-738
4086
-3990
-12797
-9582
1661
1791
-2989
-1401
3191
3578
-1261
-317
9802
15469
7060
1000
7110
15707
15114
9781
9836
14601
13882
7358
6816
13126
13833
7524
2237
4596
5571
9763
6235
-408
980
-3393
2621
6840
2447
-6996
-9653
-2953
3003
2544
-7664
-12985
-2642
-827
-10081
-10291
-6657
-675
-100
-17486
-15976
-750
-1243
-6951
-12768
-9954
24
-3649
-12774
-5279
2356
-78
-6665
-7461
148
4058
-2413
-3779
4133
6625
-1332
-7323
-2020
9188
9695
-2399
-7846
-995
3693
-155
-3980
-872
2522
-4949
-13977
-6823
4447
3032
-6619
-11004
-3926
2082
-1996
-1408
3973
5025
292
-3720
2452
12691
13058
6572
3303
7599
12995
11612
9881
12816
15092
10413
4280
6871
14768
13724
4327
-833
6652
5679
5441
5798
364
830
-6643
-1723
9838
4607
-11802
-13228
-2729
5552
1731
-11031
-14123
-1614
1073
-10319
-13322
-8620
203
3079
-16046
-19774
-2892
1224
-3669
-12217
-11524
-855
-2627
-9828
-3820
1823
-1663
-7468
-4974
3151
4276
-4019
-5372
5439
9781
754
-7009
-3312
9355
10783
-1420
-6011
-667
3595
23
-5088
-214
3680
-3509
-12701
-8020
3047
3902
-4890
-10815
-3333
1743
-3884
-3104
3377
7458
2269
-6230
16
13127
12711
5601
3360
8352
13525
9082
6227
12510
17238
12916
3310
3287
11600
16448
7690
-43
1578
7121
13967
2225
-4607
-3866
1039
9220
6054
-5244
-12890
-6802
1774
5009
1074
-11180
-13235
-3439
-4694
-5315
-6030
-11282
-3761
-2902
-14927
-11128
-7977
-5864
-137
-7225
-12585
-10170
-10949
-3357
4970
-2505
-10978
-10705
-3492
4649
1992
-5282
-1477
4243
2091
-2703
-2423
4846
9768
3226
-4476
-526
4619
1940
-2800
-422
5749
3356
-9271
-11567
1199
7863
1176
-7781
-7727
424
2016
-3227
175
6842
5816
-1803
-5014
4321
16146
12874
1459
490
10042
15678
11271
6126
9665
15204
11817
4093
5250
12424
14074
6215
1178
64
4474
13088
4492
-2256
-6912
-3980
9011
8632
-5565
-13327
-5956
1253
2374
-3187
-10771
-8205
-2565
-8478
-8963
-5213
-8725
-5107
-7996
-15108
-6033
-6703
-11674
-7555
-5334
-4855
-8592
-16933
-8476
5136
1110
-10428
-13016
-4097
4353
1092
-5985
-1165
5187
1136
-4076
-2358
6860
11610
1256
-5746
962
7375
5054
-2424
-2216
6174
6235
-5107
-8996
626
6077
2737
-3855
-5855
1516
651
-2075
3010
6449
5078
-1031
-2180
6282
13117
10937
4833
2846
7965
11246
12042
11420
9048
9173
7777
7224
10877
10422
7700
4032
4501
2713
4536
9315
3053
-431
-7634
-3001
10302
8059
-8504
-14600
-4560
3790
2640
-7353
-13066
-4080
-1486
-12157
-11333
-5945
-3445
-1678
-15106
-18458
-2839
-3279
-9659
-11577
-8614
-1284
-7280
-18670
-9249
3635
408
-10124
-12542
-3803
2148
-4125
-6778
3664
7841
-2387
-10924
-4680
11686
14631
-1554
-9432
348
8545
3925
-4166
277
8748
4042
-9218
-7716
5466
8643
10
-6583
-1615
6143
-417
-4994
3898
11369
7938
-3166
-4884
9693
17205
10081
3707
5062
11315
11683
8456
11845
16105
11440
3726
3854
13517
16222
8046
-532
4308
8670
3094
5074
2473
4438
-1783
-8948
2275
9726
-755
-12903
-9909
-423
3493
-4389
-13949
-8180
467
-8073
-13995
-9863
-5980
-223
-9335
-21649
-7946
-1591
-8439
-13716
-13333
-3196
-1258
-15714
-16215
-2659
1404
-6798
-12429
-6813
1109
-1522
-9442
-3807
7621
4090
-6602
-9168
2364
14129
5783
-6152
-3552
5555
6341
-1240
-1610
5345
7159
-2961
-7360
1850
8046
4319
-3361
-3972
5531
5447
-634
1500
6285
9388
4585
-577
6724
13558
11428
6386
5517
11401
12305
8786
9861
12749
13470
6751
3390
9667
13645
9905
1746
1051
6760
3291
5632
4846
524
-1862
-9594
-431
10391
1875
-11811
-12959
-4728
2648
-589
-9511
-10135
-2738
-7217
-13269
-9056
-5094
-1829
-6208
-19489
-12133
-1271
-6302
-12544
-12952
-4536
-205
-12332
-18942
-5675
4820
-2224
-13457
-10811
-40
2405
-6824
-9335
3293
7839
-2759
-11129
-4955
10285
10478
-2670
-7223
679
6220
894
-2818
2255
7382
1358
-7346
-3810
5767
7538
681
-4886
501
5168
2586
2624
4619
7803
6750
2175
5875
11810
12519
9230
6700
9958
13209
11693
10934
10559
12043
11218
7482
8821
10491
9015
5335
4204
5402
2776
7238
5262
388
-3235
-8151
3091
10672
-142
-13069
-11713
-2979
3225
-1774
-9603
-8983
-3400
-8528
-13136
-8082
-4751
-2726
-7426
-19300
-12267
-3206
-6750
-11481
-12426
-6848
-3833
-14077
-17603
-4318
2365
-5694
-14678
-11237
-788
781
-8202
-8195
1986
4215
-3183
-9465
-4422
7815
7515
-1874
-4562
42
3109
742
-627
3521
5919
-1049
-5967
161
7161
5692
-226
-2895
3649
6432
1788
4257
8049
8646
4959
2096
9648
15885
11909
6371
6785
12915
15221
11929
10852
10969
11834
10321
8517
10504
11154
8028
3479
3627
6063
3108
6964
5346
173
-3729
-10217
1315
12341
2190
-14077
-14883
-3960
4899
-250
-10515
-10260
-1991
-7918
-14918
-8982
-3726
-1305
-6970
-20140
-12410
-1947
-7175
-11986
-11341
-5510
-3478
-15190
-19195
-3582
4098
-6550
-15954
-10663
-363
187
-10409
-9679
4917
5078
-7123
-11899
-3199
10295
7474
-6610
-6942
2615
4184
-2073
-3452
3604
8326
-1257
-10646
-2123
9736
8252
-1229
-5989
2532
8903
2745
1846
8070
11424
6318
561
6524
17360
16838
7167
3944
11426
17203
14848
10948
8672
11509
12966
9888
9997
9998
7826
6236
4930
5446
2279
6390
7187
2606
-2640
-10819
-358
11958
5445
-11075
-15935
-6367
5009
1861
-8140
-10913
-4057
-6303
-12781
-8874
-3977
-2390
-6396
-18876
-13364
-2098
-6233
-12337
-12699
-6162
-2294
-13854
-20282
-6137
3361
-4533
-15295
-12314
-1520
-279
-9627
-10294
2299
5098
-6406
-13358
-5964
8509
8331
-5718
-9394
-477
4330
-325
-3747
784
6148
-92
-8134
-3119
6734
7971
711
-3119
1588
6004
3422
3512
8904
11789
6721
1498
7100
16708
17337
9821
5673
11426
17102
14669
10931
10588
13325
12882
9548
9065
9884
9372
6477
4606
6266
1012
3237
8386
3385
-590
-11312
-5363
10864
7619
-9003
-15953
-9285
2887
3256
-6358
-11308
-5403
-5780
-12637
-9370
-4105
-2546
-4916
-17917
-15913
-1035
-3600
-11923
-14180
-7712
-501
-9656
-20992
-9901
3772
-1269
-13562
-13924
-3251
1673
-6965
-12050
-509
6672
-2405
-12404
-9896
5956
11626
-2092
-11427
-4948
4453
3073
-3748
-2530
3751
2066
-6732
-6039
3713
7690
2027
-3822
-1184
5487
5074
3877
6956
9130
7789
4599
7217
13989
14956
10997
8243
11364
15496
14135
12472
11913
12683
12787
9842
10284
11590
8956
5846
4305
7335
4805
-976
6047
7140
3349
-8672
-12873
5845
14563
-2202
-18277
-14450
377
6023
-3809
-13097
-8006
-2582
-10805
-13295
-6279
-2738
-2761
-13598
-20021
-4492
-300
-11218
-16112
-9392
1809
-3519
-21895
-18043
2674
6228
-9255
-17936
-7619
3856
-1085
-12931
-7714
6568
4653
-8476
-13492
-1041
12422
5433
-8971
-8770
2247
5667
-1464
-4790
1145
5298
-2279
-7821
-829
7325
5379
-2013
-3760
3981
6905
3772
4718
6640
7940
7411
7357
11717
11900
8599
9958
12858
14841
12072
9099
11263
13751
12295
8753
8292
10202
10102
5744
1486
5839
5912
2104
5398
2616
1667
-6350
-9636
5606
12771
-2366
-18248
-14217
1376
8275
-1464
-13858
-9016
-1220
-8676
-10964
-5792
-2471
-142
-11752
-19919
-4837
200
-7925
-13500
-10284
180
-2770
-19896
-16741
2505
6573
-7722
-17793
-8883
3581
390
-10513
-6430
5484
2786
-8996
-12376
-45
11972
3998
-9796
-9118
609
3650
-1627
-4188
772
2917
-4952
-8587
-986
6844
3943
-3125
-4339
2714
4821
2538
5354
7715
6272
3547
5494
13171
13975
7019
7206
12784
16400
12603
7652
10721
15818
13752
8037
6891
11102
12916
8024
1671
4897
6717
3971
6642
2951
2080
-5143
-8428
5815
12664
-1605
-17042
-14159
1785
8926
-1586
-13569
-9864
-1888
-7395
-10028
-5694
-3221
-2002
-11971
-18909
-4797
-122
-8231
-14015
-10775
-615
-3119
-19046
-15736
1560
3816
-9136
-16475
-7005
2811
-1805
-10736
-4420
6061
781
-10165
-10726
2452
12178
2074
-10194
-6850
2812
3608
-2731
-3384
3257
3165
-6723
-8743
1647
9240
2761
-4597
-4312
3878
5129
1414
6202
8869
5917
2215
4048
13841
16041
7782
5560
10094
15904
13701
7509
9187
13859
13884
8300
4169
8657
12102
8032
1751
2949
3482
2931
6933
2749
1172
-6955
-8836
6182
12305
-2755
-16616
-13095
1088
8814
-516
-12177
-9256
-3742
-7755
-6909
-3729
-3504
-2690
-11468
-16286
-3458
-812
-7030
-11226
-9057
-873
-4122
-17352
-11584
3598
3236
-9709
-15314
-4181
4023
-2620
-9886
-2511
7024
479
-11044
-9620
3796
11555
1557
-9879
-6891
2202
2883
-2995
-3099
2490
1897
-7064
-9226
26
7911
2143
-5169
-4397
1896
2900
856
5170
8601
5294
516
2826
12456
14898
8196
6022
9464
13764
12622
8440
10146
13541
12027
8390
6212
8538
10002
7830
3493
5003
3794
-412
6036
4595
2810
-5899
-9698
4577
12429
-976
-15544
-12174
803
7401
-562
-10584
-7956
-2838
-8506
-7927
-1614
-1712
-3503
-12532
-16101
-1816
173
-8355
-12122
-8759
-908
-4442
-17203
-11408
3281
2318
-10689
-15500
-3379
4809
-2448
-10587
-3353
7442
1492
-10167
-8989
4202
11580
1590
-9219
-5658
3383
3333
-2546
-2064
3188
1861
-6791
-8082
2191
8110
1120
-5560
-3883
3459
3635
962
4420
8149
5537
1214
3400
11977
14084
8271
6182
9302
13354
11210
7819
10658
12555
10252
6484
5568
9328
8823
4536
1457
5148
2943
548
3647
961
1778
-6628
-7630
4878
8745
-4731
-15033
-10686
1638
7173
-3418
-12446
-6047
-2433
-8289
-7628
-3412
-128
-1160
-14204
-14864
-703
86
-6298
-11271
-7508
47
-5704
-16062
-7389
4733
1776
-10872
-13869
-1189
5219
-2857
-8724
-692
7370
241
-10017
-6555
7222
10892
-1009
-9083
-3131
4744
2081
-3929
-1057
4284
635
-8290
-6992
3387
7479
-931
-6070
-2991
2674
2202
706
5699
7679
2738
-1329
4140
14221
13705
5420
3648
9557
14738
10456
6064
10685
14012
9665
3619
4080
11688
11777
3673
-1581
3788
5133
1538
3566
941
1958
-6430
-9242
3882
10212
-2279
-14971
-12447
276
7609
-1910
-12466
-7704
-1828
-6172
-8404
-5810
-2302
377
-10912
-15828
-3194
-467
-5422
-10873
-8456
158
-3549
-15522
-9807
2908
3261
-7534
-13039
-3260
3939
-1089
-6648
-1185
6178
1048
-7320
-5220
5878
10166
973
-6476
-2594
3966
2517
-2811
-327
4021
638
-6922
-6662
2591
7002
-845
-5301
-2291
2564
1366
-263
5002
8135
3967
-1824
2326
13339
13384
5654
2852
7832
14662
10897
4774
8352
12611
10701
5097
3037
8577
10503
5249
-612
2352
4106
-495
4397
2489
830
-6076
-11774
2074
12246
-253
-15471
-14127
-2064
7588
800
-11466
-8858
-2045
-6380
-7913
-4278
-2764
-410
-8229
-15362
-3786
18
-5693
-9287
-7492
-224
-1571
-13762
-11570
2408
4825
-5519
-11820
-3777
3667
-139
-6860
-1710
7754
2486
-7419
-6280
4425
10638
2338
-6097
-2787
3842
2176
-2915
-434
4501
2672
-6606
-8625
1409
8166
863
-5976
-3967
2757
3101
-1018
2387
8237
5970
-975
780
10801
14426
7400
2598
6356
13580
12223
6230
6720
10156
10755
7252
3572
5979
8319
6502
956
1732
1433
1483
5426
-533
-1364
-6641
-6356
3857
6926
-4746
-14013
-10521
-800
5109
-2116
-11049
-7342
-3890
-8331
-6577
-2864
-2542
-2509
-11818
-13134
-1492
-1961
-6956
-8835
-6313
-909
-4825
-14400
-7405
3551
1936
-7413
-10754
-1869
3625
-1833
-5911
1523
7785
119
-7857
-3458
8311
10594
152
-5299
742
5312
1160
-2183
2131
6854
1957
-7818
-6312
4064
8145
326
-5001
-2438
3130
2252
-684
4558
9318
4370
-1987
1924
11944
14671
6316
1665
7287
13485
10631
6470
7663
9490
8568
5224
4135
7640
7032
2624
11
2551
580
422
2809
-1245
-1045
-8507
-7118
3640
5491
-7009
-14593
-9356
340
3876
-5124
-11793
-4763
-3019
-9618
-7647
-2949
-1052
-2328
-13571
-12040
399
-2074
-8228
-9153
-4308
455
-6174
-15463
-5423
5848
505
-9807
-9953
1153
5325
-3923
-7847
3657
10127
-434
-9427
-3143
11155
11711
-2096
-7217
2172
7779
1444
-3844
1068
7680
2808
-8024
-6143
4843
8170
30
-5358
-1574
4203
1401
-889
4978
9710
4701
-2963
1081
12340
15167
7146
1645
6040
12564
11094
8013
8796
9187
7261
4494
5525
9481
7358
1404
-940
3237
1955
1229
2011
-1706
-1380
-8542
-5960
4124
4617
-7903
-14695
-8728
789
3253
-5899
-11998
-4742
-3270
-9678
-8098
-3670
-1033
-2233
-14363
-12584
-181
-2063
-7813
-9586
-5107
47
-6957
-15150
-4519
5501
-97
-10280
-9945
1622
4866
-4650
-7667
3593
9641
-914
-10110
-3536
10858
11858
-1367
-7182
1029
6854
2402
-1935
1879
6618
1791
-7201
-4241
5603
7613
-372
-4564
-1
4100
777
-569
6093
10921
4659
-3462
1556
13316
15553
7556
1571
5821
12630
10894
8140
9048
9291
7118
3716
4997
9587
7952
1262
-1744
2787
2215
117
2348
-1181
-1051
-8778
-8446
3578
5619
-6768
-15073
-10337
-554
3160
-4854
-11492
-5626
-3474
-9278
-8053
-4002
-1627
-1674
-12483
-12864
-1059
-2051
-7472
-9356
-5411
328
-5623
-14785
-6705
4062
1020
-8162
-9495
-196
4063
-3010
-6677
2730
9116
619
-7941
-4075
8843
12164
1241
-5596
-343
4786
2960
-27
2272
4834
542
-6165
-3509
4678
6731
-489
-4548
-546
3100
1363
-46
4543
9708
4864
-2350
1882
11955
14106
7949
2752
6016
11774
10396
8202
9731
9489
7253
4458
5151
8593
7958
2892
-114
2084
1267
-1481
3404
2169
-749
-9014
-11791
2751
8677
-3757
-15534
-12662
-1527
3612
-3644
-10454
-6141
-3352
-9163
-9568
-4165
-1122
-2190
-10848
-13794
-2735
-800
-8019
-10835
-5625
741
-3653
-14778
-10906
2580
2947
-6607
-9716
-2231
2795
-2227
-6979
278
9095
2421
-7347
-5650
5933
12147
3266
-5262
-1004
5402
3458
-1234
669
5658
3901
-4540
-5461
2534
7626
2571
-3519
-1707
2869
3093
705
3370
8924
6500
457
1597
10114
14206
9211
3884
5954
11369
11621
8604
8640
9403
8535
5857
5176
7977
7798
4201
396
621
3182
-1627
1029
3804
-94
-6370
-14333
-3082
9428
2283
-13995
-17309
-5503
2877
-969
-8711
-8953
-3892
-7283
-11914
-6016
-893
-2145
-7111
-14424
-7518
296
-6079
-11249
-6792
31
-1032
-12355
-15208
-803
6045
-2982
-10441
-5408
2253
167
-6593
-3357
7874
6477
-5440
-8519
1143
11506
7310
-3820
-3864
3735
4605
-716
-1710
3604
6497
-592
-7393
-1853
6040
6040
-978
-3775
1684
4293
2086
1321
6911
8331
3462
2519
7624
13639
9875
5066
7253
12061
12876
9220
7234
8794
10382
8419
7135
6453
6128
4867
3052
1778
2665
321
-4587
3531
5380
-2189
-12612
-14027
4173
11193
-4204
-20057
-13932
-656
995
-4244
-9055
-7044
-5220
-11423
-11096
-1634
-1638
-5774
-9611
-12719
-3690
-1434
-10432
-9556
-1812
899
-5429
-15594
-10873
4274
3998
-6514
-8273
-1765
1918
-3060
-6157
2359
9335
2063
-7541
-5019
5676
10721
2230
-4928
-353
5136
2852
-2866
-1901
4632
5473
-3146
-6822
293
5754
3399
-3310
-1958
4549
4267
192
1330
6989
7791
5454
4793
8862
9909
6743
8067
10772
12952
11311
6835
6463
9214
10965
10626
7038
3372
4538
4847
3779
2038
1495
-2180
-2530
5736
2509
-6328
-14745
-8154
9912
7340
-11510
-19502
-8740
1431
507
-5464
-8439
-6748
-7045
-10903
-7593
-1048
-3165
-5606
-9898
-11340
-2896
-3731
-9574
-6269
-531
-808
-8873
-14955
-5377
6490
1827
-7327
-6871
-289
793
-3948
-3494
4456
8106
-726
-8086
-2872
7123
8797
-195
-5317
231
5019
343
-5263
-1334
5962
4122
-5869
-7528
173
5700
2138
-4329
-339
4569
2788
355
845
6782
10288
6913
4979
6437
7377
10187
12191
11222
11835
8860
5963
7929
10560
12775
10116
4388
2479
5569
5872
4296
1651
-9
-1510
-1335
5050
868
-7439
-12137
-5142
7575
2431
-11249
-16198
-7417
138
-1885
-5311
-7297
-7051
-6665
-9943
-8149
-1342
-2885
-5847
-9481
-10966
-2931
-2914
-8859
-6369
-1122
-1525
-7406
-12409
-5803
5107
2519
-5362
-5514
-1428
724
-1349
-2814
3129
7506
599
-5922
-3137
4260
7384
1059
-3797
-96
2631
-1766
-4899
-641
4545
2819
-5016
-7358
-1598
3552
1442
-1765
1328
2810
1687
-1150
155
9691
12500
7259
2416
2952
9258
13878
13257
10582
9274
7564
6979
8694
11947
12877
8067
3665
2529
5043
6025
3227
631
674
-442
-2526
1352
60
-3943
-7431
-7823
735
2184
-5713
-12836
-9781
-2992
-1749
-2984
-6481
-7127
-5944
-8738
-7833
-1646
-2302
-5515
-7606
-9485
-3547
-1800
-7578
-6468
-1170
-481
-5054
-10942
-7277
4372
4314
-4400
-6615
-1894
2273
-955
-4538
1325
8138
3206
-6234
-6621
1901
8077
3254
-4275
-3505
363
-942
-3908
-2393
2153
2872
-3888
-8639
-3873
1918
2318
293
232
1678
152
-1984
2087
10993
12791
5105
174
4136
12455
15373
11568
7888
8946
9802
7930
9096
11315
11977
8586
3922
3385
5698
5510
2332
1630
1823
491
-4109
-3042
2625
1719
-5412
-12420
-5827
4328
1570
-10104
-14296
-6232
-601
-1572
-5474
-7543
-5319
-6436
-9373
-5080
-1889
-3400
-4526
-8669
-7100
-1470
-4457
-6073
-2162
-56
-1917
-8044
-8911
1323
6594
-384
-5147
-2446
1144
-13
-3457
197
7414
4547
-5913
-8284
-458
7265
4862
-4567
-6459
-1192
-224
-4648
-5085
649
3102
-3086
-10199
-7226
1219
3917
420
-1499
-784
-1052
-214
3145
8948
10174
4293
1711
5681
11733
12966
9438
8916
10862
9877
6952
7833
11813
13150
8160
3568
5605
6612
4427
2315
3267
4928
1267
-4984
-5200
3625
5677
-3546
-11799
-9271
2309
4313
-6167
-13123
-7790
-1893
-3071
-4962
-5315
-4093
-5708
-9829
-8610
-1966
-388
-4511
-8061
-8985
-3234
-474
-5249
-5600
-998
138
-3652
-7089
-3809
4303
4273
-2072
-3377
-732
1692
831
-425
2002
3867
-167
-4827
-2674
2220
4054
-762
-5822
-3813
-1760
-3502
-4407
-2219
-29
-2044
-7880
-8482
-1840
2806
2114
-2527
-4293
-439
3458
4328
3411
5144
7056
6809
6204
6663
9313
10893
11184
10244
8497
7740
8469
10949
10061
7100
6821
6844
4815
2501
2725
4561
4787
-69
-3046
-2070
-986
1665
-333
-4790
-6674
-5350
-2182
-1745
-4397
-6965
-6588
-6937
-5227
-1477
-2978
-6798
-8958
-7774
-3285
-1130
-4316
-6676
-6467
-4428
-461
-2026
-5848
-3952
282
1174
-1981
-4410
-609
4497
1986
-2295
-941
2987
3656
-483
-2537
1672
5000
1150
-3869
-3033
1325
2403
-2345
-6155
-3942
-1062
-3022
-5553
-4212
-2011
-3441
-7380
-6262
43
1907
-2767
-5169
-753
4315
3273
-357
1995
7770
8764
5464
3798
7473
11497
10163
7932
8399
9769
10085
8136
6512
8281
9552
7108
4661
3439
3361
3594
2253
2330
2389
-1044
-4932
-3325
2058
1967
-3972
-9092
-7317
-1118
743
-3908
-8859
-8555
-4844
-1196
-2444
-7395
-7599
-4517
-3698
-3854
-4394
-5081
-3684
-2622
-2303
-1237
-2948
-3976
-645
1411
380
-349
-355
530
1584
1280
2175
3236
1473
-1145
-1833
742
3831
2236
-2907
-4838
-1320
1722
-1707
-6892
-5727
-1877
-2724
-6770
-7778
-3776
-1962
-5716
-6963
-3468
-1043
-2176
-4158
-2163
2161
2500
225
832
4705
8090
7000
4235
5544
9290
10207
8105
7375
9781
11229
8261
5721
7233
9258
9146
6777
4179
3060
2728
3481
5116
3801
-804
-3239
-2224
800
2666
-1029
-6275
-6890
-3073
653
-949
-6921
-8163
-3215
-1554
-4732
-7026
-5445
-1710
-2515
-7121
-6641
-2315
-1251
-2920
-4140
-2516
254
-1635
-4568
-1373
3915
3960
-1137
-4538
-146
6304
4920
-734
-1774
1156
2332
400
-795
754
482
-3171
-3845
-1042
-1120
-4602
-6601
-4656
-2563
-5062
-8123
-6367
-3819
-4453
-6024
-5684
-3136
-1843
-3624
-3862
-353
2469
1824
-101
1107
5549
7219
4768
4450
7847
9402
7140
5843
8765
11451
8906
4972
5811
9187
9376
6273
3822
4020
4822
4040
2885
2669
1968
102
-1409
-1105
492
467
-2338
-4102
-3093
-2411
-3237
-3732
-2728
-1846
-4009
-7395
-6071
-1413
-150
-3054
-6288
-5822
-1852
-652
-2792
-2337
144
341
-2036
-3882
-310
5550
4267
-1650
-2696
1856
5863
3750
-1525
-768
4138
3689
-1164
-3141
-573
1802
-646
-4340
-3440
-1898
-4754
-7240
-5455
-3093
-4141
-7886
-9207
-6225
-4281
-5485
-5573
-4074
-3856
-4730
-4596
-1526
2186
1399
-1324
-49
3604
5201
4289
4120
6837
8597
6431
4836
7163
10146
9821
7017
5877
7445
8171
6509
5351
6103
6301
4118
1737
2083
3793
2909
50
-768
64
-619
-2826
-3368
-1070
-761
-4449
-6703
-4606
-2138
-3292
-6250
-5884
-2657
-2852
-6103
-6298
-2737
103
-1409
-4398
-2917
526
540
-711
670
3805
4152
306
-764
4261
7815
5381
1180
599
4116
5675
2834
775
984
1333
701
-1759
-3262
-2075
-2157
-4298
-6197
-7117
-6294
-5757
-7114
-7694
-7799
-8626
-7835
-6134
-5382
-5618
-6568
-6036
-3492
-1663
-1105
-896
-550
774
1931
2163
3413
5812
7128
6048
4223
5166
8174
9358
8457
7209
6695
7154
7122
6563
6662
6666
6203
5104
2997
2406
3598
3326
2187
1476
353
-770
-2025
-2285
-56
211
-2830
-4683
-4648
-3364
-2247
-3646
-4392
-2975
-3506
-4977
-4732
-2956
13
207
-2963
-3352
-1067
813
2400
2039
686
1432
2655
3372
3901
2919
2438
3580
3336
2299
1830
590
183
942
183
-1233
-2518
-4216
-4607
-4374
-5096
-5483
-6579
-8351
-7670
-6708
-7627
-7796
-7178
-6462
-6096
-7267
-6949
-4135
-2907
-3077
-2736
-2222
-504
1054
841
1477
3068
4185
5089
4597
4268
6321
7798
7472
7153
6883
7339
8170
7493
6814
7028
6875
7069
6797
5018
4312
4597
4246
4109
3386
1783
627
-254
-7
934
-608
-2998
-3069
-2027
-1732
-3474
-5541
-4617
-2097
-1659
-3984
-6259
-5004
-1233
61
-2223
-3696
-1529
1275
414
-2316
-1384
3035
4886
1568
-1861
-141
4074
4636
1738
501
1761
1873
-313
-1772
-145
1541
-464
-3955
-5337
-4614
-3449
-3632
-5223
-6317
-6839
-7398
-7124
-6342
-5510
-4749
-5710
-7191
-6301
-4076
-2302
-1949
-3030
-2808
-801
199
377
1177
2703
4361
3820
2013
3397
6911
7882
5973
4309
5614
8123
7505
5186
5274
6785
7048
5662
3934
3913
4781
4205
3220
3179
2772
1103
-735
-496
1775
1805
-2072
-4863
-3012
-168
-1240
-4725
-5273
-2480
-1195
-3707
-5486
-3189
-412
-649
-2532
-2756
-454
1763
1465
449
1112
2515
3766
4025
2927
2925
4379
5084
4693
3614
2827
3599
3971
2285
933
776
524
-114
-1883
-3864
-4268
-4422
-5108
-5622
-7015
-8932
-9267
-8457
-7751
-7616
-8700
-9697
-9169
-8054
-6414
-4862
-5505
-6801
-5850
-3341
-1209
-643
-1099
-284
1373
1645
2177
4560
6458
6009
3987
3739
7183
9855
7909
4905
5382
7885
8578
6573
4771
5633
6574
5395
4236
4180
3648
2312
1536
2078
2761
956
-2595
-3113
-268
1032
-1467
-5050
-5364
-2168
-830
-3263
-4864
-3334
-1483
-1658
-2929
-2391
509
1234
-949
-1112
1925
4512
3487
609
1122
5072
6636
4388
2841
3667
4747
4568
3449
3457
4076
2665
591
234
656
384
-1116
-3103
-3539
-3108
-4381
-6104
-6561
-6506
-6243
-6524
-7771
-8648
-8655
-7687
-6119
-5990
-7462
-7753
-6320
-5029
-4264
-3678
-3067
-2502
-2655
-2545
-565
1745
2169
1163
637
1922
3964
4463
3710
3831
4701
4962
4471
4018
4388
5190
5292
4654
3837
2976
2653
3320
4006
3592
2029
184
-167
1164
2011
1205
-489
-1565
-1257
-446
-268
-473
-799
-1244
-1178
-494
206
445
136
-58
740
2341
3349
2634
1112
1104
3735
6580
6209
2922
807
2649
6317
7442
4671
1453
1301
2970
3751
2936
1478
453
-557
-1754
-1938
-1268
-1739
-3572
-5196
-5649
-5011
-4973
-6334
-7138
-6690
-6189
-6360
-7364
-7975
-6913
-5428
-5060
-5285
-5514
-5544
-4817
-3575
-2080
-951
-1568
-2909
-2321
-74
1503
1359
441
397
1244
1587
1676
2469
2820
2117
1487
1818
2681
2647
1669
1454
2389
2592
1357
276
591
1783
2108
999
-151
-242
415
850
945
907
733
380
56
788
2509
3387
2464
1022
1188
3393
5489
5271
3446
2594
3684
5570
6333
5521
4527
4003
4153
4852
5363
4873
3325
2193
2331
2890
2386
799
-205
-333
-590
-1478
-2434
-2686
-2952
-3861
-4807
-4923
-4617
-5113
-6116
-6448
-5607
-5030
-6056
-7251
-6677
-4553
-3465
-4644
-6107
-5585
-3326
-1834
-2160
-2865
-2603
-1600
-1037
-1060
-619
359
732
17
-543
13
1009
1207
627
552
859
482
-373
-460
635
1310
262
-1323
-1614
-518
191
-367
-1106
-1060
-735
-1070
-1452
-768
551
815
-341
-982
81
1888
2837
2611
2222
2259
2887
4305
5957
6364
5161
4252
5345
7504
8159
6826
5826
6303
6832
6337
5700
6024
6109
4610
2825
2762
3916
3476
1140
-645
-409
364
-605
-2524
-3553
-3481
-3418
-4023
-4663
-5355
-6188
-6422
-5573
-4759
-5878
-7784
-7598
-5121
-3573
-5148
-7158
-6244
-3389
-2316
-3784
-4500
-2716
-735
-1126
-2442
-1619
687
1455
112
-620
798
1989
1222
284
1136
2317
1235
-884
-706
1520
1823
-934
-2987
-1575
713
-154
-3047
-3737
-1741
-661
-2294
-3665
-2376
-654
-1334
-3035
-2441
85
1132
-146
-822
797
2528
2415
1974
3194
4983
5053
3979
4321
6155
7045
6323
6012
7022
7489
6219
5244
6519
8170
7100
4258
3358
5001
5957
4201
1908
1710
2548
1888
63
-809
-400
-453
-1707
-2810
-2906
-2907
-3460
-3882
-3908
-4263
-5053
-5075
-4017
-3672
-4991
-6033
-4857
-2892
-2929
-4634
-5003
-3142
-1765
-2570
-3574
-2702
-1171
-1328
-2506
-2166
-519
-233
-1750
-2419
-934
344
-722
-2386
-1951
-386
-587
-2459
-3005
-1332
-374
-2004
-3847
-3166
-1161
-1074
-2903
-3445
-1774
-680
-1816
-2917
-1609
588
601
-1089
-1113
1239
2944
2166
1008
2102
4460
5146
4048
3713
5112
6445
6340
5826
6329
7096
6693
5787
6024
7171
7351
5925
4465
4471
5182
5025
3945
3032
2548
1860
988
638
894
609
-770
-2111
-2294
-1788
-1767
-2454
-3164
-3474
-3665
-3699
-3372
-3076
-3355
-3893
-3784
-3055
-2677
-2930
-2928
-2302
-1897
-2186
-2288
-1504
-788
-1250
-2045
-1603
-233
38
-1371
-2422
-1585
-172
-283
-1654
-2407
-2027
-1812
-2329
-2502
-1953
-2009
-3357
-4484
-3809
-2298
-2255
-3691
-4453
-3569
-2562
-2891
-3495
-2845
-1567
-1382
-2205
-2118
-545
763
490
-114
722
2496
3332
2773
2436
3492
4985
5507
5207
5214
5763
6045
5794
5850
6639
7183
6451
4929
4224
4972
5995
5776
4162
2444
1832
2272
2763
2414
1224
-71
-700
-616
-458
-763
-1274
-1541
-1686
-2107
-2583
-2470
-1842
-1513
-1908
-2289
-2068
-1654
-1564
-1631
-1189
-436
-299
-924
-1353
-865
-42
253
-36
-276
-352
-741
-1151
-883
-89
54
-1184
-2675
-2842
-1812
-1210
-1974
-3270
-3840
-3653
-3514
-3671
-3821
-3904
-4282
-4770
-4654
-4020
-3748
-4197
-4553
-3921
-2921
-2728
-3181
-3117
-2087
-1023
-782
-847
-309
600
1161
1433
2045
3009
3516
3455
3764
4753
5483
5261
4914
5537
6555
6517
5464
4880
5496
6239
5842
4646
3864
3794
3816
3489
2943
2363
1722
1144
866
702
276
-250
-431
-407
-791
-1487
-1657
-1102
-749
-1267
-1885
-1637
-964
-961
-1520
-1481
-618
-112
-671
-1359
-1077
-154
261
-85
-457
-492
-560
-693
-399
189
75
-1157
-2271
-1886
-636
-372
-1640
-3012
-3187
-2563
-2334
-2733
-3098
-3301
-3662
-4098
-4038
-3433
-3120
-3561
-4067
-3832
-3173
-2964
-3217
-3079
-2251
-1567
-1673
-1932
-1459
-507
89
242
569
1221
1566
1474
1746
2762
3669
3634
3163
3329
4068
4364
4068
4192
4896
4971
3831
2834
3475
4854
4781
3019
1665
2066
2971
2665
1495
986
1281
1120
202
-345
119
633
164
-782
-1033
-499
-127
-326
-597
-540
-401
-403
-318
3
161
-165
-446
-16
778
856
-42
-790
-343
745
1085
226
-873
-1178
-749
-299
-326
-829
-1555
-2212
-2479
-2262
-1904
-1981
-2711
-3603
-3864
-3354
-2849
-3131
-3909
-4127
-3463
-2829
-3084
-3786
-3740
-2679
-1736
-1812
-2360
-2299
-1471
-645
-287
-82
279
578
704
944
1559
2257
2534
2491
2550
2829
3024
2962
3064
3648
4108
3565
2338
1879
2915
4094
3568
1718
696
1463
2463
1928
512
154
957
1104
-99
-1043
-393
709
424
-863
-1201
-170
524
-149
-928
-332
931
1100
92
-468
222
1110
1197
940
1016
1004
374
-93
676
1967
1844
115
-1139
-455
901
863
-393
-1055
-684
-643
-1549
-2147
-1442
-645
-1400
-3040
-3506
-2383
-1537
-2305
-3452
-3281
-2270
-2117
-3131
-3730
-2835
-1480
-1247
-2154
-2869
-2452
-1241
-284
-146
-536
-777
-457
257
917
1274
1378
1406
1468
1588
1868
2242
2466
2464
2388
2455
2436
2035
1631
1884
2571
2534
1356
230
423
1323
1327
292
-388
-79
92
-680
-1312
-682
206
-311
-1724
-1866
-352
599
-376
-1642
-1084
641
1187
157
-553
160
1166
1262
1000
1302
1655
1176
547
1086
2352
2482
1125
174
854
1838
1467
360
191
856
733
-514
-1220
-452
390
-332
-1912
-2377
-1457
-895
-1735
-2741
-2532
-1700
-1793
-2813
-3240
-2474
-1624
-1751
-2395
-2558
-2120
-1648
-1397
-1105
-769
-705
-872
-778
-194
515
836
746
618
704
1023
1437
1738
1708
1512
1552
1792
1750
1326
1206
1735
2130
1530
457
266
1025
1464
912
176
138
350
108
-200
119
599
228
-643
-602
451
933
93
-687
-31
1170
1139
110
-160
747
1381
882
304
731
1354
984
180
258
1046
1149
295
-274
104
466
-27
-657
-515
-96
-468
-1394
-1676
-1105
-752
-1340
-2129
-2201
-1824
-1784
-2197
-2433
-2213
-2016
-2188
-2435
-2344
-2001
-1786
-1786
-1744
-1545
-1374
-1230
-950
-523
-182
-121
-115
150
655
1107
1284
1270
1311
1569
1943
2193
2155
1954
1984
2295
2450
2154
1724
1739
2133
2176
1558
930
959
1361
1364
819
332
284
377
305
188
188
147
-118
-317
-91
317
379
52
-112
201
586
581
424
583
924
940
611
528
948
1283
1027
507
366
639
737
407
15
-77
-79
-373
-811
-996
-934
-1043
-1501
-1977
-2121
-2089
-2246
-2534
-2696
-2704
-2818
-3151
-3331
-3117
-2785
-2764
-3035
-3185
-2968
-2573
-2325
-2224
-2058
-1830
-1654
-1462
-1083
-578
-213
-83
60
415
840
1154
1395
1648
1886
2002
2076
2281
2564
2735
2690
2580
2624
2721
2738
2694
2636
2507
2257
2051
2098
2216
2004
1511
1230
1358
1492
1208
737
629
831
825
461
199
373
600
453
130
103
368
462
309
242
405
501
335
224
423
665
546
194
89
295
380
85
-218
-202
-150
-442
-895
-1010
-858
-959
-1431
-1821
-1828
-1771
-2034
-2363
-2351
-2246
-2467
-2929
-3044
-2621
-2294
-2556
-2975
-2928
-2498
-2226
-2285
-2278
-1997
-1740
-1701
-1626
-1268
-799
-576
-597
-516
-187
194
433
553
703
850
927
1064
1308
1520
1558
1454
1433
1574
1706
1724
1678
1542
1386
1390
1552
1643
1370
983
1034
1429
1487
1006
662
1016
1538
1397
794
666
1221
1630
1376
961
1041
1414
1461
1250
1284
1513
1460
1115
1060
1436
1618
1236
790
874
1206
1134
666
376
468
511
220
-146
-299
-349
-542
-805
-948
-1063
-1343
-1679
-1793
-1667
-1671
-2056
-2509
-2569
-2292
-2114
-2311
-2687
-2782
-2574
-2375
-2310
-2342
-2309
-2188
-2110
-2027
-1813
-1482
-1234
-1229
-1328
-1171
-694
-301
-264
-374
-267
48
258
279
382
637
767
629
509
728
1099
1154
876
747
1006
1266
1124
849
963
1339
1380
990
754
1093
1522
1411
1012
936
1255
1443
1268
1139
1342
1530
1349
1109
1217
1528
1563
1258
1085
1223
1329
1163
959
980
1058
892
597
514
612
535
240
71
115
53
-260
-510
-451
-337
-543
-908
-1027
-931
-940
-1164
-1309
-1245
-1228
-1386
-1530
-1453
-1316
-1375
-1526
-1505
-1353
-1314
-1399
-1368
-1164
-1070
-1173
-1176
-947
-751
-803
-912
-762
-486
-440
-553
-498
-264
-165
-277
-276
-37
119
-3
-153
-13
250
240
27
14
237
309
90
-36
198
418
261
0
79
416
508
283
218
478
688
564
408
618
973
999
750
707
1013
1251
1152
1009
1143
1360
1336
1151
1154
1361
1413
1209
1029
1085
1186
1064
846
791
847
756
482
314
361
384
196
-77
-189
-176
-257
-456
-567
-568
-624
-799
-968
-984
-910
-931
-1051
-1157
-1180
-1151
-1125
-1109
-1087
-1071
-1084
-1063
-999
-912
-837
-797
-769
-739
-698
-613
-496
-430
-432
-429
-362
-264
-227
-243
-204
-129
-121
-188
-226
-162
-86
-99
-171
-184
-145
-131
-135
-88
-1
8
-73
-78
88
277
273
149
165
377
558
549
466
523
703
805
786
786
871
949
941
921
979
1039
1005
912
878
937
963
876
741
672
692
681
565
440
382
383
346
220
100
43
28
-13
-106
-201
-244
-257
-302
-373
-416
-403
-384
-424
-522
-566
-512
-432
-434
-530
-569
-520
-470
-464
-464
-432
-411
-458
-502
-426
-309
-305
-408
-468
-391
-292
-312
-400
-412
-342
-303
-364
-456
-460
-390
-337
-364
-462
-535
-483
-349
-272
-341
-463
-457
-301
-161
-147
-222
-249
-158
-17
102
140
114
98
173
359
518
519
415
403
571
766
791
684
629
690
782
829
836
787
705
646
668
765
779
631
473
463
553
582
464
317
289
322
288
191
135
127
82
-26
-87
-33
20
-64
-233
-300
-202
-89
-139
-316
-430
-358
-241
-253
-369
-437
-393
-352
-385
-395
-337
-312
-383
-461
-414
-288
-266
-399
-508
-435
-295
-304
-459
-539
-432
-311
-378
-523
-517
-373
-285
-356
-443
-398
-288
-231
-237
-228
-175
-132
-134
-98
24
120
91
10
56
262
401
333
204
233
425
554
498
393
391
470
513
508
522
532
472
385
397
515
564
429
267
270
402
459
334
196
210
281
267
181
136
149
116
26
-7
56
70
-43
-168
-159
-49
-24
-138
-259
-246
-143
-108
-169
-239
-250
-220
-190
-174
-177
-202
-234
-228
-189
-171
-184
-197
-197
-196
-200
-191
-183
-214
-244
-227
-196
-220
-280
-293
-231
-179
-222
-306
-310
-217
-145
-172
-222
-208
-149
-116
-104
-66
-22
-28
-61
-22
91
160
115
53
104
221
272
242
207
229
269
280
283
318
340
292
233
253
340
363
279
191
207
278
279
212
183
204
198
135
112
160
185
109
-4
5
112
134
15
-86
-38
59
40
-72
-118
-65
-28
-69
-115
-122
-127
-153
-172
-130
-90
-141
-209
-202
-122
-94
-167
-219
-172
-115
-144
-197
-190
-128
-125
-193
-225
-182
-137
-173
-226
-198
-143
-156
-224
-219
-130
-85
-138
-193
-149
-62
-52
-95
-84
-19
19
1
-6
35
84
100
79
86
132
153
139
148
190
209
186
166
191
222
222
202
218
249
235
206
202
217
221
196
179
195
190
147
129
161
196
164
70
46
112
143
76
10
36
88
63
-15
-32
8
19
-27
-74
-72
-66
-94
-120
-106
-83
-109
-171
-186
-136
-101
-146
-205
-196
-151
-161
-222
-239
-188
-177
-242
-283
-246
-192
-212
-264
-260
-209
-189
-231
-247
-184
-126
-147
-190
-160
-74
-44
-89
-98
-26
34
18
-2
52
131
135
92
105
165
187
159
149
194
226
193
162
192
243
239
200
199
240
252
211
200
239
260
230
189
201
236
218
177
172
201
199
140
97
122
162
126
65
53
82
83
31
-8
4
26
-12
-61
-74
-54
-53
-95
-122
-110
-99
-129
-172
-186
-178
-184
-213
-226
-224
-233
-249
-256
-256
-271
-280
-269
-267
-282
-294
-288
-266
-264
-280
-273
-242
-220
-243
-256
-207
-151
-135
-156
-149
-90
-35
-46
-65
-26
30
49
37
55
122
157
138
137
186
241
241
208
216
272
295
259
236
275
326
307
251
258
324
347
291
245
284
329
308
248
239
280
271
220
189
220
245
199
136
128
162
150
88
53
76
80
23
-28
-22
8
-18
-89
-123
-105
-100
-135
-171
-190
-201
-215
-236
-249
-265
-279
-290
-305
-320
-334
-329
-313
-325
-352
-348
-315
-294
-326
-342
-297
-247
-260
-313
-300
-214
-160
-199
-241
-189
-107
-104
-142
-120
-26
14
-37
-58
17
101
88
24
53
159
190
132
103
182
259
223
157
191
286
298
224
198
281
347
298
236
266
329
326
259
239
293
311
258
213
246
283
249
188
183
235
238
176
135
159
180
129
72
73
97
71
7
-28
-23
-28
-60
-85
-91
-103
-126
-148
-159
-164
-179
-203
-214
-225
-238
-245
-243
-250
-263
-259
-251
-246
-257
-271
-249
-206
-201
-230
-232
-190
-146
-159
-184
-151
-100
-93
-121
-108
-47
-9
-35
-55
-16
41
56
16
10
56
86
59
27
51
97
94
44
35
94
123
81
39
62
110
110
68
57
92
118
103
75
83
111
114
93
95
127
142
116
90
113
139
132
109
101
122
133
113
96
100
114
108
84
65
68
77
68
50
35
33
30
13
-8
-10
3
-7
-34
-48
-31
-17
-48
-86
-90
-65
-66
-99
-118
-98
-74
-89
-120
-122
-92
-85
-120
-147
-131
-89
-108
-155
-150
-108
-86
-121
-147
-118
-79
-76
-102
-102
-65
-42
-59
-77
-57
-20
-24
-59
-60
-23
2
-11
-30
-12
13
22
12
7
24
39
51
67
84
78
72
82
112
133
125
118
125
144
157
156
149
144
143
141
141
143
133
123
121
119
113
93
81
82
77
50
34
46
45
21
-6
-6
-2
-21
-48
-51
-34
-49
-82
-97
-81
-60
-77
-107
-107
-85
-88
-113
-114
-82
-62
-86
-115
-85
-40
-40
-68
-75
-43
-24
-54
-80
-51
-23
-37
-69
-75
-44
-32
-61
-83
-71
-51
-60
-85
-81
-60
-58
-80
-95
-67
-37
-41
-55
-48
-19
-15
-25
-13
18
35
22
7
27
63
77
61
46
70
107
120
109
105
123
136
135
128
133
145
144
133
127
134
145
146
132
126
132
131
119
95
88
90
78
50
27
35
47
30
-6
-17
-13
-26
-44
-53
-53
-49
-69
-97
-95
-69
-65
-93
-121
-109
-82
-93
-117
-118
-94
-84
-115
-131
-102
-79
-84
-97
-95
-75
-66
-86
-98
-82
-60
-76
-102
-103
-76
-51
-69
-93
-84
-59
-60
-68
-70
-52
-32
-36
-40
-26
-3
15
13
6
22
43
52
51
48
68
94
106
102
103
113
131
139
129
131
136
131
123
111
121
140
133
112
106
122
124
106
91
93
95
67
39
41
58
56
21
-4
7
27
12
-18
-21
-1
-1
-26
-45
-30
-8
-32
-71
-83
-65
-61
-80
-91
-77
-63
-79
-95
-86
-64
-62
-81
-89
-82
-67
-74
-88
-79
-60
-56
-73
-88
-82
-69
-67
-81
-81
-61
-50
-53
-59
-64
-53
-43
-46
-48
-43
-38
-22
-14
-17
-12
1
9
16
22
28
37
50
55
54
59
69
79
85
89
92
93
94
90
92
101
101
99
99
91
88
88
95
97
81
63
64
74
74
60
50
49
50
40
26
24
32
26
5
-11
-5
14
12
-3
-12
-10
-7
-16
-21
-19
-26
-41
-60
-56
-40
-41
-53
-58
-51
-47
-53
-64
-63
-57
-61
-74
-77
-72
-74
-82
-87
-88
-86
-92
-98
-89
-83
-82
-85
-90
-83
-82
-84
-68
-60
-62
-73
-76
-54
-29
-21
-29
-24
-8
7
20
18
25
39
38
45
58
74
87
84
81
85
97
100
105
111
110
108
116
125
115
104
111
116
104
84
83
99
102
86
67
70
81
81
65
48
50
51
41
31
30
30
13
-9
-10
-1
0
-23
-49
-40
-17
-24
-51
-63
-55
-51
-73
-90
-86
-75
-77
-101
-107
-93
-88
-108
-126
-117
-97
-96
-112
-118
-111
-103
-108
-116
-106
-96
-102
-111
-95
-70
-63
-73
-76
-52
-25
-21
-29
-20
2
21
21
23
47
61
65
58
64
84
98
105
104
103
113
123
118
114
124
133
128
107
96
108
125
113
84
69
75
87
76
48
41
55
50
30
11
10
15
0
-24
-32
-26
-36
-57
-61
-41
-30
-51
-66
-55
-33
-26
-39
-46
-36
-27
-40
-53
-44
-25
-29
-53
-61
-44
-24
-30
-43
-38
-26
-24
-35
-41
-34
-34
-45
-54
-54
-49
-51
-59
-60
-51
-39
-37
-44
-38
-22
-16
-24
-32
-26
-17
-6
-8
-8
3
17
24
22
23
34
43
37
28
39
61
70
65
60
72
74
60
55
61
71
74
59
56
74
78
69
50
40
50
48
37
30
31
38
35
21
21
31
21
0
-4
12
12
-11
-29
-28
-11
-12
-34
-41
-30
-21
-30
-48
-48
-27
-23
-40
-50
-48
-43
-44
-54
-57
-49
-54
-62
-62
-61
-55
-55
-59
-53
-50
-44
-40
-39
-38
-39
-43
-48
-42
-33
-28
-23
-17
-12
-5
-1
9
15
11
13
15
16
20
25
31
41
42
37
39
43
48
52
64
65
57
55
66
75
69
55
51
53
58
54
43
42
53
52
44
41
43
42
28
15
18
30
26
12
5
15
27
14
-5
-10
-10
-6
-15
-25
-21
-25
-32
-33
-31
-26
-25
-38
-44
-35
-30
-37
-48
-49
-43
-42
-49
-50
-47
-46
-39
-35
-39
-41
-48
-48
-46
-49
-47
-53
-56
-56
-52
-41
-36
-30
-33
-33
-26
-15
-10
-8
-9
-11
-4
3
4
5
9
16
24
29
31
34
45
56
55
43
32
40
54
48
39
35
41
52
49
46
53
55
54
49
41
55
61
56
49
43
47
44
29
22
29
30
22
16
17
24
18
13
13
8
3
-10
-16
-12
-7
-11
-25
-31
-25
-20
-18
-32
-40
-37
-40
-40
-42
-46
-48
-48
-40
-41
-48
-49
-52
-56
-50
-44
-43
-42
-46
-50
-48
-40
-35
-36
-45
-51
-45
-33
-28
-27
-29
-27
-17
-10
-4
-1
5
14
23
20
15
17
27
34
32
27
30
42
46
42
37
47
50
45
37
38
49
50
40
31
37
48
51
40
38
46
49
40
31
34
33
25
15
11
14
16
11
10
20
22
9
1
2
9
7
-13
-28
-26
-24
-27
-36
-34
-23
-22
-24
-27
-29
-25
-25
-26
-24
-25
-34
-38
-42
-40
-39
-43
-41
-34
-27
-26
-30
-24
-14
-13
-20
-24
-16
-6
-6
-10
-14
-11
-6
-7
-14
-13
-12
-9
-1
-6
-1
5
1
1
5
8
10
11
11
9
21
29
25
22
20
21
24
26
21
24
27
29
23
17
21
25
26
26
24
25
25
26
29
26
20
13
8
15
17
8
8
10
14
22
16
-1
-1
10
6
1
-1
4
7
7
6
4
-2
-7
-4
-6
-7
-9
-16
-20
-21
-19
-12
-9
-18
-16
-15
-18
-19
-15
-17
-21
-20
-19
-13
-15
-19
-20
-22
-15
-7
-8
-13
-20
-19
-12
-15
-20
-16
-16
-26
-29
-27
-20
-24
-35
-32
-19
-10
-20
-30
-21
-7
0
-7
-12
-1
2
2
2
9
21
22
16
22
30
31
21
10
18
29
28
25
26
37
45
39
37
41
44
47
39
29
27
33
32
28
32
32
31
29
26
27
26
20
20
20
18
10
5
3
-2
1
-1
0
-2
-12
-17
-22
-25
-27
-32
-33
-34
-29
-26
-27
-33
-37
-39
-40
-41
-43
-49
-56
-56
-48
-43
-41
-35
-28
-26
-20
-13
-5
-4
-10
-14
-16
-13
-11
-13
-14
-5
4
4
3
4
15
23
17
19
23
22
19
12
17
19
12
6
12
26
31
24
14
25
36
32
20
13
23
34
26
11
12
20
21
15
8
12
15
11
12
17
14
12
11
11
14
14
8
-1
1
3
-5
-13
-14
-11
-6
-10
-13
-8
-5
-2
-3
-4
-3
-2
-5
-7
-13
-22
-22
-18
-15
-14
-13
-14
-14
-10
-6
-5
-15
-17
-17
-11
-8
-18
-22
-23
-17
-17
-20
-15
-12
-2
-3
-2
1
-1
-7
-11
-12
-8
-6
-12
-16
-8
1
0
1
7
12
16
