SAMPLES:	18128
BITSPERSAMPLE:	16
CHANNELS:	1
SAMPLERATE:	16000
NORMALIZED:	FALSE
12
0
13
5
-9
-3
-10
-10
-4
-8
-9
-3
-7
-13
-10
-16
-9
-6
-13
-4
-15
-18
-9
-5
0
-13
-10
-15
-28
-29
-33
-36
-34
-25
-28
-26
-14
-13
-7
-12
-13
-9
-10
-3
-4
-3
2
-1
7
11
0
4
0
-3
-2
-1
1
4
16
13
14
29
19
8
16
16
13
8
14
27
19
19
30
37
21
17
20
13
14
22
25
24
17
9
16
21
14
5
1
-8
-8
-1
-2
-5
-11
-7
-3
-3
-8
-18
-19
-17
-25
-28
-22
-23
-28
-18
-19
-11
-4
-14
-8
-19
-26
-10
-11
-16
-13
-14
-9
-3
-1
5
-2
-6
3
3
0
2
6
10
1
4
6
-6
5
12
5
6
8
9
5
9
16
8
6
18
15
6
12
10
9
8
4
11
11
10
21
12
14
10
3
0
-5
-8
-15
-15
-19
-12
-16
-11
-6
-10
4
-4
-2
12
12
6
1
-2
-11
-16
-10
2
-3
-2
10
16
12
5
10
9
7
3
-5
-1
-6
-7
3
-10
-16
-9
-19
-17
-15
-17
-7
-7
3
3
-1
2
-10
-18
-17
-17
-20
-26
-22
-10
-1
-3
2
-3
-1
7
10
7
10
17
10
16
7
9
18
4
4
3
4
10
17
17
7
20
22
23
17
2
9
11
13
19
13
11
17
6
5
9
2
10
7
8
-3
-3
4
-10
-9
-8
-14
-4
4
-7
-2
-11
-13
-3
-13
-14
-26
-11
-7
-16
-5
-17
-16
-14
-19
-15
-19
0
9
14
22
16
19
18
9
6
4
-4
-14
-11
-3
-10
-7
3
-5
-1
-4
-6
3
-8
-15
-12
-7
-7
-7
-2
-2
3
5
4
-9
-13
-7
-17
-11
-6
-4
-5
-4
5
-5
-5
7
5
4
7
-3
-9
-10
-16
-6
-4
3
4
-2
1
0
10
9
6
11
25
29
15
16
16
23
27
25
27
25
26
21
18
19
22
24
11
9
5
-3
-9
-3
-7
-13
-8
-1
6
7
14
12
9
0
-5
-7
-18
-19
-33
-25
-26
-22
-22
-30
-18
-21
-13
-12
-3
-8
-7
1
-12
-4
-9
-9
-1
-16
-16
-17
-29
-12
-12
-16
-7
-12
-8
1
13
12
-1
2
6
9
12
2
1
5
1
8
0
4
6
2
4
2
6
-1
0
11
10
10
11
18
17
15
11
4
16
12
24
27
17
26
14
13
16
3
-2
-9
2
0
6
13
6
4
4
4
5
-5
-12
-13
-11
-10
-20
-15
-17
-21
-15
-15
-14
-9
-12
-6
-6
-1
-12
-10
-6
-18
-14
-15
-7
-10
-9
-5
-17
-15
-6
-11
-14
-15
-8
2
16
22
18
15
9
3
4
12
4
1
12
13
15
21
13
7
-2
-8
5
-4
3
1
2
8
2
25
13
4
15
10
8
12
7
1
-2
10
18
5
5
4
3
-1
-1
-3
3
0
-11
-7
-15
-14
-10
-10
-14
-5
-4
5
5
-3
2
3
1
-6
-2
1
-8
-10
-7
-4
-10
-17
2
-5
-15
-7
-9
-1
9
2
-14
-9
-5
-15
-11
-11
-13
-5
3
5
11
8
1
8
9
9
10
0
2
2
5
-5
-8
-1
-11
-3
-6
-9
-8
-16
-11
-5
-5
7
18
13
10
-2
-3
4
-2
1
-1
-6
3
-2
-3
18
23
16
18
18
18
18
17
12
10
14
9
-3
-3
6
-3
-7
-1
3
2
-4
-4
8
26
19
8
8
3
-6
-6
2
0
-2
-13
-5
4
-4
-10
-2
3
-3
2
4
-3
-1
1
-1
-6
-4
6
-2
-10
-13
-19
-18
-13
-10
-18
-18
-17
-21
-15
-7
-12
-10
-3
-3
-7
-12
-11
-11
-8
-19
-9
-9
-19
-4
-13
-17
-3
-8
-15
-11
-14
-8
13
2
5
14
1
9
16
9
19
21
5
9
8
4
10
7
11
12
10
27
20
20
37
29
37
39
32
34
34
37
36
30
19
7
-1
-1
-5
7
10
9
5
0
5
4
8
-3
1
-9
-12
0
-16
-18
-18
-24
-21
-29
-29
-35
-47
-34
-31
-41
-35
-35
-32
-27
-21
-12
-24
-26
-19
-24
-16
-11
-15
-14
-12
0
-8
-15
-13
-17
-15
-15
2
7
4
16
14
9
7
10
9
9
15
10
21
26
27
37
42
38
32
28
27
33
29
33
27
21
24
18
12
19
13
16
22
10
16
8
6
9
8
13
1
12
7
-7
-12
-10
-8
-21
-12
-12
-23
-24
-18
-13
-18
-22
-22
-18
-9
-19
-25
-18
-11
-12
-19
-20
-21
-16
-16
-15
-15
-9
-1
-10
-9
-1
-2
-8
-9
-6
2
-4
-1
10
1
-3
-12
-9
-7
-1
-8
-13
-10
-11
6
10
7
0
1
8
11
-9
-9
-4
3
18
5
6
15
14
7
6
11
11
21
24
23
38
31
22
22
19
27
31
24
18
23
15
14
22
22
16
14
10
-9
-10
-11
-11
-8
-15
-10
-13
-6
-2
-11
-9
-9
-16
-21
-12
-12
-22
-22
-14
-10
-14
-12
-17
-27
-26
-26
-13
-13
-24
-10
-9
-11
-3
-7
-8
-9
-5
-11
-13
-6
-10
4
3
-2
8
-3
0
6
3
3
4
18
20
23
27
20
21
16
13
9
-10
4
19
8
9
13
14
3
4
2
8
16
9
2
1
4
0
-8
-11
8
13
6
6
6
4
-4
-7
-8
-8
-18
-23
-8
-15
-14
-9
-6
-14
-10
1
-8
-15
-18
-5
-10
-5
8
-7
-4
-6
-9
-7
-9
-1
5
4
1
10
14
12
14
15
12
21
22
12
18
8
2
3
0
4
0
8
6
-2
-2
-11
-6
-11
-10
5
13
18
2
2
7
8
4
-3
-7
-7
-11
-16
-14
-25
-16
-8
-4
-9
-11
-3
-2
4
14
10
4
3
1
-3
-8
-16
-12
-6
-18
-12
-20
-18
-18
-24
-1
-13
-1
21
19
29
31
25
27
35
32
25
19
17
26
10
9
16
6
2
-6
0
-2
-11
-7
0
-12
-6
0
-10
-11
-5
-6
-18
-19
-13
-19
-29
-25
-17
-13
-16
-13
-21
-23
-10
-14
-15
-10
-1
-4
-19
-14
-8
-15
-11
-13
-8
-11
-16
3
14
23
25
22
29
28
13
19
25
26
27
24
29
30
23
22
25
25
31
22
18
29
21
19
5
-5
3
-1
7
6
-1
-3
-7
-11
-13
-7
-12
-8
-4
-17
-20
-16
-26
-36
-33
-33
-28
-26
-21
-27
-23
-12
-27
-16
-5
-22
-23
-10
-20
-7
12
3
2
-2
5
10
2
8
15
11
6
6
12
18
13
10
17
9
17
5
3
24
17
18
22
21
21
9
4
-1
3
12
10
8
-3
-5
1
-2
0
1
-3
6
1
-3
-1
-7
5
-3
-15
-3
-3
-8
-15
-10
-9
-17
-8
0
-4
-9
-13
-15
-7
-2
-16
-23
-10
-8
-8
-9
-11
-6
-15
-19
-9
-8
-7
1
-8
-3
3
1
8
4
15
18
1
12
10
11
18
13
25
21
13
19
17
9
21
24
10
5
4
8
2
1
0
-5
-4
0
1
-7
-1
-4
-12
0
-6
-10
-11
-21
-15
-12
-7
-8
-5
3
6
3
-3
12
18
8
11
13
6
8
10
0
4
9
7
14
11
1
-7
2
-5
-10
-8
-17
-5
6
2
4
6
2
3
-11
-10
-3
-12
-3
-5
5
13
-2
0
-10
-7
-23
-47
-36
-38
-37
-31
-27
-22
-18
-14
-11
-3
1
-5
-4
-1
0
-8
-18
-5
1
-8
-1
10
4
14
18
11
19
6
8
21
34
41
36
42
37
36
41
33
25
26
17
21
14
2
16
11
5
22
24
19
9
10
16
7
-1
-13
-18
-17
-15
-9
-10
-17
-26
-24
-22
-31
-44
-47
-38
-33
-25
-19
-22
-16
-7
-11
-21
-20
-4
-7
-6
-5
3
11
5
5
9
2
-10
4
5
4
14
12
11
20
18
15
19
12
21
15
3
12
23
6
1
9
0
7
5
-8
-9
-13
-12
-4
-15
-16
-10
-12
-8
-18
-7
4
-4
-11
-8
-4
-1
-5
-5
6
-4
-3
1
-4
-7
-4
-11
-5
1
-2
9
5
8
13
14
18
6
11
19
-4
6
5
6
19
-9
-9
-11
-11
1
-6
5
4
4
11
2
14
16
7
17
21
15
16
8
0
3
-1
-6
-4
3
10
9
11
13
11
10
-1
-2
-10
-14
-15
-13
-7
-20
-8
-5
-10
-5
-19
-20
-16
-17
-24
-15
-11
-15
-8
-19
-16
-19
-23
-4
3
-4
-17
-6
0
-3
-5
2
0
-7
2
0
8
9
11
13
17
10
16
15
10
24
12
11
11
7
7
0
13
11
10
19
21
26
12
4
11
-1
-5
-6
-23
-22
-9
-12
-12
-1
-4
-10
-9
-2
5
13
13
4
9
14
12
10
-5
-1
-7
-4
8
1
-6
-1
15
10
17
5
7
-8
-11
0
-17
-19
-15
-27
-16
-3
-19
17
-30
-8
-2
-11
1
-27
16
-4
-15
3
-8
0
21
-6
16
-12
-12
14
-29
14
-11
-12
4
-20
-8
-5
-9
-5
-11
-19
15
-3
8
23
6
23
10
5
19
16
12
17
3
23
9
3
30
16
29
15
27
3
-11
16
1
-3
9
5
-18
11
8
-13
-3
2
-14
-30
-4
-24
-24
-9
-3
-7
-9
9
-7
-4
-12
-16
-13
-13
-1
-11
-23
-19
-16
-17
-21
-12
-16
1
7
-12
16
15
4
15
14
25
13
4
15
14
9
6
3
6
5
5
26
15
11
15
9
4
17
23
5
14
15
4
-4
-14
-7
-6
-5
0
-5
0
1
-10
-18
-15
-32
-21
-12
-10
-6
-13
-3
-11
-10
-1
5
3
-8
2
-1
3
18
4
1
-4
0
-12
-11
-7
-10
5
-5
6
-2
-4
7
-3
-1
-2
-12
0
0
-15
10
0
-6
14
13
7
-2
-10
3
3
-16
-1
5
-9
9
12
9
-2
8
11
7
17
4
7
-2
-4
3
26
27
29
-15
-15
-3
-23
23
-4
13
2
-8
28
-22
2
-7
-26
1
-27
30
13
-23
7
-22
1
46
26
-8
-31
-17
11
-19
54
18
-9
-5
-30
21
-1
19
8
-42
-24
2
-7
10
17
36
-9
-15
17
-9
12
4
9
1
-18
11
-4
-24
-6
1
-9
-6
15
-2
-2
3
13
33
-22
-42
-25
-3
5
-7
5
-25
-14
14
6
-3
-7
1
-23
-2
14
-18
-27
-39
-28
5
-18
-3
-25
-27
1
2
11
9
13
3
-11
2
11
1
3
-6
0
4
13
6
-2
14
12
16
6
1
6
-3
5
-3
-12
-2
-7
-4
15
4
5
10
18
19
13
22
3
8
30
14
14
18
5
14
19
13
12
22
-6
1
37
37
47
36
26
27
27
37
22
8
3
-13
-1
3
11
15
-2
-19
-10
-19
-22
-27
-21
-22
-27
-16
-19
-15
-34
-48
-39
-33
-40
-42
-53
-53
-47
-46
-30
-15
-20
-47
-43
-32
-28
-20
-24
-16
-11
-21
-11
-5
0
13
-3
-1
6
13
19
15
8
9
21
21
16
17
31
27
15
25
14
17
22
22
37
32
29
31
23
26
20
11
15
17
26
24
18
22
28
35
28
16
31
31
17
14
7
14
10
-3
-9
-8
-14
-18
-22
-10
2
-2
-4
-5
-12
-7
-13
-24
-23
-12
-13
-9
-15
-13
-6
-32
-12
-3
-22
-3
-3
-12
-17
-31
-28
-29
-29
-7
-15
-23
-7
3
10
16
16
17
17
6
6
5
-3
-10
-14
-3
-9
-6
3
4
-6
1
18
-11
-5
-1
-2
4
0
22
5
-12
-13
-21
-15
-24
-24
-13
-20
-4
5
-14
1
-3
-4
12
-1
8
4
10
13
-1
4
8
0
-3
14
8
9
7
-4
-3
2
14
16
17
13
27
38
23
31
22
35
31
25
42
25
18
17
11
15
16
5
11
2
-8
0
7
-5
-9
-6
-18
-11
-24
-16
-4
-13
-26
-28
-22
-28
-23
-39
-27
-19
-32
-25
-17
-24
-22
-19
-19
-1
-1
-8
-3
-9
-14
-7
-6
-9
-5
-4
-3
-2
-4
5
8
9
15
10
1
7
-6
-8
-5
-9
6
4
21
37
9
18
28
13
25
21
13
9
7
10
9
15
7
7
17
3
13
29
20
27
29
19
14
10
9
7
-4
-7
-6
-6
-14
-19
-17
-21
-18
-24
-27
-15
-1
-8
-14
-6
-12
-7
-5
-18
-7
8
-15
-14
-6
-11
-5
-8
-12
-11
-10
-25
-28
-15
-17
-15
-14
-7
2
-4
-2
-6
-9
-5
-13
-5
-1
6
10
4
14
6
1
-6
-7
8
5
9
16
14
17
28
21
11
9
15
17
3
13
9
15
17
21
13
20
29
9
16
7
10
9
7
13
22
27
15
21
25
18
10
11
-2
-1
-4
-15
-7
-17
-14
-14
-18
-18
-23
-17
-26
-32
-31
-40
-35
-17
-16
-11
-11
-9
-19
-20
-15
-22
-12
-20
-23
-8
-9
-9
0
-1
1
12
10
10
10
3
11
14
14
11
6
8
12
5
5
6
-5
0
-11
-3
-5
-5
14
1
4
-1
4
10
-1
1
5
-5
-10
2
4
5
7
-2
2
16
11
-5
6
12
4
14
26
18
9
13
19
14
23
24
9
13
8
13
10
-7
-8
-6
-12
-8
6
7
-1
-8
8
7
-4
2
-14
2
-3
-9
-5
-24
-14
-17
-17
-18
-25
-26
-20
-7
-19
-12
-15
-22
-12
-7
1
2
-4
2
6
0
11
-2
-11
-6
-8
-5
0
-7
-9
4
9
18
16
6
7
3
0
4
1
6
13
15
12
8
13
16
5
4
7
-7
-9
7
5
-7
5
-1
-8
0
-8
-20
-17
-1
-13
-11
6
-1
9
12
5
17
9
4
-14
-21
-11
-21
-3
11
9
1
11
20
29
25
18
19
23
24
10
17
18
9
0
3
1
3
-1
4
7
-2
3
-10
-1
-3
-17
-4
9
-16
-21
-1
-10
-17
-8
-6
-14
-8
-18
-22
-13
-21
-9
-14
-15
-21
-17
-16
-24
-8
-16
-13
-15
-11
-10
-25
-11
-14
-12
1
-6
-14
-15
-13
-14
1
6
8
17
19
18
13
20
14
15
14
9
11
17
24
10
7
9
20
21
12
15
17
24
25
30
34
40
45
35
19
12
13
15
18
11
17
21
10
4
-8
12
7
-21
-3
-11
-16
-11
-18
-24
-30
-29
-31
-17
-14
-22
-24
-31
-41
-24
-23
-30
-20
-15
-3
-7
-12
-3
-20
-24
-20
-18
-13
-13
-13
-9
-9
-4
6
9
2
2
4
1
0
9
19
0
0
1
-2
9
8
7
14
13
14
9
6
16
16
17
22
16
11
10
-6
-5
-5
-5
-3
4
8
0
-1
-6
-1
-6
1
4
-6
4
6
12
9
12
13
5
4
3
5
-7
-2
2
-14
-6
-4
-2
12
19
13
8
16
14
14
15
5
-3
-4
6
11
4
11
-2
0
10
2
-7
-3
12
0
-3
-3
-8
-6
5
17
-1
-8
-21
-29
-34
-31
-19
-24
-26
-20
-14
-10
-14
-15
-18
-29
-26
-15
-13
-7
-5
-9
-6
-5
0
9
3
-5
-4
-6
-1
9
7
5
6
0
6
21
14
12
29
26
26
29
10
20
20
14
26
10
3
5
-4
-10
-12
3
8
3
6
-1
8
15
16
12
14
15
16
10
-5
0
4
9
-1
-6
-11
-9
-16
-31
-29
-29
-15
-7
-3
4
0
-4
-6
-1
-5
-10
-20
-6
8
-11
-6
-3
-5
5
3
3
5
13
13
4
0
-4
1
-5
-6
-6
-2
2
-4
1
2
8
-2
1
3
-10
2
-10
-9
-4
-21
-12
-14
-25
-20
-19
-16
-5
2
2
2
10
6
-1
3
1
5
-3
-2
6
-13
-9
2
9
15
15
20
25
29
31
29
22
29
30
33
21
11
23
24
25
17
9
19
14
16
23
10
13
14
10
2
-4
0
-1
-12
-2
-11
-23
-15
-29
-24
-15
-30
-29
-21
-31
-44
-41
-35
-39
-37
-35
-32
-28
-19
-17
-30
-28
-27
-30
-28
-29
-28
-16
-11
-16
-10
-5
4
6
11
12
15
14
7
19
9
8
17
27
27
19
28
21
29
35
32
34
30
36
42
47
36
30
32
37
20
14
12
9
13
5
5
1
-1
-7
6
-3
3
16
2
12
9
-6
3
-5
-13
-10
-7
-17
-27
-21
-20
-13
-15
-22
-24
-14
-15
-16
-7
-12
-12
-11
-7
-6
-17
-12
-14
-16
-12
-16
-10
-14
-11
-6
-4
-10
-7
1
-4
2
-9
-11
0
-4
-6
-4
-3
-1
-1
-6
-2
0
5
11
-1
-5
-1
2
-9
2
12
1
13
14
13
16
12
18
16
7
10
10
2
6
13
19
22
12
16
9
0
7
2
0
10
13
7
2
-2
-10
-4
-4
-2
-1
-10
2
6
1
2
3
4
2
-4
-10
-11
-8
-25
-16
-7
-20
-7
1
-2
-1
1
5
-5
-4
12
-4
-13
-6
8
5
-1
8
2
13
13
11
14
0
14
8
-6
1
-14
-22
-9
-15
-16
-7
-7
-3
1
-11
-6
-1
-8
2
7
18
15
14
11
6
-2
-13
0
-9
0
13
10
6
2
4
1
-6
1
2
-2
-2
9
19
15
9
10
11
-13
-13
-15
-27
-17
-4
-11
-16
-9
-16
-7
-6
-5
-2
-2
2
-7
1
3
4
10
7
9
7
2
-3
4
-1
-5
-13
-5
4
0
10
6
9
10
15
24
9
9
10
-6
14
12
7
6
4
5
1
-9
-18
-7
-17
-5
8
-6
4
9
5
8
-4
-7
-11
-13
-4
-15
-14
-8
-13
-7
1
-13
-13
1
0
-5
-2
-4
-4
-3
-2
7
7
7
7
3
-11
-15
-6
-9
-11
9
15
19
26
17
24
21
7
5
6
-1
4
-5
-5
14
9
20
24
26
22
17
18
11
12
13
4
-8
-3
6
-6
-16
-10
-11
-5
-7
-15
-22
-16
-14
-4
-10
-27
-19
-17
-32
-27
-26
-29
-14
-22
-26
-15
-6
-5
2
6
-7
-16
-11
-6
-8
1
3
1
-1
-7
1
6
14
14
16
19
17
9
5
8
7
13
4
15
24
10
12
5
4
9
0
12
18
13
29
15
14
23
16
30
13
2
-3
-1
8
-1
2
-4
9
5
3
12
-11
-6
3
2
1
-9
-11
-21
-16
-6
-12
-17
-20
-20
-11
-15
-16
-16
-20
-23
-13
-5
0
-5
-9
3
-4
-2
-10
-12
1
-9
-6
5
0
3
-2
-4
-1
-7
3
8
1
15
19
13
20
8
0
3
1
-2
-5
-12
-3
3
-3
4
12
18
12
-5
8
5
1
2
-11
10
15
10
5
5
12
2
0
13
3
-1
2
-10
3
-4
-5
5
-7
11
6
-10
-15
-8
2
-3
-5
-2
4
10
11
9
-2
-1
-9
-15
-7
-11
-9
-9
-2
-8
-2
6
-1
6
2
-3
0
0
0
-6
-13
-14
-13
-6
-1
-6
-17
-16
-16
-15
0
-1
14
15
24
29
18
19
11
12
-4
-21
-25
-31
-30
-24
-13
-9
-2
7
11
14
11
12
18
21
16
19
23
20
28
24
21
20
4
2
1
-10
-6
6
7
5
16
16
20
15
9
13
0
1
0
-10
-17
-18
-9
-14
-12
-8
-23
-28
-22
-21
-18
-14
-30
-31
-32
-32
-16
-21
-10
-9
-14
-15
-14
-12
-2
2
-3
1
0
1
10
9
8
6
0
17
27
23
27
28
28
34
30
28
20
7
9
-5
-15
0
-2
-3
10
12
6
5
13
10
7
4
0
12
17
3
0
6
-9
-11
-7
-16
-16
-15
-19
-1
8
-2
-7
-19
-8
-14
-28
-24
-21
-22
-24
-27
-21
-17
-7
6
2
4
17
9
-6
3
8
-7
-9
-8
-3
-2
-6
-11
3
10
19
28
12
19
17
4
11
6
6
6
10
24
24
25
18
27
31
8
4
8
8
19
17
9
13
7
8
-5
-11
-4
-11
-14
-9
-3
-1
-10
-18
-16
-12
-17
-25
-22
-26
-22
-17
-14
-16
-5
6
-4
1
0
-8
-17
-20
-16
-18
-16
-5
2
11
7
4
-4
-4
18
8
6
25
4
0
12
20
11
-5
10
3
-8
-6
1
7
-2
6
11
16
14
1
2
-3
5
8
-10
-12
-12
-11
-3
-2
10
7
4
16
9
8
0
1
0
-15
-9
-8
-8
-7
-8
-5
-11
-11
-7
-10
-7
-9
-9
-1
-2
-3
-3
-14
2
0
-1
4
-4
7
3
4
4
4
-2
3
2
3
21
26
28
24
21
20
29
15
-4
8
1
-2
-1
-3
6
-4
2
14
-1
7
22
13
14
-3
-11
8
-4
-14
-19
-18
-7
-13
-11
-12
-22
-15
-11
-5
-4
-10
-10
-9
-18
-17
6
-1
-15
-3
-5
-3
-4
-2
-5
1
1
2
4
-1
6
-10
-13
-6
-9
4
5
5
13
18
17
24
22
4
8
2
-14
-16
-19
-8
-6
-8
-10
-5
-4
6
8
12
20
5
3
4
-1
1
6
11
6
-1
0
-5
-9
-5
-19
-12
-2
-10
-5
-5
1
-5
-5
-10
-15
-3
-7
-11
-10
-5
-4
0
7
14
18
17
16
14
-1
-2
0
-8
2
-6
3
14
11
24
24
23
14
14
18
15
7
3
9
4
2
-1
6
12
2
3
8
-5
-1
4
4
7
3
1
1
1
-6
-7
-12
-11
-4
-1
-14
-20
-12
-15
-11
-9
-11
-13
-9
-6
-4
3
12
2
3
3
-15
-5
7
3
-1
-7
-8
4
6
-4
-6
-6
-13
-14
-17
-13
6
-8
-18
0
-5
-4
-2
-11
-4
0
-11
-4
-8
-17
-3
-7
-10
-22
-17
-9
-13
0
-7
-9
1
8
17
5
5
8
5
12
10
9
14
28
21
13
22
23
11
8
20
15
17
23
17
19
15
16
14
7
10
6
10
17
-4
2
19
13
12
15
2
8
12
-1
-5
-5
-13
-13
-4
-10
-5
-6
-14
-21
-24
-14
-3
-2
4
6
6
15
-1
-8
-15
-25
-20
-23
-19
-9
5
-1
-8
-8
-13
-8
-17
-26
-26
-18
-15
-20
-11
-11
-12
1
-14
-17
-1
-10
-24
-15
-6
1
3
3
7
5
7
7
7
8
16
16
4
10
13
-3
1
2
-13
-1
8
14
18
13
31
32
25
22
24
18
12
25
24
18
19
14
12
8
3
8
9
9
2
-4
-2
-2
-3
-7
-3
-2
-7
-15
-8
15
14
5
-9
-17
-21
-28
-29
-22
-24
-25
-15
-14
0
1
-12
-7
-8
-8
-12
1
-1
-9
-11
-17
-11
-11
-1
-13
-15
-4
0
-9
0
6
-2
9
-1
-1
-2
3
10
9
10
3
3
2
2
5
9
12
15
7
4
24
15
6
15
10
9
12
19
9
13
17
19
13
2
6
-1
-10
-6
-4
-6
9
-2
-8
-1
-2
9
4
-4
13
11
-3
3
0
-4
0
3
8
4
-6
-17
-11
-27
-18
-2
-9
-3
4
5
-6
-4
0
2
-2
-4
-5
-10
-3
5
9
14
9
-1
-2
-8
-13
-11
-19
-16
-15
-31
-26
-15
-24
-13
-5
-12
1
3
2
2
-7
-14
-4
-14
-22
-9
-22
-20
-16
-16
-13
-17
-11
2
10
14
27
27
27
35
19
14
13
-2
6
15
16
19
18
21
25
28
33
37
28
27
26
13
14
13
10
16
15
24
21
7
9
9
-4
-7
0
1
7
0
6
14
-3
8
5
-7
-8
-12
-12
-11
-12
-15
-15
-18
-22
-18
-24
-23
-22
-28
-21
-23
-32
-22
-23
-35
-18
-24
-24
-23
-28
-6
-9
-11
4
-4
-10
4
-3
-8
-11
-11
-9
-15
-15
-8
3
-1
13
22
17
20
24
21
15
7
11
11
2
12
8
11
13
23
28
21
21
24
18
1
5
-4
-7
-5
-7
2
-4
0
-3
4
6
9
15
-3
7
15
6
15
11
0
5
-4
-7
-10
-25
-13
0
1
7
6
-3
-3
-3
2
5
-2
-5
-5
-1
-4
3
-3
-7
-3
-6
4
8
6
-8
-8
-4
-4
6
7
9
18
17
3
7
-1
-7
-11
-15
-12
-21
-16
-3
-5
0
2
-4
4
-2
-5
3
-1
2
4
-1
-11
-12
-9
-17
-11
-14
-13
-4
-2
15
19
4
8
14
10
-2
-11
-1
-8
-8
7
5
4
-4
-7
-11
-5
2
11
15
0
-6
7
7
-3
1
1
2
7
0
6
9
18
9
-14
-1
-4
-11
5
14
-5
6
16
7
3
-1
-4
-20
-20
-21
-16
-10
-8
-5
-5
6
5
9
6
-9
9
9
2
-1
-12
-4
-15
-9
0
2
-1
-8
13
13
17
25
26
31
13
17
17
8
15
3
-7
-6
-8
-5
-5
-7
-1
1
7
2
-2
6
-7
-11
-10
-10
-2
-13
-10
4
1
1
-5
-20
-15
-15
-8
-2
-15
-4
-10
-11
-3
-8
1
15
17
2
5
-2
-3
17
10
11
8
1
11
4
-12
1
-1
-11
-12
-14
0
-5
-9
5
11
8
20
10
7
7
-6
8
-3
-11
-4
-8
-14
-6
-4
-8
-14
-8
1
-2
11
10
1
8
6
1
4
-3
-17
-24
-14
-4
0
2
8
5
12
19
12
25
22
21
15
1
12
18
10
3
4
6
-3
-11
-13
-4
-11
-14
-2
-2
-1
8
7
1
-6
-7
-7
-20
-30
-15
-24
-36
-20
-23
-18
-11
-15
2
11
8
8
7
5
7
6
0
5
4
5
11
13
25
25
22
14
16
12
3
5
7
2
-1
9
12
4
6
3
0
2
-7
-7
-3
-9
-1
7
2
-3
-7
-15
-15
-8
-18
-16
-15
-13
-5
-5
-3
-9
-14
-17
-23
-21
-22
-24
-16
-5
-5
-7
9
15
9
21
26
26
27
24
17
18
23
19
17
26
24
10
6
4
3
19
19
22
26
14
15
6
1
-7
-4
4
-9
-4
1
-2
-8
-19
-13
-22
-29
-23
-26
-20
-27
-23
-16
-16
-21
-16
2
-18
-21
-13
-27
-26
-17
-9
-12
-15
-7
0
-5
-5
3
-8
-7
2
-3
10
13
8
20
24
16
15
27
18
17
15
8
16
13
12
3
-3
-3
2
-1
0
4
1
15
12
19
10
13
16
11
17
0
-4
-4
-14
-8
-2
-3
0
2
0
5
7
7
9
3
1
-4
-11
-10
-16
-6
2
-20
-12
3
-9
-3
-2
-12
-12
-16
-15
-7
2
9
16
19
2
19
22
11
19
31
53
27
31
42
13
-3
-1
-10
-21
-21
-10
31
13
25
45
52
28
56
103
98
164
90
8
-21
-71
-49
-85
-135
-128
-103
-28
-15
-10
-16
65
108
455
1597
1746
1076
982
1549
1953
993
189
-284
-1002
-2640
-3136
-2448
-2745
-2917
-3066
-3019
-2394
-1823
-1828
-1704
-1946
-2555
-3506
-4431
-4436
-3876
-5279
-7191
-6251
-6109
-6981
-8211
-8423
-6031
-703
5653
7740
8331
9237
18009
25779
26741
23369
20951
21395
18160
16217
14037
13550
10167
5755
3566
4834
5127
5801
4288
1144
-2357
-7902
-9486
-9244
-9972
-17113
-22686
-22513
-20264
-19607
-21809
-18519
-11993
-10398
-11068
-8280
-1062
3323
1128
-2748
-1702
1562
996
-2479
-3128
-821
-30
-3249
-5841
-1324
2047
-315
-5765
-6670
-3621
-3522
-6940
-9508
-8472
-8366
-9292
-7895
-3403
1804
4955
6996
10747
15172
18345
20474
21770
22013
20716
18701
17941
18209
18060
15728
14664
13996
13566
12441
10428
9335
6300
1959
-2888
-5560
-8859
-13667
-18483
-21201
-21677
-21847
-21693
-19280
-15295
-11777
-8727
-5653
-920
3262
4935
4048
3299
3462
3255
1080
-2366
-4939
-7346
-10977
-14136
-12734
-7188
1077
4001
2404
3402
9937
19827
21610
16519
10406
8540
4777
-190
-1896
-1061
-985
-5071
-7198
-2276
5636
9280
10634
9587
8663
5418
1656
725
343
-5210
-15815
-21339
-21574
-20291
-21295
-21121
-14943
-9020
-6551
-4076
2928
10433
12002
7641
4298
6113
6758
2831
-2435
-2919
-1744
-3218
-6107
-4094
788
917
-2794
-5571
-3515
-1925
-3900
-7459
-9615
-10191
-10581
-9176
-5268
420
5384
8950
13454
19359
24307
27094
28746
29042
26638
21830
18879
17407
14452
8393
3571
2848
2293
523
-1069
-768
-1365
-3898
-6558
-7444
-8824
-12997
-18582
-22491
-23431
-22397
-21350
-20504
-17621
-12598
-7466
-2637
3024
9330
13070
12382
10591
9806
9050
4586
-2362
-8939
-11962
-10759
-5745
-2305
-2005
532
7121
17824
22457
21908
19203
17582
13079
6330
1798
-2151
-5551
-11258
-15237
-14558
-10808
-7617
-3743
-876
1548
2063
1873
3232
4017
-364
-9257
-14423
-16542
-19115
-23688
-26779
-23372
-19310
-17810
-14338
-6099
3895
9201
9940
10654
14474
16673
14566
11394
10717
10399
6832
1734
1033
4091
3607
-1064
-5166
-4591
-3698
-5195
-8166
-9538
-8936
-9075
-8951
-6378
-942
4478
7878
10425
14680
19806
23201
24820
25239
24316
22083
19710
18846
16879
13914
10952
7622
4129
602
-2097
-4823
-9105
-15077
-18217
-19486
-21757
-23793
-25242
-24985
-23324
-22080
-20287
-15985
-10543
-5118
-911
2311
6625
10877
13123
12677
12114
11840
10161
6642
2801
2804
6792
13398
13496
11025
11068
17252
25710
24995
18854
12381
9746
3891
-1074
-5081
-6644
-8620
-14020
-16718
-13917
-9545
-7522
-6744
-8786
-10136
-12901
-13852
-12784
-13023
-18744
-25322
-26699
-25953
-25106
-26293
-25198
-20036
-16763
-14878
-10553
-1860
6077
8970
8309
9776
14919
17498
16573
15305
16570
16496
14350
11458
13281
16043
14109
9312
5144
4525
3029
-288
-5484
-9750
-13043
-15454
-15008
-12491
-8057
-2725
2972
9360
16195
22019
27356
31574
32435
30172
26528
24998
24410
20943
13852
9048
6270
3234
-453
-4061
-6091
-10200
-15943
-19898
-21359
-23488
-27514
-31029
-32548
-31792
-29954
-27873
-23981
-18913
-13555
-9100
-4640
1518
7142
10305
11112
10909
11860
11053
11435
14402
20858
24328
21745
20279
22248
29954
32427
28471
20943
16332
12210
7103
1646
-3850
-7838
-13606
-18401
-19996
-18020
-16513
-14028
-14079
-14465
-14440
-13104
-9238
-6889
-9100
-13868
-14935
-13040
-11673
-12886
-13906
-10839
-8623
-9623
-9884
-6022
-632
108
-2853
-3846
-17
2921
2426
908
2591
5099
4871
3032
4070
7555
7697
4460
1879
3180
4212
2154
-928
-1882
-1721
-2716
-3326
-575
3613
5952
7232
10200
15315
19064
21000
23289
25833
25737
23084
21711
20914
19401
15277
9688
5711
2878
-634
-5888
-11152
-15366
-17865
-20847
-24946
-26857
-28190
-30189
-31192
-30090
-26175
-21892
-18831
-15460
-10233
-4212
1607
6027
8056
8656
9022
7974
9297
12406
17926
22414
19980
18561
20804
28076
32515
30941
25278
20620
17550
12043
7983
4174
-686
-7358
-13615
-15713
-13444
-13615
-14680
-15396
-15896
-16831
-18312
-16630
-12994
-11929
-16978
-20016
-17046
-12993
-11678
-13343
-10913
-5333
-3900
-5073
-3738
1536
4010
289
-3815
-2508
1139
353
-3291
-3487
-841
88
-1696
-1303
3296
5550
2827
-907
390
4208
4991
2685
625
1114
1412
1205
2785
6007
8402
8983
10136
13595
17825
20017
21777
23520
24543
25422
24540
25620
25286
21676
15756
10180
6475
1284
-5201
-13256
-18239
-23459
-28582
-30693
-30316
-29311
-29803
-30426
-27759
-21870
-17299
-14585
-12751
-9792
-6673
-3883
-2754
-880
1949
199
-660
1244
9968
20236
20284
18514
19531
26647
32186
31390
25868
21472
18778
11919
5224
-276
-3168
-6500
-11453
-15068
-13382
-11082
-8841
-7554
-7464
-7489
-8961
-8681
-7678
-7468
-11556
-14951
-14229
-13242
-13117
-13604
-10089
-3836
-1119
-934
1110
6130
9147
7136
2529
1140
1573
-562
-5462
-8196
-7265
-7065
-8774
-9334
-4817
-221
555
-913
91
2917
3385
1640
-188
-710
-1496
-2488
-1899
1139
4434
6919
9835
13401
16995
18852
19774
21955
23697
21869
19062
17630
17725
16321
12120
8773
7555
5747
1048
-3010
-6484
-9761
-14749
-20941
-24714
-26763
-29408
-31809
-32199
-29848
-26140
-23009
-18744
-12122
-5275
-1400
1593
5103
8617
11432
11862
16421
20505
19524
17047
17146
24593
29783
28886
23431
22293
22864
21057
17868
12627
8669
3597
-4475
-11244
-14723
-17719
-18993
-22769
-25721
-26575
-24601
-19779
-14915
-12982
-14510
-12527
-8666
-6181
-6113
-7427
-4541
-2029
-3611
-4832
-2402
2497
3854
1027
-1064
1354
4586
4616
2035
1553
1917
837
-2969
-5381
-4128
-4145
-7251
-11026
-9921
-6128
-3343
-3012
-2401
427
3308
5176
7929
11181
13728
14871
15225
16680
18766
18994
19873
21518
21008
20366
18961
19769
20285
18860
14745
10658
7410
3549
568
-4898
-10102
-14591
-19150
-23241
-26109
-28279
-29470
-31316
-32573
-31564
-28926
-25727
-22664
-18778
-15723
-11704
-8895
-5306
-248
8035
15360
16463
16898
19291
26776
31958
31959
28053
25735
24225
21116
18634
14575
10674
5900
954
-1856
-3253
-5509
-6953
-9265
-12539
-15731
-18473
-18329
-16746
-18006
-22430
-23694
-20426
-16624
-14837
-14560
-9910
-3634
-626
1062
3851
8690
11070
8886
5394
4638
4675
2506
-1490
-3646
-3653
-4208
-5937
-6277
-4045
-3202
-4523
-6050
-4981
-3405
-4092
-5694
-6294
-5828
-5512
-4948
-2384
1580
5185
8336
12480
17810
22186
25553
27209
27508
26771
25044
23222
20793
17956
14134
9892
6101
4240
2961
249
-3300
-5818
-8288
-11157
-13798
-16406
-19299
-23890
-27577
-28911
-28418
-27756
-26690
-25542
-22558
-17771
-13239
-8759
-3483
5753
11174
12772
12678
17083
25262
27572
24783
20104
20776
20727
18942
15819
13747
13814
11691
7580
5475
5149
4377
2178
-3697
-8022
-10690
-12760
-14202
-15175
-17801
-20707
-19843
-17604
-14895
-13907
-12934
-7456
-3574
-2637
-1513
1482
5403
6556
4070
2615
3865
4490
2570
-702
-1249
-490
-1028
-5129
-6739
-5459
-5420
-8063
-11405
-10698
-9255
-9514
-10982
-11194
-9849
-8205
-6191
-2985
667
4191
7776
12007
17070
21899
25180
26621
27294
27719
26738
24853
22322
19594
15298
9205
6102
5812
4764
1562
-1092
-1372
-1222
-2849
-4887
-6610
-10079
-15817
-21496
-24941
-26149
-27707
-30499
-32509
-31356
-27495
-20957
-11045
-2720
4352
8112
14779
24726
31353
31905
27805
25326
22144
18915
13786
9433
7030
4410
1220
-522
-769
1996
4620
3180
-293
-4220
-5968
-7277
-9541
-14779
-19644
-21467
-22403
-22149
-21377
-17993
-10851
-5479
-2013
1710
7366
13440
16447
14690
11472
9283
6766
2777
-2207
-5876
-7936
-9164
-11334
-10256
-7298
-4151
-2933
-3790
-3106
-1681
-1471
-4040
-7870
-11353
-13540
-15171
-15887
-14635
-11160
-7142
-2008
4348
11728
18931
24167
28304
31302
32520
31760
28875
25054
20127
13561
6955
1175
-2800
-5927
-7760
-8518
-7993
-6170
-4552
-2888
-1632
-1775
-3698
-7105
-10590
-13853
-18187
-22472
-24662
-22087
-19971
-18224
-15187
-8746
1887
9608
13916
16439
20412
22394
22133
19416
15435
11483
5976
1031
-1495
-3276
-4915
-4470
-3444
-2046
-1257
-263
2308
4000
1061
-4298
-7665
-9109
-11682
-16688
-21164
-20356
-17618
-16127
-13930
-8364
162
7263
11062
14139
19427
23559
23543
19791
15708
11771
6744
249
-5100
-7780
-10073
-12370
-13582
-12585
-10061
-7349
-5494
-4447
-4202
-4525
-4995
-5697
-7375
-9964
-11891
-12751
-11905
-10214
-8064
-3730
1636
7629
13231
19083
24287
27831
29030
28244
27194
24402
19670
13599
7559
2487
-1891
-6040
-8710
-9530
-9365
-9112
-8779
-7496
-5976
-5814
-7062
-8671
-7154
-7073
-9519
-12363
-13077
-8393
-4414
-2337
-1301
3101
8393
12713
15072
15941
17724
17373
14003
9946
6699
3584
752
-3949
-7871
-9880
-10480
-9732
-8458
-8265
-8717
-7653
-6254
-5580
-6387
-8948
-9394
-9888
-12070
-13454
-13363
-11182
-9113
-8042
-5612
-265
5152
9366
12149
15251
17960
18754
17233
15378
14414
11876
7752
2586
-380
-1883
-3626
-5558
-6956
-6941
-6816
-6633
-5877
-5114
-5116
-5465
-5575
-5722
-6454
-7200
-6848
-6144
-5687
-5488
-3894
-645
2285
5130
7708
11251
14635
16382
16605
16248
15929
14077
10768
6643
3185
168
-3136
-6201
-7777
-8796
-9558
-9730
-8627
-3963
-1446
-1006
-1728
-1117
2423
4124
3135
112
-684
-1196
-419
514
1151
3117
4622
5415
6660
8042
9267
10847
9226
6065
2554
-127
-1103
-2687
-6693
-11503
-13556
-13873
-13522
-13770
-13856
-11243
-9349
-9392
-9226
-7242
-4305
-3288
-5583
-7427
-6704
-5167
-4224
-4107
-2449
231
3368
5347
8540
13410
16648
17474
15950
15459
16125
15038
11286
6698
3057
90
-2564
-4482
-5118
-4886
-4745
-4641
-3502
-1804
-446
-539
-1571
-2361
-3958
-5378
-6731
-7237
-7673
-8856
-8327
-5477
-1762
568
2059
4478
7608
9431
9211
8645
8030
6198
3214
-9
-2195
-3070
-4771
-3974
-2083
-906
-173
479
4991
9433
10811
7872
6207
5794
4899
2712
-1831
-4066
-4823
-5777
-6548
-6386
-4707
-1015
1165
1400
2587
5304
8224
9159
6668
3162
1593
149
-2648
-6291
-10588
-11589
-10950
-11436
-11437
-10151
-7422
-5313
-5191
-5484
-3393
-1761
-2029
-4176
-6334
-6969
-6798
-7247
-8324
-8079
-6539
-3604
-480
2751
7056
11447
14776
16433
17098
17544
17998
17689
15142
11239
7541
6038
5068
3333
1278
298
871
1462
1609
1711
2046
1140
-845
-3896
-6846
-8491
-10236
-12685
-15351
-16796
-16226
-14360
-12439
-9794
-6438
-3664
-1100
1651
4061
6108
6740
7549
8615
7455
5675
3696
4488
6034
6621
5204
4475
6092
8238
10360
9834
8894
8290
6851
4141
988
-3002
-5453
-7969
-11639
-14516
-15603
-13669
-10151
-7714
-6509
-3498
1196
4836
6487
5679
5432
6119
4098
1099
-1190
-2179
-3070
-5039
-6865
-5673
-3269
-1616
-751
-442
-106
35
-542
-2270
-3807
-5840
-7909
-9857
-11377
-11068
-9386
-7802
-6336
-4317
-518
4198
8548
11604
13138
14867
16498
17143
16575
15303
13890
12179
9912
7934
7446
7353
6203
4518
2721
1447
1507
1017
-783
-3730
-6893
-9039
-11028
-13224
-15253
-16400
-17630
-18534
-18565
-17124
-13983
-10201
-4956
-1319
1777
4838
8935
14443
17636
17994
15599
14060
12443
11973
10223
6547
3638
1174
-205
-759
-1075
-1265
-871
-2736
-5626
-7639
-8056
-7005
-7128
-9848
-12163
-11217
-8787
-6796
-6133
-5222
-1904
843
1966
3476
6350
8873
8864
6640
5068
5490
5590
4265
1923
-116
-1612
-2137
-2897
-3138
-3197
-3770
-4737
-5959
-6208
-5826
-5688
-6800
-8432
-9124
-8333
-6069
-3497
-1580
380
2687
6088
8903
11368
13453
14350
13914
12906
12382
12298
11656
9452
6966
4343
2548
2141
1995
635
-1046
-2481
-3247
-3421
-3869
-4680
-6376
-8889
-11282
-12531
-12462
-11403
-8206
-6469
-5927
-4232
-947
4816
8859
10655
9793
9516
8944
9205
9914
8186
5821
3093
634
-235
-196
-939
-631
-1607
-4275
-7041
-8344
-7441
-6451
-9082
-13520
-14630
-13342
-11970
-11208
-10952
-8135
-4906
-3378
-995
2814
7177
9614
9029
7823
8689
9721
9457
7594
5528
3736
2063
533
464
1371
1178
46
-1233
-880
330
1298
1185
-163
-2475
-4377
-5161
-4729
-4082
-4462
-4132
-3073
-964
1965
4778
7937
9656
10138
9701
9761
10102
9371
7236
2771
-631
-2498
-3379
-4307
-5865
-6085
-5387
-4639
-4103
-2723
-976
-398
-2124
-4538
-5232
-4466
-2260
-2972
-4490
-4773
-2665
1754
5309
8162
9418
11434
11829
13296
15012
14492
12493
8308
3896
739
-2458
-6191
-8185
-10418
-13074
-15381
-15907
-13349
-10154
-10174
-11263
-9632
-7143
-5604
-5872
-6277
-4057
-3501
-5188
-5826
-3773
-519
874
714
1840
5273
7899
9207
10160
11458
11120
8588
5097
3121
1887
-958
-4655
-7312
-7448
-6825
-6025
-4446
-1994
465
2163
3936
6777
9220
9969
9652
9246
9016
8310
7126
6465
5852
5045
3916
3342
3794
4233
3983
2250
528
-1032
-2867
-5157
-7581
-9426
-11883
-14246
-15100
-14210
-13317
-12971
-12292
-9739
-6525
-3440
1199
4272
7117
8265
9864
12992
15445
16273
14442
13024
11600
12251
11733
9676
8320
7254
5945
3670
608
-743
-724
-3249
-7894
-12491
-14234
-14040
-15114
-18742
-21116
-19668
-17972
-17457
-16923
-13752
-7911
-4830
-4021
-1983
2755
7426
9009
8280
8145
8930
8600
7111
5803
5439
4331
2495
121
-623
-710
-1088
-1170
-1644
-1950
-2513
-2337
-1508
-1629
-2345
-2798
-2077
-884
-574
447
3114
6352
8460
10246
13107
16369
18401
18544
18385
18514
17194
14062
9920
6248
3289
-678
-5344
-9461
-11377
-12503
-14146
-14999
-14813
-13930
-14070
-14952
-14757
-13381
-13000
-11679
-10120
-9525
-7572
-5680
-1197
4005
7837
10090
13311
16677
19592
22331
21782
21413
19930
16913
13444
9394
5099
2038
-1340
-6028
-9944
-13171
-14007
-13311
-14571
-16890
-17216
-16015
-15002
-14953
-15969
-14085
-11319
-10812
-10265
-8569
-4580
-563
1566
3193
6867
10336
11981
12005
12019
13267
13162
10308
6466
3966
1592
-1205
-4743
-7014
-7202
-7577
-8102
-8641
-7846
-5861
-4018
-2673
-1939
-988
436
2598
4168
5848
7601
9444
10575
11315
12703
14761
16756
16878
16618
15166
13495
11957
10332
8091
4137
-143
-3975
-6778
-8744
-10841
-12918
-15220
-17351
-18123
-17536
-15326
-11114
-9539
-9282
-8175
-4581
1506
4641
5519
5319
6835
7799
9454
10630
10672
11145
10246
9348
8410
7397
7054
7412
5249
1546
-2386
-4542
-4506
-5848
-10236
-14692
-15732
-15510
-16479
-18524
-18636
-14648
-12182
-12354
-11855
-8296
-2600
631
1000
1664
4764
7883
8930
8182
8275
9471
9876
8040
6436
6208
5914
4841
2739
1781
1368
704
-338
-2192
-4027
-5405
-5626
-5758
-6252
-6465
-5577
-3534
-1911
219
2865
5346
7041
8471
9689
11220
12145
12451
12397
11055
9492
8078
6975
5683
4535
2571
319
-711
-1227
-1490
-2938
-5114
-6623
-7842
-9411
-9397
-7288
-7312
-7957
-8976
-6745
-2006
1045
1998
2454
4153
5533
8231
8921
9291
9378
7905
5995
4316
2862
2097
1389
-1544
-4511
-6996
-7729
-6416
-6159
-8687
-10874
-10719
-10103
-10333
-12039
-12288
-10545
-10770
-12233
-12432
-9756
-6219
-3824
-3070
-1369
2485
6053
8640
9971
11356
12421
11826
9747
8514
7850
6195
3068
248
-806
-1052
-1206
-1770
-1704
-1327
-698
265
1503
2717
3389
3431
2647
2614
3041
3112
2329
1441
1225
1449
1849
2641
4273
5096
4980
4482
4452
4350
3615
2147
-72
-2070
-3546
-4616
-5392
-6534
-7097
-7302
-7102
-6157
-3660
151
1915
3122
3218
5175
8103
9892
9592
7444
5825
4801
5731
4811
3319
2184
1673
1532
688
-767
-712
505
-533
-3570
-6973
-7734
-6227
-6873
-10827
-13674
-13035
-11925
-12510
-14274
-13264
-9524
-8793
-9968
-9626
-6003
-2098
-985
-1837
-688
2415
4416
4982
4858
5950
7033
6174
4094
4072
5239
5475
3640
1855
2549
4026
4573
3861
2856
2230
1993
1807
1299
534
186
397
785
1118
2218
4026
5685
7008
7781
8240
8968
9706
9794
8059
5141
2900
1867
436
-2204
-4249
-5373
-5697
-6159
-6588
-6441
-6065
-6034
-6378
-7090
-7752
-7951
-6640
-3806
-3250
-3434
-3785
-826
4778
8181
8639
8682
10891
12955
14317
12967
11891
11729
9480
6031
2604
-1
-733
-1758
-5483
-8846
-10196
-9475
-7814
-9067
-11423
-11293
-10106
-10500
-12362
-14079
-13356
-11477
-12905
-14586
-13471
-9991
-6183
-4248
-3140
740
5348
8097
9631
10743
12515
12897
10576
7033
5193
4176
2465
-33
-2375
-2726
-1579
-416
442
793
1435
2883
4248
4439
3768
3064
3754
3914
2753
1618
1529
3212
3951
4149
4550
6971
9186
9503
8626
7667
8226
7826
5272
1992
-440
-1886
-3274
-5592
-6957
-7743
-8331
-8630
-8482
-8142
-8102
-8071
-6240
-2538
-1873
-2917
-3763
-1524
2537
4028
2592
1927
3103
4274
6180
5992
6092
7005
7111
6934
6176
4816
5030
5434
2648
-735
-3518
-4381
-3489
-4871
-8238
-9754
-9383
-8810
-9150
-11290
-11230
-9189
-9568
-11291
-12155
-10738
-8289
-7581
-8589
-7109
-3799
-1016
1052
2330
4598
7242
8160
7663
7956
8964
9516
8266
6188
5437
5913
5584
3648
1790
1227
1428
1283
343
103
979
2122
1943
929
996
1858
2619
1957
1688
2708
3954
4014
3175
2952
3675
4678
5063
4372
3854
4026
4774
5349
4450
3638
2684
1149
-605
-2521
-4295
-6016
-8347
-10684
-9507
-7409
-6866
-6876
-7244
-3200
2036
3610
2175
1876
2747
4007
3487
401
248
768
153
-831
-1376
-572
2500
3462
2003
1045
470
1797
3366
1396
-2492
-4790
-5699
-6066
-8382
-12134
-12138
-10482
-11011
-12064
-11294
-7298
-3539
-3578
-4810
-2685
312
1881
1275
306
1286
2188
1513
1120
3001
5267
6179
5407
5728
8080
9887
9537
8004
6766
5702
4401
3369
2761
2207
1030
17
212
870
1365
1635
2557
3409
3152
2272
1894
2215
1233
-811
-2078
-1821
-1222
-1457
-1428
-69
1939
3086
3519
4555
5820
5541
3598
1793
1029
-634
-4076
-7681
-6570
-3586
-4449
-6478
-6857
-1651
3689
3950
1714
2250
4242
4474
3053
-192
-509
-600
-2765
-4699
-5543
-5069
-3140
-2755
-3687
-3119
-1779
781
2940
2069
-15
-393
105
-680
-3856
-8404
-9000
-8055
-9780
-12018
-12330
-8942
-6270
-6777
-7129
-3241
1654
3204
1832
1148
3379
5284
4074
2095
2534
3867
4111
2311
1849
4340
6494
6152
4508
4569
6653
8149
7947
6737
6025
5555
5106
4676
3744
2715
1778
1031
234
-661
-694
-134
-18
-942
-1963
-858
940
2055
1474
779
1542
2454
2720
1904
1478
1312
-291
-2640
-4011
-3490
-3818
-6413
-9149
-7433
-1804
-445
-1760
-2408
1563
7157
7725
5129
4827
6755
6026
3755
471
492
1897
-19
-3167
-4134
-3495
-2105
-1765
-3426
-3449
-3302
-3522
-2856
-3130
-4966
-6065
-6372
-7243
-8879
-11669
-11585
-8638
-8361
-9556
-9509
-6701
-3429
-2338
-2318
267
3670
4224
3055
2601
4989
6921
5481
2788
2949
4375
4278
2240
1366
3146
3877
2983
2036
2783
4381
4831
4835
5154
5470
5687
6103
7129
7579
7091
5839
5469
5541
4556
3666
2774
2195
782
-861
-768
727
876
-499
-1085
-229
594
-254
-1325
-1395
-1682
-4034
-6671
-7301
-6541
-7107
-9736
-12139
-11209
-8599
-5373
-3027
-2033
-288
1145
5081
9347
11904
11055
9171
8076
8132
8912
7090
5188
3133
1321
41
-1010
-1956
-1110
-859
-3431
-6005
-7338
-5747
-4229
-6677
-10607
-11889
-11073
-11522
-12523
-13241
-10766
-8621
-9904
-9741
-6730
-1757
1101
776
461
2996
5413
6383
6448
6856
7793
6721
4607
3596
4857
5353
3444
552
-1044
-777
-39
457
171
-244
20
1346
3130
4099
4802
6373
7390
6474
5324
5324
7092
7448
5523
3535
4105
5984
6215
5502
5229
7339
8798
7132
4909
4642
4577
2183
-2454
-5904
-6812
-8786
-12396
-14816
-14821
-13589
-13784
-14437
-13735
-11048
-9280
-7764
-3353
-84
2288
1339
2250
7676
11785
11624
8785
9006
10564
12671
11118
8716
8362
7792
6063
3100
18
-740
312
-3037
-8146
-11586
-11399
-8869
-9850
-13748
-15305
-12882
-11020
-11072
-12050
-11104
-6511
-5196
-6083
-5290
-1994
1897
2402
690
1860
5875
7874
7325
5487
5616
6622
6311
4199
3067
2801
1612
-528
-3252
-3105
-1195
29
-461
-1442
-537
2300
4593
5350
5371
5884
6268
5691
5338
5567
6737
6020
4227
3768
4842
7341
8879
9286
9083
9342
9856
10211
9399
7053
4057
12
-3924
-6500
-8310
-10368
-12866
-15114
-15683
-15301
-14542
-13339
-12010
-11503
-11194
-10716
-8959
-3446
-602
-286
-1420
249
6503
10894
11702
10682
12674
13562
13746
12198
10331
10515
8412
4020
34
-2217
-2310
-1802
-4953
-8393
-9392
-8840
-7450
-7529
-8696
-8763
-7738
-8100
-8778
-8879
-7959
-5013
-5096
-6342
-5831
-2791
410
954
106
905
3498
3700
2992
2372
3323
3572
1445
-1051
-938
1219
1717
172
-1372
403
3294
4185
3913
3867
4746
4472
2922
2456
3373
3997
2940
1447
643
2121
3872
4808
5619
6425
7805
9568
11048
12155
12943
11308
9511
8040
5884
3696
968
-1815
-4640
-6942
-8187
-8144
-8929
-10452
-10308
-9603
-9585
-10321
-11041
-10766
-9757
-11308
-13293
-13536
-8940
-3298
-3224
-3772
-2211
5540
11513
11738
9816
10714
12273
9747
6585
3938
4781
4110
652
-1701
-546
1205
3169
3603
1849
2092
1558
1809
3262
1991
-1428
-4292
-5553
-6677
-7942
-11033
-10638
-8200
-9905
-11916
-11525
-7373
-4038
-4962
-7485
-4846
-1553
-1121
-2168
-2088
1668
4131
3949
3410
6747
9846
9894
8326
7828
9939
10089
7583
4907
3809
2888
722
-1107
-1910
-1885
-2623
-3398
-3383
-1939
-91
1498
3642
4818
6062
6886
8395
9466
9496
8455
7385
7682
6205
4311
2742
2514
2461
547
-1068
-654
-232
-2443
-5119
-5761
-5169
-6347
-10373
-13334
-13247
-13267
-15724
-19188
-19629
-16933
-12070
-11274
-11487
-9534
-6050
-152
2836
4694
6015
8800
9353
10824
13973
16113
18025
16651
15916
16967
16882
15605
16015
14841
11588
7757
3901
3290
1903
-3680
-9100
-11555
-13116
-16381
-20907
-23815
-21100
-20155
-22938
-23513
-20224
-14435
-11539
-10845
-7733
-1224
3069
5450
8252
12740
17072
17923
16908
17292
18318
17202
14409
10881
8598
6317
3515
1022
-1877
-4907
-7226
-8241
-8709
-10177
-11402
-10883
-9661
-9717
-9717
-7067
-2385
416
755
2787
7679
11808
13290
14142
16166
18689
17989
15752
14743
14611
13909
10418
6731
5441
4818
1742
-2626
-5435
-7014
-9817
-14991
-19273
-20725
-22416
-26252
-30188
-31795
-31364
-30944
-31444
-27458
-18500
-13012
-9376
-5384
4901
17556
22850
22627
23459
28348
31442
32427
29491
27384
27137
23866
19261
15229
11641
8945
5604
-786
-5844
-8770
-10970
-12818
-17410
-22888
-24734
-23841
-24021
-25499
-26763
-24418
-18591
-16488
-15296
-11115
-3946
2419
4569
5966
11474
18281
20078
18617
18239
20479
20699
16750
11520
9922
9320
5312
-352
-4316
-4860
-6018
-9810
-13873
-15144
-14733
-15780
-17103
-16978
-15344
-13203
-11893
-9518
-5499
-1685
2112
6134
10277
14023
17319
20770
23648
25128
24930
24734
24941
23670
20947
17071
13224
9335
4510
-672
-5713
-10310
-15543
-21111
-24934
-27033
-28888
-31025
-32570
-31551
-29010
-26857
-24256
-20134
-15112
-10703
-7541
-2981
3465
11179
16136
18447
21274
24976
30445
32567
32272
30592
29612
27799
24306
21317
17320
12692
6486
769
-3236
-6942
-11203
-13761
-16319
-19710
-22115
-23019
-21471
-19994
-20635
-20681
-17713
-13334
-10056
-7805
-5290
-98
3830
4615
6481
9843
12998
12599
10029
9436
11156
10670
7905
4990
4062
3542
826
-2242
-3883
-4081
-6212
-10283
-13841
-14612
-14447
-15780
-17695
-19052
-17945
-15133
-12015
-8285
-4423
232
5675
10426
14156
18368
22769
25961
26346
24877
24396
25030
23963
20118
15918
12412
10231
7126
2844
-776
-3572
-6718
-11413
-15634
-17644
-18700
-21230
-25010
-26646
-25703
-24477
-23197
-21009
-17377
-12928
-8929
-4663
800
6230
10106
12084
14225
15841
16707
15951
15583
18190
17359
14033
10754
11999
16101
16405
12868
9807
10901
10106
7467
3775
1054
-966
-5642
-11189
-14106
-14667
-14799
-14871
-16622
-16286
-13168
-9128
-4473
-1254
981
3311
6111
7460
7131
5724
4359
3855
394
-4170
-6964
-7104
-7446
-9718
-11760
-10041
-6620
-5968
-6496
-6599
-4102
-3139
-5022
-7479
-7887
-7207
-9123
-11545
-11536
-8272
-5146
-3643
-1463
2969
8702
12893
15878
18473
20463
21177
19886
17435
14562
11796
8503
5782
2348
371
890
2236
3512
3500
4842
6934
8803
8132
6292
4505
1824
-1949
-7088
-11208
-14275
-17179
-20206
-21702
-20169
-16840
-13624
-10597
-6526
-1412
3290
6306
8649
10860
11302
9985
7792
6567
5347
2621
-1350
-4256
-3830
-2878
155
2879
4290
6160
8274
13002
16200
16397
13803
11316
8404
4554
2082
-1209
-4300
-7122
-9537
-10029
-8050
-5706
-2545
-542
-528
821
2519
4121
4258
1629
-2509
-5637
-8247
-12057
-15152
-18066
-19263
-19842
-21491
-20346
-16305
-11694
-8753
-7467
-5242
-846
2152
3016
2955
3663
4676
4186
3071
2495
4005
5121
5280
4736
5021
7056
8479
8415
6859
5966
6284
5948
4158
2410
2602
3963
4073
2942
3898
7152
9551
9375
8582
10634
12840
12701
10649
9043
8530
6667
3381
-716
-2736
-4757
-7562
-10712
-12408
-10866
-10204
-11370
-12231
-10379
-7634
-6257
-6358
-5713
-3500
-2259
-2241
-2149
-874
1016
1405
665
828
2795
4715
5395
5028
4771
4985
5426
5958
5259
6042
7436
7193
6040
4430
6012
8801
8190
4641
2313
2072
1377
69
-3146
-5011
-5505
-7103
-8201
-8425
-8130
-6339
-5416
-6667
-6564
-5580
-3826
-2550
-3990
-6638
-7842
-8325
-10440
-13461
-16523
-16954
-15874
-17442
-17870
-15095
-10428
-6481
-4755
-1544
4716
10102
12161
13346
15731
18218
18342
16433
14556
13499
11138
7646
4613
2805
2019
979
14
-494
31
1817
3714
5345
6056
6630
8391
9151
8101
6308
5365
4918
2818
-616
-2309
-1491
-1455
-3044
-3738
-2115
631
1675
1383
1665
2374
2478
1149
-656
-1972
-3519
-6005
-8841
-10298
-9828
-9539
-9728
-9606
-8118
-5743
-3125
-517
1933
4158
5224
6122
7254
8070
8232
7388
6253
5701
4672
3505
2088
892
395
-718
-1809
-2973
-1551
127
-867
-2493
-3065
-149
1163
-712
-3335
-3407
-2693
-3936
-5351
-6561
-6116
-6575
-8074
-8611
-7472
-6674
-6187
-6345
-7289
-6344
-5517
-4541
-3649
-4235
-4617
-4063
-2965
-2484
-2075
-1574
622
2748
2759
3671
6560
9526
9840
8836
9715
12967
13327
10942
9499
10216
10466
7172
3798
2563
2483
102
-3640
-4974
-3618
-2505
-3783
-4825
-3980
-2022
-873
-786
-199
546
608
111
-222
-362
3
-132
-566
-673
-531
655
2043
3210
4062
4639
5592
6706
7281
6642
5418
3648
1112
-1562
-4231
-5587
-7250
-9829
-11650
-11730
-9753
-7324
-5161
-2430
845
3569
5817
8822
12106
13856
12835
10478
9464
9020
7064
3774
533
-1993
-4043
-6637
-8131
-8290
-8524
-9648
-11994
-12206
-11683
-10922
-11760
-12287
-10654
-11080
-11551
-12439
-9167
-5708
-4898
-5095
-3860
520
3669
6822
8820
11149
12497
13435
14633
15737
15542
13834
12536
9610
6709
3521
1679
786
-2363
-5974
-7743
-5743
-4744
-5892
-6755
-4636
-789
-402
-607
1468
5091
5128
2215
900
3301
4176
705
-2912
-3513
-1904
-2763
-3809
-3071
-291
971
-136
-43
1762
4061
3776
1424
-980
-2173
-2701
-3861
-5596
-7687
-8559
-8407
-7869
-7207
-5316
-2604
-939
-232
456
3870
6951
7676
7619
7834
8999
9650
9897
9818
10343
10034
8542
7592
7194
8320
8474
5873
3359
2512
1933
486
-1719
-3175
-4004
-6053
-8465
-9061
-8400
-8219
-8718
-9424
-8753
-6939
-5825
-5319
-4914
-4601
-3901
-4135
-4749
-4409
-4201
-4642
-5713
-5651
-4475
-3665
-4023
-3715
-2052
-323
40
1287
4699
6381
6138
3932
5222
7593
7326
4278
1113
1598
1391
1393
46
-6
1564
2374
3299
4610
6434
8050
9163
7932
6603
6136
5925
6104
4066
805
-575
-13
92
-979
-2547
-2392
-989
-2557
-4528
-4759
-3581
-4330
-7546
-10155
-9929
-9965
-12506
-14247
-13750
-12063
-12273
-12668
-11062
-7238
-4906
-3979
-2419
573
3978
5281
5515
5856
7548
9162
9104
8035
8235
10185
11365
10468
9195
10315
12392
11776
9407
8082
9445
9646
6683
3328
2591
3408
1747
-1161
-3155
-2625
-2773
-4137
-5018
-4100
-1843
-1356
-1854
-2155
-666
931
1158
-42
-1090
-1500
-2498
-3512
-4705
-5293
-5721
-6479
-6798
-6294
-4724
-2612
-744
174
976
2040
3437
4007
2213
-409
-2815
-4572
-6922
-9910
-11949
-12229
-12296
-12714
-12142
-9706
-6096
-3593
-1988
-75
3696
7966
10324
10327
9787
10917
12451
11984
9978
8369
8078
6456
4074
3273
3641
4426
3204
1982
2265
2541
2674
2752
2270
860
-1526
-3572
-4719
-5536
-7764
-10129
-10608
-10776
-10939
-11466
-10052
-6285
-4396
-4763
-4005
-516
2985
3487
3029
4051
5882
5721
4589
5082
6136
5855
4449
3691
4329
5041
4636
4095
2865
1333
148
-420
-1471
-3711
-5738
-6714
-7278
-8669
-9526
-8094
-6066
-5645
-5581
-3748
98
3256
4543
5855
8183
10124
11378
11470
11809
12669
12317
10621
8125
7516
7415
6417
3316
1267
1730
1199
-371
-2229
-2170
-1756
-3148
-5067
-5439
-4765
-5157
-6382
-7059
-6556
-5352
-4772
-4278
-2775
-1142
16
510
799
1688
2203
1283
-727
-2595
-4395
-6592
-9080
-11774
-13649
-15055
-16107
-16095
-15162
-13596
-11569
-9491
-7123
-4825
-2197
86
1774
2476
2677
3853
5445
6478
6353
6872
9063
12072
13705
14629
16177
18908
20255
20007
19506
18907
17988
15101
12188
10005
7844
4626
1540
-348
-1377
-2382
-3336
-3182
-2844
-3860
-5210
-5179
-5239
-7300
-10828
-13813
-14753
-16506
-19416
-20925
-20599
-18945
-18157
-16850
-14106
-9802
-5916
-3423
-1329
686
2791
3741
3437
2523
1533
264
-968
-2191
-2417
-1651
-417
776
1863
4550
8643
12464
15076
16784
18282
18504
17740
16790
15538
13059
9063
6077
4338
2895
1642
1492
2216
2888
3409
4684
6622
7893
7825
6729
5421
3521
1613
-1035
-4624
-7699
-10053
-11550
-12848
-13824
-13701
-12956
-12169
-11543
-10491
-9377
-8815
-8639
-8938
-9348
-9687
-10066
-10190
-10261
-10066
-8823
-7019
-4807
-2189
877
4098
6772
9164
11302
12945
13267
12398
11120
9239
6931
4644
2610
1119
-514
-1847
-2128
-1530
-401
438
1293
2077
2927
3827
4266
4421
4216
3470
2619
1660
1399
1543
1255
783
161
282
779
1728
2611
2244
1424
620
411
-43
-1402
-2209
-2829
-3914
-5721
-6756
-6420
-5846
-6007
-6932
-7768
-8420
-8651
-8891
-9474
-10652
-11249
-11341
-11015
-10221
-8436
-5486
-2908
-419
2446
6352
10219
13042
14745
15605
16275
16317
15743
13857
11216
8786
6708
4892
3051
1936
1677
2316
2651
3183
4558
6129
7251
6709
5316
3981
3010
1249
-1184
-3877
-6325
-7634
-8339
-8100
-7112
-5683
-3769
-1052
1894
4691
7301
9151
10101
9495
7777
5812
3812
932
-3055
-7068
-10057
-11544
-12479
-13030
-12826
-11672
-10188
-8901
-7591
-5769
-3962
-3626
-4609
-5945
-6214
-6324
-7449
-8721
-8981
-7732
-6258
-4401
-1604
2004
5237
7320
9418
11611
13600
14038
12666
10486
8084
5697
2793
-524
-3793
-6176
-8257
-9717
-9935
-9060
-7123
-5674
-4786
-3863
-1895
791
2199
2086
1576
2310
3148
2748
2560
3702
5345
6249
7287
9891
13319
15686
16888
17763
18254
17516
15938
13769
10200
5779
767
-3764
-7970
-12626
-16501
-19353
-21231
-22383
-22589
-21461
-19214
-16149
-13151
-10267
-7214
-3806
-63
2394
3519
4953
6860
8465
8793
8729
9527
10028
10078
9969
10317
10575
9624
8483
7062
6093
4957
3731
2213
-19
-1328
-2303
-2692
-3117
-3410
-3244
-3215
-3126
-2543
-1446
-682
-188
-124
-186
-75
515
980
699
70
-245
340
143
-669
-974
-814
-856
-2136
-3146
-3023
-2743
-3731
-5856
-7035
-6969
-7264
-8658
-10119
-10179
-9444
-9666
-9811
-8702
-6480
-4670
-3855
-1876
1075
4003
5639
6913
9108
10609
11136
10830
10829
10943
9951
8398
7281
6533
5555
4067
2680
1958
1322
501
-855
-1881
-2508
-3338
-4687
-6809
-8104
-8329
-8888
-9814
-10462
-9646
-7654
-6134
-4790
-2904
17
2699
4691
6637
8674
10957
12041
11946
11941
12140
12212
11237
9418
7915
6845
5600
3619
1847
349
-1342
-3219
-5274
-6684
-7455
-8575
-9790
-10944
-11733
-11902
-11811
-11398
-10844
-9779
-8690
-7243
-5142
-2953
-376
2094
4156
6157
7740
9012
9950
10044
9341
8092
6646
4752
2849
1158
-703
-2092
-3498
-4235
-4186
-4187
-3481
-2435
-1218
-533
27
936
1902
2263
1285
370
31
-175
-610
-1070
-829
367
1645
2945
5080
7929
10690
12326
13018
13483
14014
13754
11828
8575
4935
1609
-1901
-6106
-10013
-12506
-14111
-15603
-16861
-16627
-14719
-12776
-11404
-9854
-7416
-4708
-2825
-1814
-1137
-177
173
-182
-514
-448
253
499
315
746
2318
3997
4898
4883
4910
5330
5156
3682
1484
-659
-2799
-5166
-8280
-10499
-11197
-11235
-11653
-11986
-10330
-6739
-3276
-1290
873
4575
8524
10771
11477
12559
14093
14149
12534
10896
10707
10617
9334
7539
6646
7055
7331
6878
6308
6292
6222
5233
3332
1710
542
-1234
-4384
-7629
-9846
-11435
-12993
-14530
-15088
-14866
-13971
-12363
-9902
-7094
-4424
-1724
708
2697
4470
5978
6587
6127
5488
5304
5129
4151
2946
2518
2368
2142
1911
2203
2836
3259
3099
2781
2512
2288
1784
270
-1833
-3349
-3872
-4738
-5888
-6704
-5975
-4672
-4152
-3345
-1341
1496
3551
4720
5872
7566
8856
8939
8217
7433
6273
4394
1884
-497
-2041
-4026
-6467
-8508
-9437
-9563
-9980
-10208
-9657
-8389
-7355
-6540
-5196
-3554
-2003
-1202
-653
45
976
1462
1224
732
592
1045
1160
1117
1464
2607
3642
4241
4905
5976
6983
7151
6897
6344
5750
4589
3027
1298
-531
-2043
-3805
-5172
-6126
-6405
-6579
-6896
-6399
-5119
-3523
-2611
-1691
-97
1689
2933
3495
3959
4512
4608
4387
4009
3968
4158
4315
4271
4288
4805
5592
6400
6579
6313
5333
4240
3098
1735
-276
-2849
-5067
-7006
-8716
-10210
-10883
-10616
-10107
-9415
-8241
-6306
-3655
-1504
-11
890
1778
2682
2668
1919
923
124
-1034
-2454
-3158
-2812
-2158
-2015
-1741
-426
1381
3060
4141
5114
6092
6327
6000
5464
5350
4993
3897
2413
1752
1936
2010
1987
2332
3328
4072
4531
5201
6213
6466
5715
4911
4241
3351
1580
-339
-1793
-3315
-5029
-6560
-7070
-6816
-6547
-6338
-5797
-4579
-3308
-2352
-1910
-1811
-1801
-2118
-2908
-3939
-5065
-6228
-7495
-8583
-8673
-7993
-7399
-6936
-5913
-3897
-1621
-41
1025
2171
3318
3679
3324
2888
2861
2751
1792
583
162
720
1342
1620
2212
3299
4368
5021
5363
6044
6534
6056
4942
3786
3041
2842
2452
1615
918
778
1231
2271
3076
3534
4181
4279
4214
3936
3521
3144
2029
-304
-2763
-4265
-5203
-6157
-7632
-8759
-9020
-9161
-9444
-9112
-7982
-7048
-6817
-7110
-6675
-5408
-4441
-3901
-3550
-2594
-1381
14
1466
3207
5100
6354
7310
8219
9321
9967
10154
9560
8939
8362
7690
7060
6109
5502
5096
4834
4208
3981
4235
4625
4409
3493
3145
3217
3097
1949
634
-131
-706
-1796
-3463
-4152
-4000
-4094
-4864
-5540
-5097
-4357
-4278
-4988
-5373
-5410
-5437
-5822
-6483
-6765
-6785
-6812
-7166
-6938
-6134
-4977
-4384
-4147
-3190
-1929
-931
-691
-640
-278
-29
-324
-900
-1432
-1868
-2536
-3445
-3904
-3524
-3043
-2870
-2558
-1529
160
1697
2900
4513
6293
7436
7953
8195
8783
9284
9039
8298
7519
6966
6704
6372
6009
5723
5383
4791
4003
3573
3397
3074
1887
317
-795
-1671
-2608
-3884
-5085
-5699
-6278
-6851
-6947
-6227
-4989
-4409
-4184
-3632
-2252
-764
-381
-402
-55
450
543
-72
-456
-220
-301
-944
-1645
-1551
-1123
-768
-983
-1526
-1595
-1680
-1712
-2078
-2877
-3300
-3519
-4064
-4553
-4742
-4125
-3145
-2520
-1646
55
2449
4511
6178
7938
9963
11929
12803
13079
13158
12840
11984
10280
8448
6683
4739
2406
201
-1290
-2180
-3024
-3812
-4159
-3903
-3506
-3535
-3346
-3124
-2928
-3327
-4349
-4987
-5184
-5314
-5942
-6793
-7106
-6646
-5961
-5564
-4924
-3775
-2621
-1603
-918
25
937
965
494
18
-357
-1065
-2077
-3003
-3440
-3758
-4070
-3800
-2959
-2079
-1351
-458
633
1800
2509
2924
3342
3612
3827
3992
4169
4278
4678
5179
5730
6339
6919
7724
8319
8457
8143
7588
6654
5353
3431
1081
-1224
-3423
-5585
-7745
-9285
-10125
-10314
-10343
-9739
-8042
-5986
-4238
-2977
-1452
186
1156
1158
706
338
-376
-1751
-3278
-4267
-4750
-5113
-5371
-5014
-3710
-2047
-402
1112
2651
4207
5420
5993
5981
5745
5080
4015
2510
1115
343
-30
-327
-398
89
1216
2863
4446
6068
7585
8819
9616
9904
9915
9807
9234
7917
6306
4841
3721
2400
784
-638
-1501
-2119
-2794
-3492
-4007
-4204
-4511
-4998
-5628
-6143
-6376
-6753
-7384
-7946
-8044
-7705
-7458
-7267
-6704
-5793
-4950
-4296
-3693
-2730
-1598
-802
-341
-116
243
724
1030
892
751
796
970
953
670
838
1423
1904
1931
1971
2487
3237
3444
3126
2977
3034
2825
1986
959
384
62
-585
-1241
-1264
-622
4
70
424
1722
3085
3669
3774
4214
4801
4606
3567
2784
2359
1426
-80
-1525
-2429
-3266
-4444
-5563
-6160
-6518
-6939
-7229
-7065
-6571
-6132
-5808
-5311
-4437
-3683
-3186
-2674
-1981
-1256
-842
-498
92
731
1166
1507
2206
3009
3680
4338
5063
6063
6894
7417
7677
7701
7672
7254
6318
5034
3838
2939
1765
579
-153
-195
200
387
669
1418
2597
3614
4062
4112
4136
4171
3722
2597
1447
519
-349
-1344
-2369
-2716
-2588
-2269
-1933
-1468
-835
-247
254
317
38
-512
-1375
-2571
-4080
-5519
-6820
-8173
-9479
-10324
-10397
-10147
-9782
-8951
-7550
-5776
-4156
-2815
-1351
195
1370
1747
1662
1768
1911
1583
670
149
302
477
332
292
1138
2356
3177
3576
4074
4833
5351
5093
4371
3672
3017
2211
934
-144
-680
-833
-979
-1071
-503
665
2005
3068
4149
5397
6560
7217
7302
7184
6985
6293
4844
3187
1763
667
-777
-2471
-3722
-4367
-4713
-5296
-5717
-5681
-5377
-5367
-5708
-5892
-6049
-6300
-6798
-7237
-7299
-7270
-7169
-6792
-6029
-4751
-3219
-1599
75
1651
3374
4885
6051
6775
7300
7558
7035
6212
5353
4720
3833
2536
1545
1104
884
593
432
726
1365
1793
1874
1933
2340
2637
2390
1737
1295
1299
1080
538
165
409
731
680
600
1018
1889
2226
1809
1368
1496
1645
1010
-255
-1208
-1466
-2023
-3231
-4259
-4425
-4200
-4393
-4840
-4659
-3798
-3176
-3038
-2877
-2244
-1514
-1348
-1685
-1841
-1604
-1560
-1930
-2297
-2141
-1773
-1651
-1590
-1121
-247
488
1018
1511
2175
2864
3371
3565
3404
3194
3059
2900
2372
1637
1120
839
421
-245
-625
-460
-128
-235
-565
-519
44
596
691
672
913
1337
1443
1345
1467
1804
1951
1679
1357
1160
995
699
284
-303
-1053
-1757
-2352
-2944
-3529
-3943
-4205
-4429
-4702
-4715
-4444
-4135
-3831
-3547
-3237
-3016
-2717
-2313
-1921
-1602
-1374
-1082
-728
-198
601
1477
2257
3086
4062
5093
5959
6624
7079
7089
6778
6297
5705
4779
3578
2570
1743
931
80
-422
-424
-281
-247
-219
88
686
1252
1461
1459
1552
1784
1677
1239
883
755
483
-167
-590
-535
-224
-147
-225
-149
125
403
452
188
-290
-758
-1349
-2160
-3155
-3840
-4266
-4750
-5228
-5357
-4896
-4408
-4005
-3579
-3008
-2486
-2129
-1772
-1580
-1694
-2017
-2197
-2365
-2744
-3260
-3422
-3172
-2911
-2752
-2390
-1339
-80
956
1681
2517
3653
4467
4771
4616
4532
4478
4070
3334
2573
2182
1889
1431
993
964
1329
1779
2019
2221
2544
2972
3305
3170
2802
2357
1940
1194
123
-650
-1076
-1451
-2099
-2484
-2171
-1587
-1177
-844
-259
398
709
655
445
124
-370
-1195
-2324
-3473
-4276
-4705
-5138
-5487
-5271
-4417
-3385
-2421
-1126
572
2141
3187
3851
4416
4777
4776
4383
3636
2722
1828
1024
299
-212
-373
-352
-345
-140
499
1369
2029
2335
2460
2456
2265
1798
1060
146
-821
-1792
-2740
-3335
-3406
-3189
-2992
-2611
-1748
-686
202
925
1665
2103
2013
1630
1213
704
-142
-1146
-2107
-2865
-3331
-3528
-3546
-3380
-2810
-1985
-1117
-274
715
1661
2187
2379
2414
2343
1851
1038
76
-883
-1736
-2498
-3013
-3272
-3153
-2756
-2096
-1153
132
1611
2926
4002
4807
5507
6069
6300
5828
4864
3987
3224
2260
957
17
-322
-640
-1259
-1525
-938
-219
-144
-601
-712
-506
-792
-1835
-2916
-3464
-4006
-5081
-6228
-6284
-5373
-4669
-4525
-3951
-2245
-291
862
1376
2134
3059
3369
2804
1986
1530
1063
11
-1420
-2333
-2410
-2372
-2729
-2981
-2494
-1641
-1097
-718
-22
808
1184
1127
1158
1458
1707
1593
1300
1236
1510
1904
2169
2483
3055
3672
4060
4360
4843
5324
5397
5031
4596
4251
3810
3005
1939
992
243
-526
-1386
-1916
-2042
-2217
-2569
-2659
-2217
-1747
-1599
-1577
-1487
-1418
-1438
-1431
-1481
-1682
-1928
-2086
-2140
-2050
-1748
-1298
-926
-652
-294
162
664
1007
1033
732
309
-58
-658
-1517
-2298
-2786
-3330
-4188
-4756
-4510
-3787
-3298
-3063
-2479
-1331
-95
765
1270
1899
2709
3035
2670
2307
2615
2849
2096
1002
761
1222
1153
528
429
999
1311
1019
931
1458
1821
1428
717
428
507
242
-484
-1138
-1311
-1291
-1607
-1980
-1859
-1269
-874
-899
-586
401
1445
1884
1957
2365
2971
3141
2719
2113
1707
1209
303
-780
-1574
-1948
-2437
-3215
-3774
-3755
-3388
-3207
-3134
-2740
-2025
-1315
-852
-351
403
1145
1566
1723
2139
2846
3329
3419
3499
3976
4450
4518
4454
4568
4724
4435
3842
3472
3272
2812
1874
957
498
151
-478
-1364
-1997
-2267
-2654
-3252
-3836
-4118
-4293
-4730
-5230
-5521
-5440
-5242
-5202
-5106
-4826
-4263
-3553
-2912
-2269
-1639
-929
-219
312
717
1003
1288
1413
1180
746
343
138
-177
-786
-1327
-1479
-1304
-1299
-1417
-1066
-236
477
722
1057
1959
2867
3185
3219
3653
4299
4419
4101
4016
4361
4498
4072
3625
3622
3758
3449
2889
2680
2768
2574
1900
1294
1102
903
268
-584
-1150
-1438
-1884
-2546
-2956
-2852
-2652
-2810
-3039
-2766
-2053
-1636
-1755
-1803
-1436
-1081
-1281
-1706
-1735
-1539
-1699
-2268
-2601
-2357
-2025
-2097
-2383
-2285
-1750
-1366
-1441
-1622
-1462
-1158
-1259
-1708
-1918
-1677
-1457
-1609
-1663
-1082
-150
520
997
1834
3011
3966
4516
5002
5559
5853
5703
5379
5096
4696
3988
3149
2459
1946
1439
872
418
245
249
226
171
224
371
420
282
40
-246
-622
-1086
-1579
-2111
-2651
-3051
-3220
-3272
-3350
-3314
-3022
-2620
-2335
-2143
-1864
-1523
-1338
-1411
-1601
-1621
-1494
-1536
-1893
-2222
-2096
-1729
-1568
-1600
-1392
-858
-403
-188
84
577
963
982
858
946
1179
1271
1251
1350
1632
1955
2324
2863
3536
4118
4471
4713
4939
5066
4958
4579
3991
3236
2349
1439
610
-137
-842
-1472
-1928
-2161
-2191
-2075
-1880
-1709
-1667
-1699
-1718
-1746
-1918
-2294
-2767
-3192
-3462
-3563
-3559
-3478
-3266
-2816
-2158
-1430
-725
-25
674
1201
1381
1332
1290
1223
859
117
-631
-1067
-1318
-1635
-1880
-1762
-1328
-885
-493
125
1005
1804
2242
2422
2657
2950
3037
2860
2613
2446
2325
2218
2226
2407
2634
2809
2988
3240
3478
3529
3389
3141
2739
2085
1256
468
-266
-1122
-2117
-3001
-3595
-4010
-4410
-4708
-4732
-4564
-4413
-4261
-3878
-3249
-2724
-2501
-2331
-1915
-1415
-1206
-1261
-1234
-1009
-846
-902
-924
-662
-247
24
138
367
836
1320
1542
1507
1426
1407
1344
1070
613
147
-198
-469
-734
-886
-765
-391
-2
303
741
1468
2284
2846
3098
3265
3442
3492
3317
3005
2671
2277
1796
1329
1035
924
851
724
583
508
510
507
355
-17
-544
-1096
-1635
-2262
-2990
-3680
-4207
-4567
-4756
-4643
-4153
-3424
-2671
-1892
-915
257
1385
2166
2538
2648
2592
2374
1927
1281
587
-42
-576
-999
-1171
-947
-404
176
636
1120
1801
2503
2820
2626
2253
1935
1463
600
-420
-1084
-1373
-1696
-2142
-2203
-1537
-609
15
450
1222
2304
3020
3072
2921
2985
2904
2201
1187
498
126
-488
-1422
-2051
-2053
-1904
-2083
-2352
-2220
-1842
-1794
-2142
-2443
-2537
-2811
-3486
-4156
-4431
-4511
-4741
-4944
-4674
-3899
-3005
-2173
-1208
-1
1209
2174
2959
3652
4127
4200
3924
3559
3191
2710
2078
1449
972
674
549
607
814
1083
1370
1683
1992
2226
2403
2498
2392
2062
1671
1432
1310
1107
838
717
825
992
1101
1299
1670
1946
1862
1535
1288
1093
588
-310
-1255
-1977
-2667
-3517
-4292
-4644
-4661
-4738
-4859
-4644
-4005
-3318
-2881
-2473
-1831
-1104
-646
-450
-184
264
640
699
623
741
1023
1199
1184
1182
1361
1566
1588
1494
1468
1528
1491
1265
982
781
644
479
286
133
35
-55
-93
-8
143
260
343
525
814
1049
1174
1359
1706
1992
1988
1816
1786
1899
1838
1455
996
700
452
11
-571
-990
-1202
-1506
-2061
-2594
-2769
-2695
-2778
-3074
-3201
-2964
-2632
-2479
-2307
-1841
-1275
-983
-909
-630
-82
304
262
69
106
313
372
226
147
244
312
211
145
354
712
849
681
584
811
1150
1237
1048
927
1016
1078
953
843
942
1104
1049
852
887
1205
1457
1371
1118
1057
1151
1083
757
422
243
49
-274
-581
-718
-770
-918
-1133
-1286
-1347
-1370
-1408
-1516
-1731
-1946
-2020
-1989
-2036
-2187
-2268
-2186
-2039
-1889
-1632
-1220
-816
-525
-212
275
827
1194
1363
1503
1615
1555
1377
1267
1209
948
472
179
262
470
520
527
784
1276
1750
2127
2537
3023
3415
3593
3633
3695
3786
3743
3474
3069
2750
2566
2371
2090
1797
1566
1362
1121
873
626
257
-327
-1028
-1677
-2321
-3104
-4001
-4786
-5360
-5890
-6429
-6717
-6595
-6292
-6109
-5938
-5410
-4552
-3795
-3355
-2955
-2319
-1646
-1248
-1033
-686
-172
217
366
561
1040
1611
1935
2035
2184
2450
2589
2471
2235
2018
1751
1353
972
766
665
549
449
513
790
1105
1348
1578
1869
2165
2340
2416
2525
2701
2771
2614
2435
2443
2527
2382
1966
1610
1454
1210
666
42
-375
-700
-1225
-1863
-2258
-2347
-2423
-2621
-2721
-2496
-2049
-1647
-1317
-906
-376
139
484
691
854
975
939
668
275
-89
-384
-739
-1253
-1764
-2024
-2034
-2052
-2189
-2206
-1923
-1554
-1387
-1314
-1009
-556
-350
-427
-328
179
675
847
987
1542
2342
2886
3189
3662
4335
4701
4535
4231
4136
3962
3239
2114
1148
526
-108
-983
-1785
-2183
-2304
-2471
-2661
-2571
-2192
-1917
-1980
-2141
-2078
-1903
-1956
-2292
-2609
-2709
-2696
-2680
-2578
-2213
-1657
-1113
-600
20
804
1536
1976
2113
2103
2016
1767
1304
702
96
-481
-1019
-1447
-1624
-1495
-1209
-893
-506
45
735
1384
1829
2108
2317
2404
2254
1923
1638
1439
1115
595
176
128
262
241
114
182
434
523
349
209
243
122
-397
-1023
-1352
-1467
-1741
-2155
-2364
-2245
-2028
-1874
-1598
-1099
-591
-272
-37
285
574
652
547
368
126
-213
-544
-773
-972
-1241
-1436
-1367
-1138
-941
-764
-446
-51
187
295
486
749
835
668
542
643
749
699
716
986
1341
1589
1874
2405
3014
3390
3590
3895
4274
4415
4231
3976
3790
3471
2864
2136
1527
1009
338
-471
-1130
-1507
-1819
-2254
-2634
-2729
-2622
-2583
-2627
-2501
-2168
-1924
-1898
-1842
-1576
-1281
-1218
-1288
-1190
-893
-702
-731
-706
-495
-298
-343
-512
-579
-589
-791
-1238
-1647
-1895
-2156
-2548
-2932
-3128
-3141
-3074
-2938
-2639
-2184
-1666
-1110
-491
146
687
1137
1495
1731
1827
1816
1791
1743
1604
1408
1336
1409
1495
1536
1595
1742
1864
1838
1651
1452
1227
798
181
-408
-820
-1171
-1554
-1875
-1907
-1624
-1211
-736
-105
680
1437
2057
2561
3027
3371
3403
3094
2656
2240
1754
1123
452
-57
-423
-782
-1066
-1099
-909
-774
-800
-781
-564
-363
-416
-605
-691
-693
-858
-1154
-1261
-1066
-850
-806
-697
-262
385
879
1172
1545
2049
2385
2390
2290
2291
2217
1824
1250
832
598
294
-155
-513
-637
-688
-829
-945
-894
-784
-809
-950
-1017
-979
-987
-1135
-1296
-1351
-1384
-1476
-1536
-1458
-1316
-1258
-1257
-1144
-948
-863
-893
-878
-793
-834
-1047
-1196
-1143
-1105
-1275
-1457
-1376
-1146
-1094
-1183
-1094
-796
-616
-700
-753
-537
-295
-301
-382
-208
174
465
648
959
1456
1928
2259
2561
2902
3150
3209
3159
3083
2921
2644
2361
2117
1821
1466
1217
1165
1128
922
695
657
703
560
218
-47
-145
-357
-828
-1291
-1461
-1477
-1676
-2000
-2096
-1888
-1661
-1612
-1573
-1375
-1151
-1097
-1146
-1131
-1086
-1147
-1320
-1447
-1441
-1373
-1317
-1247
-1086
-861
-638
-419
-145
169
417
535
570
660
832
966
961
865
850
978
1132
1182
1213
1368
1600
1732
1712
1743
1931
2062
1930
1646
1477
1457
1374
1147
938
869
874
860
881
1006
1186
1301
1340
1372
1394
1343
1180
937
615
184
-344
-848
-1263
-1726
-2299
-2835
-3134
-3254
-3421
-3641
-3702
-3510
-3293
-3185
-3046
-2756
-2453
-2300
-2223
-2049
-1788
-1631
-1590
-1509
-1353
-1213
-1083
-843
-500
-229
-73
183
631
1097
1406
1614
1889
2175
2327
2387
2505
2655
2659
2490
2366
2410
2474
2418
2305
2278
2261
2150
2013
1920
1822
1558
1142
737
397
55
-363
-792
-1150
-1465
-1759
-1976
-2073
-2077
-2054
-2067
-2051
-1979
-1876
-1768
-1688
-1641
-1619
-1618
-1604
-1539
-1422
-1283
-1180
-1068
-865
-577
-283
-25
230
504
745
893
1015
1177
1315
1335
1235
1156
1181
1199
1120
1004
964
1009
1048
1082
1167
1324
1480
1595
1724
1891
2060
2161
2200
2189
2123
2034
1956
1867
1685
1397
1128
972
823
567
243
-23
-224
-496
-848
-1148
-1342
-1550
-1885
-2226
-2393
-2432
-2551
-2767
-2911
-2890
-2827
-2860
-2922
-2864
-2698
-2590
-2567
-2449
-2120
-1741
-1495
-1314
-984
-478
-57
177
378
686
966
1024
942
892
895
797
517
228
78
-5
-119
-232
-242
-101
111
329
570
874
1242
1616
1924
2147
2322
2514
2691
2748
2665
2568
2535
2454
2229
1931
1713
1539
1227
756
322
23
-307
-806
-1331
-1687
-1933
-2243
-2573
-2702
-2610
-2523
-2518
-2408
-2081
-1696
-1442
-1253
-965
-637
-426
-341
-249
-100
-12
-39
-86
-86
-59
-57
-84
-115
-132
-122
-77
-66
-108
-126
-59
19
5
-19
84
293
433
478
631
976
1343
1557
1761
2117
2523
2780
2883
3019
3164
3183
3026
2792
2564
2290
1895
1421
970
548
86
-399
-831
-1198
-1555
-1921
-2237
-2446
-2601
-2778
-2938
-2978
-2899
-2807
-2752
-2607
-2308
-1982
-1734
-1499
-1143
-694
-343
-141
61
374
664
753
711
730
811
775
576
359
257
175
-36
-314
-477
-478
-482
-562
-591
-450
-173
77
277
545
905
1267
1523
1706
1899
2073
2142
2094
1987
1862
1706
1493
1237
958
688
436
195
-55
-332
-584
-790
-983
-1241
-1523
-1727
-1859
-2030
-2265
-2426
-2426
-2367
-2380
-2400
-2276
-2027
-1826
-1711
-1562
-1288
-1016
-885
-784
-579
-331
-185
-106
61
297
455
541
687
904
1041
1077
1151
1301
1379
1347
1324
1392
1454
1407
1370
1464
1614
1681
1713
1859
2105
2275
2346
2445
2601
2679
2586
2437
2316
2137
1797
1355
960
593
142
-368
-796
-1125
-1458
-1812
-2065
-2159
-2215
-2309
-2342
-2212
-2018
-1896
-1783
-1544
-1237
-1018
-869
-637
-309
-45
92
237
480
696
743
715
735
745
589
298
38
-166
-446
-861
-1230
-1431
-1558
-1743
-1911
-1853
-1633
-1435
-1277
-1023
-598
-178
91
318
662
1040
1248
1305
1419
1619
1727
1658
1561
1586
1592
1415
1155
976
840
582
189
-157
-398
-690
-1081
-1421
-1612
-1759
-1961
-2124
-2128
-2041
-2003
-1983
-1853
-1634
-1454
-1337
-1169
-910
-667
-512
-358
-116
143
307
404
536
692
774
751
725
730
688
561
408
324
266
164
61
30
119
228
338
515
786
1126
1435
1718
2015
2340
2626
2789
2889
2993
3093
3090
2976
2876
2822
2705
2439
2127
1871
1579
1121
549
33
-418
-974
-1626
-2158
-2505
-2805
-3139
-3353
-3305
-3122
-2958
-2773
-2423
-1935
-1527
-1238
-941
-595
-309
-212
-228
-215
-202
-287
-455
-591
-644
-679
-745
-792
-750
-665
-613
-604
-596
-575
-590
-639
-698
-750
-770
-746
-655
-511
-297
6
390
809
1218
1640
2068
2440
2690
2835
2918
2913
2778
2531
2233
1935
1599
1220
848
544
311
78
-164
-360
-499
-648
-847
-1070
-1265
-1455
-1680
-1924
-2111
-2212
-2273
-2298
-2241
-2082
-1844
-1590
-1322
-1018
-707
-444
-270
-154
-78
-71
-146
-289
-455
-603
-755
-894
-987
-1018
-970
-875
-747
-565
-334
-79
152
352
557
774
968
1092
1186
1323
1490
1609
1686
1805
1998
2177
2261
2325
2447
2573
2578
2472
2373
2300
2136
1807
1434
1121
782
324
-188
-615
-935
-1259
-1625
-1906
-1989
-1962
-1935
-1881
-1682
-1341
-1003
-740
-445
-55
324
558
704
871
1040
1110
1042
947
881
785
602
382
202
51
-120
-327
-525
-679
-801
-935
-1082
-1212
-1292
-1318
-1308
-1272
-1206
-1058
-825
-564
-307
-26
315
652
888
1024
1152
1293
1331
1199
992
837
681
397
33
-271
-467
-689
-998
-1257
-1374
-1434
-1563
-1736
-1808
-1768
-1768
-1841
-1884
-1820
-1724
-1674
-1606
-1452
-1231
-1024
-836
-600
-309
-18
215
396
569
709
796
826
801
749
649
502
356
243
147
47
-26
-58
-49
-11
56
174
328
466
578
691
847
1030
1168
1283
1414
1573
1741
1888
2059
2255
2424
2529
2571
2596
2597
2520
2318
2047
1740
1398
1045
693
377
102
-149
-339
-439
-466
-432
-381
-308
-245
-207
-156
-118
-125
-199
-306
-425
-560
-703
-823
-905
-971
-1050
-1129
-1171
-1180
-1193
-1251
-1345
-1452
-1588
-1753
-1906
-2033
-2153
-2271
-2341
-2334
-2247
-2119
-1953
-1725
-1461
-1199
-932
-639
-362
-122
54
198
352
480
585
660
732
799
855
920
1019
1126
1201
1256
1292
1302
1286
1213
1099
941
732
506
277
71
-92
-234
-342
-381
-343
-230
-90
70
249
433
598
722
800
824
786
684
539
381
222
58
-112
-251
-344
-392
-387
-359
-309
-240
-170
-100
-39
9
29
-5
-78
-159
-241
-322
-403
-448
-470
-472
-429
-347
-223
-81
52
172
282
382
458
497
509
511
492
461
452
473
510
544
593
683
779
859
914
938
942
899
801
672
522
345
121
-86
-262
-410
-534
-635
-680
-670
-649
-623
-553
-477
-437
-436
-439
-462
-523
-622
-734
-823
-912
-993
-1046
-1039
-968
-875
-764
-594
-393
-206
-32
120
247
340
380
386
384
360
308
256
238
252
273
308
361
452
540
603
676
744
746
706
661
608
523
378
216
98
-11
-140
-279
-367
-383
-411
-451
-462
-431
-375
-351
-356
-338
-315
-341
-407
-461
-489
-530
-601
-655
-627
-564
-522
-474
-383
-255
-117
-28
38
125
178
163
114
84
48
-39
-169
-256
-282
-303
-352
-380
-328
-213
-118
-44
77
221
343
400
457
528
560
570
580
592
602
622
636
696
780
817
866
935
1000
1059
1054
1010
990
917
825
741
616
461
303
171
97
8
-116
-219
-262
-297
-362
-444
-512
-572
-664
-774
-865
-918
-984
-1083
-1135
-1118
-1067
-1030
-993
-891
-747
-624
-533
-434
-311
-216
-173
-165
-159
-144
-161
-218
-269
-271
-257
-266
-269
-205
-85
13
80
163
297
419
490
536
582
639
663
662
670
709
739
719
708
728
764
761
705
658
632
593
508
389
292
213
106
-37
-162
-227
-284
-374
-458
-500
-504
-513
-559
-577
-544
-537
-561
-558
-516
-476
-474
-489
-447
-374
-335
-304
-257
-181
-124
-98
-52
7
49
51
64
112
140
137
131
159
195
192
194
237
307
349
355
400
487
554
573
588
640
689
680
651
633
629
585
489
409
357
309
219
130
61
14
-42
-129
-200
-259
-342
-443
-545
-633
-717
-817
-895
-942
-965
-970
-962
-927
-866
-795
-707
-604
-502
-393
-296
-210
-123
-58
-5
35
52
64
72
87
104
112
127
144
170
201
226
250
285
322
361
412
461
503
557
618
670
721
766
812
851
875
887
867
846
809
753
682
595
494
377
276
169
52
-53
-141
-224
-312
-391
-466
-513
-554
-599
-628
-653
-672
-673
-672
-683
-676
-685
-691
-664
-654
-641
-627
-618
-593
-542
-502
-454
-393
-325
-240
-162
-72
11
96
181
227
257
279
301
299
276
241
211
183
143
116
101
95
96
110
138
172
214
265
307
364
426
469
483
490
501
493
455
402
343
280
232
166
102
76
50
23
2
-1
7
13
6
-19
-31
-53
-93
-141
-200
-237
-267
-316
-340
-340
-336
-315
-295
-259
-205
-164
-129
-101
-85
-70
-79
-119
-150
-174
-204
-242
-276
-291
-274
-244
-202
-134
-60
16
90
162
233
283
323
349
347
338
341
329
313
315
322
337
370
400
458
521
566
588
585
570
536
483
394
272
137
-4
-152
-292
-420
-527
-606
-675
-727
-748
-739
-725
-710
-699
-695
-699
-722
-742
-773
-819
-853
-869
-869
-856
-809
-734
-636
-505
-351
-180
-7
165
322
464
581
673
727
752
766
761
746
736
712
691
698
700
709
723
729
724
701
674
636
582
514
433
352
279
219
162
116
93
85
86
104
134
151
159
165
153
127
76
11
-64
-158
-254
-352
-429
-499
-571
-612
-641
-663
-662
-656
-644
-624
-601
-583
-550
-524
-502
-465
-436
-394
-339
-276
-213
-131
-43
50
155
253
352
437
505
543
557
555
531
485
435
358
265
195
116
56
5
-29
-37
-35
-35
-23
-8
6
25
26
21
12
2
-21
-44
-75
-100
-123
-143
-136
-135
-125
-99
-69
-47
-20
-4
-2
-4
-26
-58
-98
-143
-190
-232
-256
-272
-269
-244
-205
-151
-85
-16
56
125
191
236
265
292
301
302
302
303
294
282
266
259
260
263
270
267
259
238
226
197
151
106
52
-3
-69
-123
-164
-210
-230
-246
-259
-245
-228
-211
-181
-156
-135
-125
-118
-112
-108
-106
-117
-144
-164
-171
-188
-199
-210
-213
-205
-199
-193
-188
-176
-170
-171
-174
-184
-190
-203
-211
-221
-211
-192
-169
-118
-63
5
84
172
267
345
420
497
543
574
600
605
589
560
531
491
457
428
396
378
359
345
339
330
306
276
238
180
115
45
-37
-116
-200
-266
-309
-354
-369
-372
-372
-357
-335
-317
-305
-290
-290
-299
-318
-345
-380
-428
-468
-504
-531
-546
-560
-555
-532
-505
-471
-428
-380
-330
-291
-247
-201
-164
-120
-80
-22
44
100
170
244
308
383
453
499
558
598
620
645
645
637
622
580
543
500
447
404
350
313
285
238
201
175
148
130
105
88
75
46
21
-6
-38
-67
-109
-148
-176
-211
-228
-251
-265
-264
-269
-264
-257
-252
-244
-244
-253
-252
-261
-278
-284
-284
-286
-271
-248
-217
-172
-128
-76
-17
42
99
154
199
240
279
305
325
331
331
334
329
319
310
308
304
285
265
254
241
204
164
106
48
-15
-98
-176
-248
-311
-369
-414
-446
-465
-482
-491
-477
-459
-449
-418
-387
-365
-333
-307
-292
-270
-257
-233
-208
-181
-139
-89
-34
18
79
139
191
225
257
281
268
249
227
191
164
138
118
97
100
120
138
169
203
239
267
283
283
283
284
272
255
236
212
197
189
188
188
189
196
210
212
220
227
209
197
180
145
101
64
12
-40
-83
-131
-173
-217
-241
-258
-270
-280
-288
-282
-273
-266
-250
-234
-233
-219
-203
-202
-196
-197
-190
-184
-182
-166
-158
-151
-129
-107
-89
-62
-44
-30
-12
-2
15
13
7
7
0
4
4
10
23
36
59
82
95
107
130
134
130
133
128
116
101
99
87
73
66
65
67
64
59
62
70
67
73
81
69
63
65
45
35
21
8
-11
-21
-23
-31
-30
-28
-28
-26
-21
-12
-10
-10
-1
-11
-4
1
-5
-8
-14
-19
-31
-30
-43
-55
-62
-76
-80
-82
-72
-74
-76
-75
-73
-60
-50
-44
-33
-22
-8
6
12
28
38
48
56
58
62
60
53
54
45
39
36
28
31
33
28
20
18
12
13
12
6
9
11
9
6
2
-5
-4
1
-1
11
25
35
34
43
65
64
68
71
68
75
59
40
37
15
-2
-16
-34
-61
-72
-74
-75
-72
-81
-74
-64
-69
-66
-58
-59
-59
-52
-56
-63
-60
-68
-66
-62
-65
-48
-46
-39
-25
-20
-4
1
1
5
9
-4
-7
-15
-25
-32
-37
-33
-31
-32
-26
-20
-18
0
5
10
4
16
32
23
24
27
31
29
27
24
26
25
22
35
52
61
66
81
86
96
94
82
76
61
45
18
-2
-17
-32
-25
-17
-16
12
24
47
63
70
90
88
87
83
80
74
58
48
48
39
28
18
11
2
0
-5
-19
-17
-24
-33
-53
-75
-87
-111
-123
-125
-127
-113
-102
-90
-61
-32
-3
22
33
46
59
55
53
47
39
38
31
33
26
19
21
23
17
6
-5
-23
-48
-76
-97
-116
-146
-167
-184
-192
-196
-204
-192
-172
-162
-150
-119
-94
-74
-49
-32
-18
-10
-2
-3
-14
-17
-28
-26
-30
-34
-26
-13
-7
1
24
33
63
98
100
113
132
134
146
146
155
161
150
162
164
168
179
180
189
189
187
181
174
162
142
120
89
64
27
-3
-28
-56
-76
-86
-97
-105
-104
-104
-104
-105
-94
-82
-83
-82
-69
-65
-47
-37
-36
-12
-2
4
22
38
43
48
57
54
52
50
43
29
15
4
-16
-31
-49
-53
-51
-46
-42
-34
-15
1
6
13
23
12
12
12
9
19
7
-6
-12
-20
-25
-32
-52
-55
-62
-75
-76
-81
-89
-95
-102
-116
-124
-132
-150
-153
-159
-167
-160
-163
-148
-123
-109
-73
-34
-8
27
48
61
70
75
90
96
96
104
109
105
112
106
101
115
102
95
97
86
85
87
86
94
93
87
81
61
57
53
43
37
28
27
25
30
33
21
30
27
22
16
11
16
0
-15
-33
-46
-50
-65
-79
-91
-99
-100
-97
-84
-71
-63
-58
-53
-47
-45
-43
-46
-45
-45
-45
-34
-27
-7
1
5
14
20
31
33
37
35
51
55
42
46
40
30
29
26
23
14
14
11
8
11
14
31
31
39
50
44
39
42
35
29
26
13
7
5
7
15
13
12
8
16
16
16
17
1
-2
-8
-22
-27
-34
-47
-63
-69
-72
-70
-66
-56
-44
-48
-30
-18
-18
-17
-4
5
2
0
1
-3
-9
-2
-9
-8
-2
-4
4
10
20
22
27
31
28
30
21
13
9
4
4
3
2
-7
0
6
2
7
12
18
22
27
31
27
29
27
15
1
-8
-23
-28
-31
-32
-26
-27
-26
-23
-19
-18
-23
-29
-31
-35
-36
-38
-42
-39
-47
-53
-42
-38
-39
-31
-27
-18
-7
-5
10
21
32
37
37
43
46
45
41
44
47
49
50
51
53
52
59
59
61
64
67
67
62
61
52
63
58
52
45
40
42
26
20
15
1
-5
-8
-9
-16
-26
-23
-39
-54
-62
-74
-83
-92
-92
-93
-95
-84
-84
-76
-70
-77
-68
-69
-63
-54
-59
-50
-36
-36
-23
-17
-26
-11
-11
-3
11
14
29
25
30
43
48
52
51
58
56
49
51
50
44
42
37
38
33
28
26
26
27
21
16
13
19
18
6
3
-4
-10
-7
-8
-11
-20
-16
-13
-17
-15
-22
-26
-29
-24
-21
-29
-22
-21
-26
-21
-18
-12
-10
-17
-15
-20
-23
-19
-23
-7
-1
-2
7
3
-3
4
10
8
16
21
16
23
28
28
35
31
34
31
28
33
27
35
36
33
39
36
29
28
19
21
21
15
22
16
13
7
3
9
-1
-9
-14
-18
-29
-29
-33
-44
-45
-52
-43
-30
-26
-21
-32
-31
-22
-21
-20
-21
-17
-18
-20
-18
-20
-13
-12
-12
-6
-9
0
9
11
10
10
22
12
5
4
-9
-2
-7
-9
-6
-2
11
13
13
17
23
31
37
38
30
28
27
24
20
18
9
11
6
-8
-11
-21
-18
-19
-27
-29
-25
-27
-33
-41
-35
-29
-34
-25
-32
-29
-17
-24
-24
-23
-19
-13
-20
-16
-10
-4
5
6
2
2
-3
6
6
2
10
-2
-6
1
5
17
24
23
25
27
28
31
31
34
35
37
53
52
45
63
61
56
65
66
62
55
44
44
40
31
30
21
11
2
-8
-18
-18
-22
-38
-35
-38
-41
-40
-45
-49
-47
-49
-46
-44
-48
-37
-33
-35
-34
-33
-26
-21
-18
-5
-7
-10
-1
-10
-8
-5
-8
-12
-18
-19
-15
-14
-18
-18
-14
-18
-14
-5
-3
5
7
10
10
6
6
12
18
27
34
42
39
34
31
29
25
12
16
11
0
-2
-14
-19
-12
-25
-30
-32
-40
-46
-49
-46
-48
-39
-30
-24
-21
-17
-14
-17
-17
-5
4
2
8
18
24
30
32
38
35
34
35
28
28
25
21
25
20
20
33
27
30
36
35
38
38
40
34
29
35
28
29
33
24
19
17
22
24
17
11
8
4
4
-6
-8
-13
-30
-36
-36
-42
-50
-49
-45
-52
-55
-51
-48
-43
-42
-40
-42
-37
-35
-31
-25
-24
-16
-12
-14
-14
-9
4
9
15
23
19
21
17
5
2
-13
-7
-2
-14
-8
-8
0
10
7
12
19
18
17
28
33
25
33
36
26
25
23
12
5
9
11
17
25
29
35
36
31
19
14
10
2
-7
-15
-13
-16
-21
-25
-29
-34
-38
-38
-41
-42
-33
-29
-42
-33
-21
-18
-17
-16
-12
-11
-18
-21
-18
-22
-24
-20
-17
-18
-12
-15
-18
-10
1
-2
-6
2
0
2
7
4
-2
5
14
25
35
40
42
47
33
37
49
43
47
42
41
45
43
48
42
30
26
25
30
30
28
25
25
17
5
7
1
1
-8
-18
-5
-12
-13
-2
-11
-13
-12
-8
-4
-6
-8
-4
-11
-10
-7
-16
-19
-22
-20
-30
-36
-34
-38
-32
-36
-45
-42
-44
-45
-47
-35
-22
-25
-23
-21
-11
-7
-7
-8
-4
2
0
8
12
9
16
16
1
-2
5
12
5
3
12
8
4
3
-3
-6
2
-2
-8
-7
-3
-2
-3
-8
-4
3
6
10
12
12
12
5
5
11
15
9
5
6
0
1
-14
-10
-4
-16
-9
-5
4
8
22
23
16
25
29
25
10
8
16
17
23
21
14
13
17
19
24
34
33
36
36
34
37
26
18
8
1
-9
-9
-14
-18
-15
-14
-11
-14
-4
-4
-5
4
3
-2
-4
-8
-16
-17
-16
-12
-13
-11
-12
-9
-2
-6
-4
-8
-14
-5
-16
-18
-23
-38
-37
-33
-38
-39
-40
-34
-37
-34
-29
-36
-18
-18
-20
-10
-13
-4
2
3
11
7
8
17
13
17
26
21
17
15
18
18
13
8
6
5
3
10
7
4
10
-2
-6
1
5
11
14
17
14
14
22
21
12
13
10
7
16
13
15
19
10
18
16
13
16
8
15
18
4
6
7
6
7
-7
-8
-9
-12
-9
-14
-14
-18
-15
-14
-9
-3
-15
-9
-2
-5
-4
-5
-3
-14
-15
-9
-12
-15
-17
-22
-27
-15
-16
-19
-29
-23
-10
-17
-8
-3
-1
6
3
6
19
20
23
22
25
24
24
21
15
16
15
15
9
11
3
5
10
3
6
-4
-3
2
-1
5
5
-7
-5
-5
-9
-3
-6
-13
-7
-3
-7
1
5
7
10
1
5
3
-1
4
3
-1
3
-3
-4
2
7
7
-5
-1
-6
-16
-11
-15
-18
-18
-21
-21
-21
-15
-8
-10
-2
6
3
3
11
10
6
16
8
6
8
2
6
-1
1
0
-5
1
-3
-1
-5
-6
-6
-8
0
-3
-9
-6
-11
-9
-10
-17
-20
-23
-17
-9
-11
-10
-4
-9
-3
-1
2
12
7
9
9
11
18
10
11
15
12
9
14
21
22
26
22
20
20
22
16
13
30
16
14
27
22
20
23
18
13
16
15
9
8
4
-6
-9
-8
-5
-12
-20
-12
-19
-14
-11
-23
-20
-22
-22
-19
-20
-29
-24
-23
-26
-15
-11
-12
2
2
-15
-9
-11
-13
-14
-14
-7
-5
-15
-13
-13
-18
-12
-14
-17
-11
-9
-6
-5
1
11
5
7
6
2
12
10
10
19
13
19
33
30
35
34
32
25
20
28
23
18
14
7
9
9
2
-1
-5
-15
-15
-9
-12
-7
-6
0
-5
-11
-7
-8
-13
-14
-18
-31
-29
-29
-32
-24
-26
-33
-26
-20
-17
-14
-9
-4
-6
-2
-1
13
20
15
17
16
18
25
26
24
32
27
24
33
33
32
39
38
33
40
28
28
30
12
13
16
16
9
8
7
-3
-5
-5
-14
-27
-28
-33
-35
-40
-39
-33
-40
-37
-40
-43
-44
-37
-29
-31
-28
-29
-27
-27
-22
-13
-17
-13
-16
-26
-20
-21
-13
-6
0
10
7
18
23
18
29
35
41
33
30
36
23
28
25
25
26
22
33
31
30
29
30
31
33
34
27
34
25
26
29
17
17
14
1
-8
-13
-14
-15
-20
-31
-32
-33
-36
-38
-45
-38
-39
-38
-38
-33
-23
-20
-12
-19
-21
-21
-28
-24
-24
-20
-17
-21
-18
-10
-7
0
9
10
17
21
21
22
16
11
10
20
25
24
29
24
23
18
13
9
4
11
10
6
6
14
19
21
13
6
1
-9
-10
-10
-6
-11
-18
-20
-9
-5
-13
-6
-3
-12
-14
-10
-2
1
9
7
-5
0
5
14
10
11
15
13
18
20
19
15
17
4
0
3
-3
0
-3
6
10
10
12
-3
0
2
5
7
-10
-7
-9
-11
-10
-12
-8
-7
-5
0
9
7
-2
-3
-14
-22
-15
-19
-28
-25
-15
-17
-19
-17
-18
-19
-23
-21
-26
-25
-17
-18
-11
-2
-5
-6
-6
-15
-13
-5
-4
-3
1
-2
-2
9
16
4
16
24
10
17
11
12
10
10
18
12
12
18
17
19
15
17
18
26
39
36
34
33
37
31
30
34
31
40
33
22
22
15
14
8
1
4
4
6
6
3
5
-8
-11
-10
-28
-22
-20
-36
-34
-22
-23
-27
-21
-22
-19
-21
-29
-29
-35
-33
-26
-24
-24
-32
-39
-35
-41
-43
-38
-41
-36
-28
-22
-19
-11
-7
-6
-3
-10
-14
-8
-3
10
19
11
16
23
27
26
15
22
18
16
15
15
27
32
36
32
40
33
23
17
10
10
0
4
2
8
14
21
23
16
19
18
13
15
11
10
9
3
11
4
5
9
4
4
8
7
4
7
9
9
5
8
1
3
4
-13
-18
-12
-10
-11
-14
-15
-14
-11
-7
-8
-9
-5
-5
-8
-15
-16
-13
-11
-2
-11
-16
-12
-11
-9
-12
-15
-13
-29
-43
-33
-34
-35
-27
-23
-27
-19
-15
-21
-9
-5
-8
-1
4
5
7
10
16
9
13
7
-5
-2
-1
9
6
1
13
17
11
15
22
16
19
22
12
15
14
9
13
19
23
23
27
29
30
30
38
29
24
35
37
35
26
31
23
16
10
3
-1
-15
-12
-17
-22
-14
-14
-14
-21
-23
-19
-19
-17
-21
-26
-23
-22
-33
-31
-25
-22
-22
-28
-19
-16
-14
-10
-11
-15
-11
-10
-15
-12
-10
-7
-11
-18
-18
-23
-19
-21
-20
-12
-16
-12
-9
2
2
-2
12
15
13
9
12
17
15
25
27
19
14
22
33
30
27
26
30
31
33
32
27
21
16
11
15
11
4
9
8
24
24
23
21
25
22
10
19
7
5
5
-5
-5
-3
-1
0
1
-10
-13
-18
-10
-6
-23
-18
-16
-23
-24
-33
-37
-35
-39
-38
-37
-33
-37
-36
-25
-29
-22
-20
-16
-11
-16
-9
-8
-2
-8
-12
0
2
-1
1
-2
-3
0
-6
-1
3
1
3
1
8
9
4
6
-1
-5
4
-1
-3
-1
-5
-2
-1
6
12
16
25
20
24
26
24
32
36
33
22
25
31
24
21
21
13
1
11
16
10
11
4
12
14
10
10
8
14
7
16
16
8
12
7
-2
0
-3
2
5
1
12
15
10
4
1
-2
-9
-17
-8
-14
-16
-14
-18
-13
-19
-20
-17
-26
-25
-25
-35
-23
-17
-20
-19
-17
-18
-28
-20
-21
-23
-23
-29
-26
-19
-18
-22
-11
-9
-12
-22
-20
-18
-19
-17
-18
-13
-20
-11
-7
-7
-4
1
7
0
9
17
12
20
19
17
21
18
20
25
22
22
22
20
21
19
19
23
30
29
28
30
30
23
21
14
9
10
7
8
14
12
12
19
30
31
30
37
32
28
33
30
24
18
2
1
0
-9
-16
-24
-14
-16
-12
-10
-13
-11
-18
-18
-24
-35
-33
-30
-31
-35
-27
-34
-38
-34
-39
-30
-16
-15
-10
-17
-16
-9
-13
-14
-17
-16
-17
-8
-14
-21
-12
-7
-6
-10
-4
-4
-9
-4
-5
-8
-6
-2
12
15
10
21
21
12
15
12
17
18
23
27
21
41
35
31
32
21
22
9
1
-1
-6
1
1
-2
9
7
12
19
13
5
10
12
5
2
7
2
2
1
-9
0
-10
-8
-5
-11
7
-1
-6
-1
-10
-5
-5
-7
-10
-15
-8
-8
-19
-20
-13
-5
-11
-11
-11
-13
-6
-13
-16
-8
-10
-9
-4
-3
3
9
13
9
7
10
11
4
3
10
5
0
2
3
1
-5
-4
4
-5
-10
-5
1
0
-3
6
2
1
-1
-3
-2
-9
-15
-5
0
4
10
6
7
12
5
1
-1
-3
9
7
11
9
14
13
14
17
9
17
4
-6
-2
-5
-7
-3
0
0
3
11
12
8
13
13
12
7
2
6
5
-2
-2
0
0
-11
-9
-7
-10
-11
-19
-15
-21
-25
-19
-15
-10
-15
-14
-8
-15
-17
-11
-9
-14
-15
-8
-5
-11
-12
-7
-3
-8
0
5
-2
-6
-5
8
11
13
17
12
12
7
5
3
-6
0
-1
0
6
12
11
6
11
9
-2
0
-2
-12
-4
4
2
4
9
16
19
14
19
12
6
14
16
10
11
16
16
17
11
12
21
8
-1
8
1
-4
-6
-1
14
11
2
1
5
-5
-11
-7
-19
-28
-31
-21
-11
-15
-2
0
-4
5
-7
-9
-12
-19
-13
-15
-4
-1
-4
1
0
2
5
-3
-13
-8
-5
-12
-8
-7
-13
-6
6
2
2
6
-3
4
3
6
14
6
3
2
5
-1
-3
4
1
1
-4
-9
-9
-4
-8
-11
-2
-2
-3
-3
3
-8
-7
-9
-16
1
-4
-4
5
9
3
-1
3
7
15
14
14
15
17
13
10
21
23
19
18
15
19
14
10
11
14
28
14
9
15
9
11
3
3
0
-8
-1
-9
-9
-7
-23
-21
-7
-12
-11
-16
-18
-13
-21
-20
-18
-10
-19
-21
-10
-17
-12
-17
-13
-12
-20
-7
-21
-23
-10
-17
-5
-12
-17
-8
-15
-12
-13
-9
0
-3
-6
3
10
3
10
22
21
21
22
23
30
32
21
24
41
39
27
24
30
17
9
10
-2
-1
5
8
13
18
18
19
23
25
19
7
5
10
12
3
2
2
-8
-3
-4
-16
-12
-14
-25
-24
-24
-28
-24
-15
-23
-19
-19
-18
-17
-24
-34
-28
-22
-29
-25
-17
-18
-23
-18
-19
-26
-18
-12
-8
1
9
19
14
21
21
3
13
9
3
11
6
5
6
15
15
5
8
8
15
11
-1
2
-4
3
6
-3
2
-1
-3
0
-5
-12
-6
-6
-2
6
6
2
-1
4
3
4
1
0
-2
-6
1
5
3
2
7
7
17
21
18
20
12
11
22
22
14
19
15
25
17
16
18
18
22
7
14
18
11
9
10
9
2
2
6
5
0
-2
-3
-9
-7
-23
-22
-19
-22
-19
-18
-10
-16
-21
-21
-26
-20
-21
-31
-24
-26
-31
-27
-27
-20
-21
-23
-20
-28
-26
-32
-31
-21
-22
-26
-24
-27
-28
-26
-23
-9
-4
2
3
5
7
12
17
21
30
27
24
29
27
20
25
26
25
35
44
53
44
36
35
36
35
28
24
32
29
21
25
25
23
14
12
15
8
6
12
8
4
-1
-5
-4
0
-1
-4
-5
-3
-6
-12
-15
-26
-26
-30
-32
-26
-27
-30
-30
-29
-36
-28
-24
-22
-17
-18
-11
-14
-13
-7
-16
-12
-5
-16
-18
-20
-29
-33
-26
-16
-2
-2
0
1
6
16
9
8
17
13
9
11
16
9
7
5
6
13
6
9
15
15
19
19
16
18
18
8
4
14
9
6
2
-7
4
6
0
9
9
5
15
9
8
7
1
6
1
-3
-9
-4
-2
2
14
13
8
8
16
12
13
12
4
2
-2
8
7
-7
-2
1
-5
-10
-4
-2
-2
0
-3
1
-1
-5
-3
-10
-17
-13
-23
-26
-19
-19
-9
-7
-19
-18
-15
-17
-20
-20
-12
-18
-13
-19
-24
-7
-10
-8
-2
-13
-16
-15
-24
-22
-26
-11
-4
-17
-7
-7
-8
-5
2
5
15
26
28
28
28
23
20
23
19
11
16
13
5
19
23
22
19
19
31
31
29
28
28
23
22
24
26
21
16
21
14
3
3
-1
2
