SAMPLES:	17405
BITSPERSAMPLE:	16
CHANNELS:	1
SAMPLERATE:	16000
NORMALIZED:	FALSE
-2
-5
-5
-4
-3
-2
2
4
3
3
-1
-1
-3
-4
-1
0
-1
2
0
-4
-3
-6
-7
-8
-6
-5
-6
-5
-7
-6
-4
-1
4
5
3
6
9
8
8
10
8
5
6
6
6
9
12
12
10
10
7
4
2
-3
0
0
0
-3
-4
-3
-4
-2
0
-1
0
1
-1
0
1
0
1
-3
-2
-3
-5
-3
-5
-2
-2
-3
-2
1
1
0
3
2
0
1
3
1
-1
3
0
2
2
2
2
3
8
8
10
8
5
3
-1
0
-2
-4
-4
-6
-7
-8
-6
-7
-5
-5
-5
-5
-8
-6
-1
-6
-8
-10
-12
-11
-13
-11
-7
-7
-6
-5
-3
-5
-7
-7
-3
-2
-2
-2
-3
-2
3
3
1
2
2
7
9
12
13
10
10
4
0
3
-1
3
7
7
7
8
11
13
11
17
22
20
17
16
17
16
19
14
15
11
7
3
-1
0
-2
-5
-2
-3
-5
-4
-4
-2
1
-2
-3
-6
-9
-14
-19
-20
-21
-22
-15
-14
-15
-13
-13
-12
-12
-8
-8
-4
-6
-10
-7
-12
-9
-11
-10
-9
-8
-7
-6
-4
-6
-2
-4
0
4
4
10
9
9
12
12
9
6
8
6
2
4
4
3
3
4
7
6
6
8
9
9
10
9
5
3
3
2
1
1
0
6
7
3
2
-1
3
3
3
2
1
0
1
3
2
1
2
1
-1
1
-5
-5
-1
-3
-2
-3
-4
-2
-3
-5
-2
-5
-5
-3
-6
-4
-3
-4
-1
-1
1
3
3
5
4
2
6
6
5
5
4
5
3
4
8
7
7
8
4
0
-1
-3
-4
-4
-2
-5
-4
-1
-2
1
3
-1
2
-3
-5
-6
-8
-10
-12
-13
-11
-10
-14
-10
-7
-10
-12
-7
-4
-4
-3
-5
-2
0
0
1
-4
-5
-3
-4
-4
-6
-7
-2
3
1
0
0
5
9
10
11
12
10
3
0
-2
0
2
6
6
8
6
8
14
13
11
13
14
13
14
17
12
7
8
8
5
10
6
1
4
5
3
0
-3
-4
-6
-2
-5
-7
-5
-5
-3
-4
-5
-7
-9
-7
-6
-8
-9
-9
-9
-5
-3
-4
-3
-3
-2
-5
-6
-6
-9
-13
-11
-8
-7
-2
-3
-3
-2
1
1
1
2
3
2
1
4
0
-1
3
0
5
3
0
5
2
0
-2
-1
-1
-4
-4
-3
-2
4
2
2
6
2
0
4
3
1
0
-1
2
3
-1
0
0
-1
0
2
5
8
9
11
8
7
6
7
7
5
3
-1
-1
-3
-2
-2
-2
-2
-1
2
4
4
8
7
3
0
-3
-5
-3
-7
-6
-4
-8
-3
-2
-5
-5
-2
-3
-6
0
2
-1
0
-1
-3
-5
-6
-3
-6
-5
-8
-12
-8
-8
-7
-7
-8
-9
-6
-3
-2
0
0
-1
2
1
-2
2
2
3
3
5
9
7
9
8
10
12
10
9
10
12
15
15
19
19
15
14
13
12
10
8
3
-2
0
-4
-8
-2
0
0
-1
2
6
4
2
2
-1
-5
-6
-11
-11
-12
-13
-15
-15
-12
-14
-13
-8
-3
-5
-1
1
-1
-3
-8
-11
-12
-16
-17
-14
-15
-13
-12
-7
-5
-2
3
2
3
3
2
0
0
0
-2
-2
-2
-3
-3
-3
-1
0
2
6
5
7
6
7
6
7
8
8
10
10
10
14
14
12
10
8
9
8
4
3
4
2
4
5
1
4
6
3
6
6
2
2
-1
-2
-4
-7
-4
-3
-1
5
7
3
3
8
2
2
5
2
4
4
2
4
2
0
0
0
-3
-2
-5
-4
0
-2
-1
3
2
0
0
-1
-7
-7
-6
-8
-13
-14
-11
-10
-9
-11
-10
-8
-8
-5
-8
-12
-10
-10
-6
-3
-8
-8
-6
-7
-6
-8
-11
-8
-9
-7
-5
-4
-3
-3
2
8
5
6
10
3
3
7
6
5
4
5
6
7
8
8
6
10
12
13
12
13
15
12
9
10
7
8
7
6
9
10
10
4
3
2
3
0
1
1
-1
1
1
0
0
-2
-7
-11
-12
-10
-9
-8
-9
-9
-6
-6
-4
-4
-5
-2
-5
-3
-4
-7
-8
-11
-8
-9
-10
-5
0
0
4
7
3
3
3
4
8
6
7
8
9
10
6
7
6
2
0
0
1
2
5
6
4
2
5
2
0
6
3
1
1
0
-2
-1
-2
-6
-4
-6
-8
-8
-7
-4
-1
-1
-3
-1
-2
-2
0
-3
-9
-8
-6
-10
-8
-7
-11
-11
-13
-8
-6
-1
0
0
4
3
5
5
2
3
5
1
0
3
-2
-2
-1
-3
0
4
2
4
2
-1
1
-2
-1
1
2
2
2
3
1
5
3
3
5
3
3
-1
0
-1
-4
1
5
7
9
10
9
9
10
8
8
3
5
3
2
3
2
3
3
4
5
7
8
5
7
10
11
10
6
5
2
0
-3
-7
-10
-7
-7
-8
-3
-5
-2
-1
-2
-3
-7
-10
-10
-9
-7
-8
-10
-9
-9
-4
-5
-9
-9
-11
-8
-6
-6
-1
-1
-1
-5
-7
-8
-8
-7
-5
-5
-3
-4
-7
-8
-11
-8
-7
-6
-3
2
6
4
10
9
6
9
7
4
2
1
0
3
2
5
7
5
7
7
10
14
11
7
10
6
5
5
3
3
-3
-3
-4
-5
-5
-7
-7
-6
-3
-3
-2
2
2
2
3
0
2
7
8
6
5
7
6
7
7
9
8
5
7
3
6
6
5
10
10
9
9
10
5
5
5
3
1
-1
-4
-5
-3
0
1
-3
-1
1
-2
2
0
-4
-3
-5
-7
-10
-10
-16
-19
-15
-18
-15
-12
-12
-11
-11
-11
-11
-13
-12
-9
-8
-11
-11
-14
-16
-15
-13
-6
-6
-6
-7
-8
-7
-4
-4
-1
3
4
7
7
7
12
12
10
12
11
10
8
8
10
10
12
11
8
12
14
12
15
19
20
18
13
12
9
3
5
3
3
3
3
-1
-3
-2
-4
-7
-6
-6
-5
-1
-3
-5
-1
-2
-6
-2
-6
-12
-10
-7
-10
-4
0
-5
1
6
9
10
7
9
6
8
8
2
3
0
-1
-3
-4
0
2
2
-2
2
7
2
4
1
2
5
-2
-2
-3
0
1
-3
-3
-9
-8
-11
-13
-8
-9
-6
-6
-5
-4
2
-2
-7
-4
-8
-11
-10
-9
-8
-10
-12
-11
-10
-6
-7
-8
-3
-5
-6
-2
0
1
4
7
4
1
3
4
2
-1
0
-2
-1
1
0
1
2
1
3
8
15
12
11
12
8
6
6
9
8
8
9
12
13
14
14
11
11
8
6
3
4
8
8
5
3
5
3
1
0
-4
-4
-5
-4
1
-1
-3
-5
-5
-2
-3
-3
-2
-5
-7
-9
-9
-7
-4
-6
-8
-5
-8
-8
-5
-3
-1
-2
-1
0
-1
1
1
0
2
2
4
4
4
4
1
1
-3
-4
-7
-7
-5
-9
-7
-2
-6
-4
-2
-4
-5
-6
-6
-9
-8
-7
-8
-8
-5
-4
-3
1
0
0
1
0
1
1
0
3
0
1
5
3
4
1
3
6
7
8
4
6
7
6
7
4
6
5
8
13
9
6
9
7
4
3
2
4
4
4
9
7
7
9
5
3
2
0
-1
-3
-1
-2
-6
-7
-9
-10
-10
-7
-7
-12
-14
-9
-8
-9
-12
-13
-13
-11
-13
-12
-11
-8
-8
-6
-4
-4
-1
-4
-4
-2
0
2
4
8
8
11
12
11
11
9
13
13
12
14
10
10
10
7
7
9
8
10
13
12
11
14
12
9
9
6
5
5
4
6
3
-1
3
1
-3
-1
-1
0
-5
-4
-2
-9
-7
-7
-10
-14
-15
-17
-18
-18
-23
-22
-16
-13
-16
-13
-12
-14
-17
-16
-13
-17
-13
-13
-15
-13
-12
-7
-7
-8
-7
-6
-6
-1
4
4
6
8
9
8
9
12
12
10
11
13
12
15
13
10
13
13
13
16
18
16
18
18
17
18
18
17
11
8
12
11
10
11
7
10
13
11
11
10
12
11
8
8
2
0
-5
-7
-7
-8
-9
-9
-9
-11
-9
-10
-9
-11
-12
-13
-12
-15
-16
-15
-20
-17
-16
-18
-18
-15
-12
-14
-15
-14
-10
-10
-13
-13
-10
-12
-16
-14
-6
-4
-5
-3
2
2
3
2
2
1
-1
2
0
0
3
4
7
8
6
13
15
12
14
18
19
16
16
18
15
16
17
10
10
10
10
12
14
13
9
10
4
3
4
-1
-1
1
-2
-4
-5
-5
-1
0
-2
-3
-2
-2
4
1
-4
-6
-8
-8
-8
-6
-4
-6
-8
-4
-3
-7
-11
-11
-12
-13
-9
-9
-9
-11
-8
-6
-8
-6
-7
-7
-5
-3
-8
-11
-6
-6
-9
-7
-5
-3
-2
-1
-1
2
3
2
4
3
6
8
8
16
14
17
17
14
15
15
15
11
15
17
15
14
14
15
13
13
12
8
5
4
4
2
2
4
1
-1
-4
-5
-3
-4
-4
-6
-8
-6
-8
-9
-4
-7
-10
-13
-16
-11
-11
-11
-13
-15
-13
-16
-13
-14
-13
-10
-12
-8
-6
-8
-5
-3
-2
-2
-2
-1
-3
-7
-6
-9
-5
-6
-5
0
3
6
7
7
2
3
2
-1
-1
2
7
9
10
14
13
13
15
16
16
15
13
12
11
8
7
8
9
9
6
9
12
9
10
7
8
8
6
6
7
7
3
1
0
-3
-3
-3
-3
-3
-6
-6
-8
-9
-10
-9
-10
-10
-10
-10
-16
-17
-14
-17
-17
-12
-11
-9
-5
-4
-7
-6
-5
-5
-5
-10
-9
-8
-7
-6
-4
-1
-1
1
5
6
7
8
6
6
2
-1
1
5
6
8
6
6
7
5
7
4
7
4
5
3
2
7
6
9
7
5
3
4
2
2
3
5
4
5
9
4
1
-2
-1
4
1
-2
-5
-4
-4
-7
-8
-9
-9
-9
-13
-9
-11
-10
-8
-8
-6
-5
-1
0
-3
-1
4
5
1
0
0
4
4
5
4
0
1
-1
0
8
9
8
8
10
13
12
13
8
5
4
0
5
1
-2
2
4
4
4
4
4
8
5
2
1
-1
0
-5
-9
-12
-15
-14
-17
-17
-13
-10
-8
-5
-6
-8
-8
-9
-9
-9
-11
-8
-7
-5
-2
-1
1
2
1
1
0
0
4
3
2
5
6
6
5
-1
1
5
6
4
4
3
1
1
0
1
1
0
-3
-6
-2
-2
-2
1
4
5
6
9
7
5
6
3
1
2
3
4
3
2
2
4
6
6
8
10
10
10
7
4
6
3
3
5
4
5
4
5
5
4
4
1
2
1
-1
0
-4
-5
-2
-4
-5
-9
-11
-10
-9
-10
-4
-6
-6
-4
-10
-6
-9
-7
-6
-5
-6
-5
-5
-5
0
1
-2
1
0
-4
-4
-8
-6
-10
-14
-12
-9
-7
-4
-3
-3
-2
-2
1
2
-1
-3
-4
-3
-1
-6
-5
-3
-2
1
-1
2
7
6
7
8
7
8
4
8
8
5
9
11
10
12
11
10
13
13
13
12
11
10
7
4
8
6
8
9
10
10
7
5
4
6
6
4
-1
-2
-2
-5
-7
-8
-8
-7
-8
-11
-10
-9
-11
-11
-12
-11
-6
-5
-6
-10
-10
-12
-8
-5
-8
-6
-5
-1
0
0
1
3
4
0
-1
-3
-3
-1
-4
-1
2
1
4
6
6
8
7
7
10
9
3
-1
-2
-4
-6
-7
-7
-1
-2
-6
-2
1
6
7
8
5
5
4
2
2
2
2
0
-2
-5
-6
-6
-5
-4
-4
-4
-2
1
2
-3
-3
-3
-4
-5
-5
-3
-2
0
-3
-2
-1
-3
0
1
1
-2
1
0
-4
0
0
2
6
5
6
7
4
4
3
2
3
1
-1
3
6
2
3
7
7
5
9
12
7
5
4
-1
-1
-6
-10
-5
-8
-10
-4
-4
-4
-4
-6
-1
1
3
5
5
5
5
4
2
-1
-1
-4
-2
0
0
0
-3
-2
0
-1
4
1
-1
-2
-2
-2
0
2
2
2
2
2
3
1
0
3
4
5
6
10
9
6
0
-4
1
0
3
1
-2
0
-2
-4
-3
-1
-1
-5
-7
-9
-8
-5
-7
-6
-2
-3
-4
-3
-5
-8
-14
-11
-14
-10
-10
-8
-3
-7
-6
-6
-4
0
-3
-1
0
-3
0
-3
-3
0
0
2
1
2
2
1
-1
-1
0
1
0
1
2
3
6
10
8
8
9
5
6
8
11
9
11
11
11
8
6
9
9
10
9
11
9
4
10
9
7
7
6
3
2
5
5
3
3
1
0
0
-1
2
5
3
3
4
3
-2
-6
-8
-12
-11
-9
-11
-12
-12
-9
-11
-9
-9
-6
-7
-10
-7
-10
-13
-8
-7
-6
-7
-10
-9
-8
-9
-7
-5
-5
-2
-1
1
4
0
3
3
-1
-1
-3
-4
-1
1
-2
2
0
-1
3
-1
0
-4
-4
-1
-2
-2
1
4
4
5
8
8
3
2
5
5
5
4
3
5
9
5
4
7
9
11
12
11
13
12
10
5
3
4
2
3
1
-3
2
5
3
4
6
5
5
0
-1
-5
-6
-3
-7
-13
-11
-11
-9
-8
-9
-8
-10
-9
-9
-11
-9
-12
-11
-8
-9
-7
-7
-4
-5
-5
-3
-1
2
-1
-5
-2
-1
0
4
8
12
12
12
12
8
6
8
7
6
9
6
11
13
14
13
11
9
5
7
7
4
3
2
7
8
12
10
5
6
3
2
0
-3
-5
-8
-8
-9
-10
-5
-5
-5
-4
-6
-6
-7
-9
-9
-14
-18
-16
-17
-17
-18
-17
-15
-12
-11
-9
-4
-1
2
0
-1
1
0
1
0
0
-3
-6
-6
-6
-3
-3
-3
-2
3
4
4
8
8
8
10
6
2
7
4
0
-3
-4
0
0
0
3
4
9
12
11
10
11
12
10
9
9
11
11
10
13
15
14
12
9
6
9
6
5
5
2
3
3
1
5
5
4
4
1
-1
-4
-8
2
40
72
44
-9
-7
-6
-35
-57
-50
-63
-96
-101
-80
-19
39
53
28
29
50
20
-48
-65
-48
-53
-51
-12
25
29
21
20
13
-9
-42
-78
-77
-45
-6
33
56
79
95
82
53
31
6
-48
-79
-65
-35
-10
12
26
30
45
57
42
25
26
22
4
16
56
66
52
43
40
21
2
-10
-22
-36
-33
-23
-6
16
21
17
1
-5
-8
-21
-36
-47
-30
-14
-2
13
22
22
4
11
18
9
-24
-52
-49
-50
-41
-40
-38
-47
-57
-60
-62
-37
-14
-19
-28
-6
20
5
-14
-14
-14
-12
-5
11
12
17
15
12
11
12
3
-22
-16
3
15
20
23
32
27
20
17
22
22
14
12
22
36
36
36
37
33
32
31
32
23
60
107
114
144
155
117
87
55
-2
-52
-70
-68
-103
-105
-63
-31
-9
25
57
33
9
3
-4
-15
-16
-28
-45
-74
-125
-229
-310
-315
-336
-338
-287
-262
-277
-306
-358
-388
-384
-417
-417
-337
-243
-212
-225
-165
-76
-101
-148
-91
-2
-5
-22
26
103
162
207
190
46
-124
-322
-495
-584
-389
198
1069
1913
2430
3091
3735
3763
2947
1856
1036
93
-1333
-2567
-2878
-2356
-1671
-1069
-34
1296
1960
1359
205
-783
-1796
-3029
-3822
-3626
-2726
-1658
-590
386
984
927
163
-961
-2086
-3032
-3626
-3638
-2976
-1745
-210
1267
2388
2981
2954
2300
1216
44
-1030
-1945
-2524
-2513
-1931
-1104
-272
529
1192
1513
1501
1388
1315
1315
1462
1829
2412
3083
3631
3878
3933
3902
3574
2860
2076
1462
918
543
525
752
941
977
861
506
-14
-549
-1046
-1468
-1604
-1350
-906
-395
174
749
1122
1082
697
173
-358
-908
-1384
-1651
-1747
-1785
-1793
-1739
-1790
-2043
-2483
-2935
-3192
-3306
-3358
-3212
-2667
-1984
-1432
-973
-591
-406
-582
-894
-1129
-1252
-1311
-1261
-988
-616
-212
106
350
532
473
171
-46
14
7
503
2312
4023
3690
2232
2239
3370
3535
2509
1455
880
147
-761
-822
955
3117
3223
2029
2234
3774
3871
2078
457
-243
-787
-1439
-1632
-1416
-1343
-1547
-1748
-1611
-1557
-1983
-2772
-3320
-3154
-2388
-1515
-1014
-511
320
1084
1380
1446
1454
910
-124
-846
-842
-691
-1119
-1969
-2500
-2349
-2063
-2058
-2001
-1714
-1632
-1799
-1387
-123
1101
1636
1965
2751
3789
4585
4965
5013
4718
4135
3481
2950
2629
2336
1795
963
365
380
651
505
-18
-296
-155
-51
-115
64
538
744
461
308
604
718
10
-979
-1426
-1411
-1507
-1625
-1447
-1286
-1596
-2139
-2418
-2663
-3366
-4370
-4837
-4403
-3608
-3023
-2446
-1603
-890
-677
-677
-644
-884
-1460
-1905
-1850
-1375
-816
-525
-459
-289
-76
-200
-516
-736
-1082
-1576
-1512
-689
188
656
1032
1514
1674
1372
1663
3674
6083
6628
5666
5714
6862
7030
5809
4571
3495
1404
-1497
-3214
-2326
-268
675
672
1684
3428
3702
1985
-136
-1961
-3780
-5223
-5540
-4772
-3601
-2337
-1006
477
1521
1364
-107
-2026
-3492
-4173
-4174
-3801
-2952
-1446
411
1930
2948
3362
2637
730
-1285
-2546
-3390
-4262
-4816
-4470
-3306
-1868
-523
785
1796
1915
1297
1004
1417
1793
1774
1889
2493
3374
4309
5089
5512
5422
4831
4038
3382
2660
1728
1023
615
24
-405
-128
27
-655
-1214
-1001
-933
-1334
-1510
-1295
-976
-571
-193
178
749
930
187
-575
-653
-989
-1909
-2341
-2151
-2168
-2286
-2035
-1782
-2001
-2620
-3344
-3775
-3770
-3687
-3506
-2801
-1766
-924
-196
495
712
342
-204
-704
-1132
-1332
-1317
-1216
-940
-432
46
183
-22
-337
-657
-1014
-1208
-940
-359
163
795
1814
2765
3002
2877
3427
4799
5707
5247
4425
4625
5331
5299
4804
4513
3636
1371
-1116
-2082
-1543
-901
-887
-891
-222
599
651
-108
-1207
-2477
-3648
-4162
-3858
-3052
-1922
-548
728
1549
1808
1417
192
-1570
-2965
-3431
-3316
-2972
-2170
-831
460
1176
1441
1475
991
-427
-2352
-3730
-4182
-4245
-4246
-3798
-2651
-1175
194
1420
2531
3283
3445
3316
3465
3927
4106
3766
3427
3500
3638
3360
2826
2389
1927
1127
293
92
588
1058
1022
739
655
641
307
-257
-613
-838
-1343
-1844
-1709
-1023
-369
98
505
794
790
427
-224
-1015
-1911
-2804
-3284
-3147
-2890
-2969
-3116
-2985
-2788
-2823
-2998
-3162
-3238
-3100
-2607
-1777
-870
-208
130
323
434
278
-214
-787
-1216
-1460
-1415
-1022
-449
35
280
307
257
266
179
-204
-632
-682
-254
479
1339
2133
2581
2507
2208
2531
3822
5068
5107
4366
4191
4822
5454
5615
5317
4313
2336
-6
-1392
-1222
-452
-350
-851
-944
-398
-36
-530
-1751
-3125
-4081
-4305
-3843
-2908
-1709
-578
175
642
1029
981
-66
-1826
-3213
-3494
-2921
-2125
-1228
-32
1225
2029
2370
2452
1907
353
-1579
-2885
-3473
-3876
-4171
-4016
-3389
-2587
-1659
-461
820
1643
1896
2240
3224
4439
5082
5068
4925
4863
4610
4073
3447
2775
1934
1013
407
466
1008
1254
716
-117
-626
-1016
-1639
-2165
-2320
-2382
-2460
-2188
-1327
-54
1112
1634
1648
1696
1678
1075
47
-906
-1853
-2873
-3468
-3387
-3132
-3225
-3657
-4068
-4143
-4049
-4167
-4391
-4225
-3618
-2872
-1926
-698
300
588
448
390
412
196
-241
-512
-448
-235
30
459
911
949
452
-98
-185
46
121
-33
-6
522
1479
2573
3383
3590
3216
2528
1869
1747
2426
3409
4011
4193
4558
5486
6546
6932
6283
4874
2887
444
-1717
-2722
-2718
-2497
-2218
-1543
-547
136
-51
-1033
-2269
-3400
-4389
-4926
-4586
-3574
-2479
-1439
-318
611
858
228
-981
-2208
-2981
-3201
-2925
-2073
-736
647
1707
2489
3002
2882
1903
371
-1158
-2416
-3425
-4070
-4051
-3350
-2389
-1381
-85
1415
2556
3187
3672
4131
4361
4329
4216
4164
4143
3923
3453
3046
2730
2250
1731
1370
952
531
381
-30
-1050
-1980
-2409
-2835
-3272
-3331
-3238
-3121
-2628
-1772
-798
282
1059
1079
782
623
241
-497
-1230
-1921
-2585
-2798
-2580
-2530
-2829
-3313
-3927
-4401
-4421
-4248
-4181
-3965
-3273
-2206
-914
437
1582
2280
2426
2191
2031
2067
1763
909
185
135
397
526
502
422
239
47
-4
108
266
375
501
829
1400
1986
2349
2366
2195
1898
1353
669
742
2140
4007
4984
5118
5481
6329
6853
6388
5057
3058
282
-2882
-4864
-4578
-3039
-2017
-1590
-808
412
1143
720
-745
-2708
-4635
-5973
-6148
-5129
-3586
-2178
-844
460
1313
1278
399
-960
-2327
-3200
-3276
-2460
-864
1042
2662
3753
4359
4361
3537
1915
-240
-2457
-4227
-5243
-5470
-4971
-3952
-2670
-1130
671
2332
3360
3747
3881
3979
3959
3844
3805
3804
3601
3260
3118
3225
3188
2645
1771
1167
875
341
-355
-767
-1373
-2604
-3502
-3627
-3892
-4430
-4429
-3927
-3234
-2011
-417
915
1985
2810
2997
2736
2261
1201
-266
-1403
-2275
-3161
-3641
-3750
-4140
-4599
-4529
-4334
-4580
-4879
-4743
-4157
-3145
-1813
-334
1315
2896
3844
4293
4699
4619
3508
1962
741
-168
-928
-1454
-1684
-1584
-1250
-985
-770
-473
-360
-536
-468
91
715
1076
1389
1993
2796
3244
3070
2586
1869
915
709
2008
3733
4503
4560
4909
5648
6183
5816
4332
2083
-657
-3399
-4798
-4040
-2298
-1087
-335
686
1929
2776
2500
795
-1788
-4227
-5805
-6053
-4952
-3312
-2041
-1077
2
1012
1491
1130
-74
-1637
-2623
-2573
-1573
-7
1467
2366
2961
3539
3658
2812
999
-1468
-4021
-5853
-6652
-6634
-6056
-4998
-3587
-1784
370
2419
3795
4268
4021
3513
3239
3151
2935
2534
2114
1841
2005
2563
2990
2917
2533
1860
894
-44
-938
-2089
-3447
-4475
-4842
-4457
-3617
-2769
-1870
-624
681
1806
3008
4034
4095
3207
2153
1281
452
-455
-1381
-2157
-2701
-3222
-3667
-3838
-3994
-4546
-5204
-5454
-5157
-4387
-3280
-2012
-635
933
2466
3682
4402
4489
3843
2633
1293
206
-616
-1420
-2140
-2363
-1973
-1393
-923
-495
-97
6
-207
-328
-48
375
598
820
1408
2170
2598
2659
2578
2350
1764
754
-394
-1007
-276
1777
4091
5627
6313
6925
7900
8692
8396
6678
3818
371
-2631
-3971
-3451
-2151
-1253
-922
-437
617
1512
984
-1327
-4508
-7093
-8059
-7432
-5975
-4243
-2334
-395
1379
2904
3798
3402
1642
-584
-2043
-2151
-1525
-1152
-1119
-932
-566
-335
-383
-928
-2299
-4324
-6181
-7049
-6772
-5895
-4935
-3770
-2122
-114
1982
3881
5108
5385
5057
4708
4493
4187
3572
2702
1940
1680
1959
2461
2836
2797
2337
1841
1648
1381
444
-962
-2272
-3051
-3060
-2362
-1438
-678
95
1133
2384
3617
4346
4122
3068
1740
541
-370
-1142
-2158
-3322
-3934
-3731
-3343
-3351
-3760
-4355
-4879
-4963
-4560
-3946
-3252
-2391
-1304
39
1503
2553
2752
2285
1604
873
174
-500
-1235
-1921
-2243
-2113
-1676
-1130
-785
-775
-843
-689
-327
161
749
1271
1578
1905
2451
2947
2948
2491
1970
1429
613
-197
-354
8
-16
-662
-747
1014
4158
6949
8372
8866
9248
9631
9678
9046
7300
4067
-186
-3879
-5395
-4727
-3528
-3359
-4010
-4154
-3246
-2267
-2546
-4247
-6266
-7307
-6862
-5115
-2625
-194
1532
2654
3790
5046
5552
4493
2191
-261
-2155
-3513
-4427
-4847
-4963
-5099
-5116
-4638
-3819
-3389
-3756
-4478
-4808
-4458
-3609
-2397
-889
715
2299
4063
6012
7499
7745
6783
5399
4145
2933
1607
412
-326
-663
-751
-393
534
1565
2094
1925
1299
715
427
232
-88
-220
188
838
1418
2114
2881
3182
2691
1733
833
74
-868
-2121
-3313
-4102
-4467
-4367
-3815
-3198
-2832
-2557
-2209
-1870
-1614
-1528
-1748
-2077
-2093
-1637
-833
44
521
409
177
221
285
42
-458
-1105
-1755
-1983
-1542
-800
-323
-281
-363
-160
352
954
1609
2205
2346
2156
2331
2802
2795
2239
1635
1029
325
-196
-500
-897
-1239
-1181
-736
-144
445
949
1333
1869
3118
5372
7879
9407
9574
8947
8075
7164
6164
4487
1492
-2277
-5577
-7693
-8497
-8117
-7146
-6409
-5817
-4635
-2814
-1186
-450
-542
-846
-702
97
1161
1954
2397
2806
3210
3365
3174
2564
1121
-1329
-4016
-6005
-7167
-7814
-7920
-7473
-6801
-5971
-4595
-2735
-1182
-380
81
712
1573
2557
3482
4045
4206
4233
4172
3921
3540
3004
1970
461
-836
-1489
-1813
-2214
-2576
-2561
-2104
-1354
-261
1222
2625
3533
4275
4972
5110
4769
4356
3433
1903
980
938
340
-1018
-1795
-1893
-2256
-2736
-2778
-2823
-3300
-3700
-3409
-2598
-1835
-1196
-320
695
1405
1948
2475
2348
1369
372
-272
-1001
-1770
-2218
-2493
-2664
-2452
-2002
-1677
-1365
-1101
-1320
-1851
-1812
-1027
-265
158
786
1809
2592
2858
3076
3253
2803
1836
1163
838
223
-586
-1007
-1155
-1517
-1947
-2113
-2094
-1963
-1620
-1037
-246
877
2118
2963
3459
3917
4033
3451
3128
4253
5927
6380
5577
5033
5214
5128
4327
2862
294
-3660
-7811
-10173
-10012
-8129
-5849
-3881
-1894
774
3829
5759
5584
3834
1527
-614
-1879
-1721
-615
380
985
1605
2310
2608
1939
-100
-3430
-7055
-9570
-10441
-10165
-9238
-7708
-5613
-3117
-234
2740
4901
5505
4806
3633
2614
1993
1587
985
159
-359
-210
229
404
80
-861
-2351
-3761
-4346
-4237
-4027
-3613
-2339
-168
2241
4437
6207
7203
7377
7169
6708
5745
4449
3278
2283
1267
407
-137
-767
-1805
-2996
-3875
-4281
-4351
-4221
-3877
-3081
-1610
306
2112
3591
4867
5750
5849
5359
4744
3743
1923
-149
-1577
-2464
-3462
-4496
-5073
-5282
-5452
-5443
-5000
-4269
-3491
-2608
-1424
61
1619
2874
3620
4017
4126
3688
2707
1719
953
8
-1250
-2302
-2848
-3314
-4011
-4600
-4799
-4768
-4501
-3699
-2372
-877
588
1889
2772
3224
3515
3578
3090
2247
1697
1613
1637
1667
2156
3615
5503
6550
6115
4755
3598
2909
2207
1232
0
-1576
-3508
-4838
-4344
-2219
-47
1037
1555
2535
4132
5506
5653
4339
2146
-36
-1515
-1971
-1677
-1466
-1744
-2063
-1811
-1237
-1293
-2504
-4518
-6567
-8071
-8720
-8418
-7350
-5869
-4089
-1840
829
3417
5260
5809
4954
3184
1127
-876
-2688
-4228
-5459
-6189
-6031
-4821
-3064
-1601
-925
-894
-1001
-900
-749
-744
-706
-287
788
2661
5122
7373
8695
9168
9218
8762
7525
5756
3695
1288
-960
-2160
-2315
-2395
-2841
-3090
-2796
-2226
-1455
-351
840
1778
2729
4111
5659
6805
7265
6878
5612
3921
2275
456
-1843
-4127
-5820
-6975
-7630
-7539
-6886
-6250
-5602
-4499
-3051
-1699
-506
566
1341
1862
2454
2990
2983
2358
1395
183
-1260
-2635
-3701
-4576
-5334
-5694
-5481
-4886
-4167
-3399
-2652
-2046
-1538
-869
108
1094
1817
2457
3289
4178
4688
4705
4243
3062
1454
311
-47
-278
-725
-244
2061
5142
7392
8328
8550
8470
7996
7064
5447
2878
-382
-3346
-4765
-4025
-1695
696
1980
2495
3278
4257
4197
2395
-581
-3572
-5571
-6083
-5295
-3870
-2330
-935
25
470
526
-103
-2065
-5051
-7548
-8512
-8320
-7634
-6473
-4896
-3332
-1857
-203
1231
1598
724
-791
-2332
-3512
-4023
-3937
-3728
-3559
-3121
-2192
-960
181
771
513
-174
-420
0
513
863
1426
2279
3188
4359
6008
7482
7980
7714
7263
6601
5566
4429
3265
1867
585
31
75
181
375
787
1141
1445
2081
2811
2971
2696
2632
2658
2350
2051
2103
1945
1135
227
-338
-1016
-2166
-3475
-4683
-5705
-6176
-5879
-5187
-4385
-3339
-2147
-1241
-585
36
266
-161
-744
-1053
-1444
-2125
-2602
-2736
-3097
-3745
-4005
-3732
-3540
-3617
-3515
-3120
-2777
-2460
-1870
-1160
-693
-291
374
1106
1621
1959
2124
1939
1677
1894
2348
2216
1515
1049
1191
1657
2248
3044
4245
6162
8540
10264
10454
9758
9175
8236
6111
3266
562
-2212
-5226
-7031
-6328
-3907
-1539
134
1576
3001
4106
4213
2813
363
-1879
-3142
-3616
-3322
-2102
-568
333
593
683
52
-2130
-5377
-8404
-10574
-11802
-11828
-10566
-8419
-5789
-2897
-163
1977
3351
3762
2894
1012
-967
-2429
-3385
-3873
-3770
-3192
-2345
-1199
104
951
835
-92
-1344
-2512
-3168
-3058
-2245
-938
916
3469
6460
9247
11157
11987
11959
11407
10402
8845
6977
4997
2974
1097
-242
-863
-1249
-1790
-2314
-2470
-2181
-1556
-698
127
772
1390
2208
3145
3971
4489
4349
3514
2501
1702
797
-584
-2180
-3649
-4990
-6105
-6697
-6840
-6941
-7008
-6671
-5819
-4650
-3348
-2143
-1326
-935
-722
-583
-643
-972
-1577
-2369
-2982
-2964
-2449
-2050
-1951
-1870
-1730
-1761
-1929
-2117
-2449
-2873
-2961
-2350
-1284
-132
889
1778
2731
3697
4382
4532
4476
4335
3964
3610
3555
3767
3943
5018
7544
9827
10102
8698
7688
7197
6082
4243
1873
-1039
-4498
-6649
-6036
-3488
-787
804
1884
3279
5357
6926
6255
3553
173
-2486
-4307
-5016
-4552
-3963
-3825
-3809
-3023
-2187
-2507
-4219
-6818
-9261
-10824
-10924
-10050
-8740
-6966
-4754
-2324
100
2641
4378
4153
2166
-56
-1554
-2792
-3952
-4874
-5483
-5793
-5277
-3610
-1700
-657
-702
-1071
-1202
-869
-154
694
1690
3015
4947
7424
10298
12937
14384
14372
13543
12484
10699
7893
4574
1399
-1369
-3418
-4203
-4104
-3754
-3244
-2200
-623
1104
2895
4267
4836
4912
5215
5670
5548
4967
4251
3296
1917
582
-465
-2003
-4286
-6609
-8239
-9291
-10107
-10442
-10148
-9278
-8039
-6536
-4749
-2849
-1216
-339
-1
394
738
412
-551
-1353
-1935
-2785
-3722
-4074
-3937
-4091
-4415
-4307
-3743
-3365
-3279
-3014
-2600
-2115
-1390
-48
1644
3172
4453
5469
6349
6907
7115
6787
5793
4544
3295
2482
2203
2456
2906
3596
5530
8437
10677
10694
9423
8637
7878
6096
3253
420
-2289
-5004
-6329
-5127
-1915
1106
2721
3441
4071
4728
4096
1386
-2600
-6029
-7903
-8505
-7800
-5947
-3824
-2452
-1777
-1360
-1778
-3654
-6689
-9779
-12118
-13192
-12658
-10748
-7908
-4625
-1341
1451
3507
4740
4634
2854
148
-2230
-3880
-5097
-5778
-5536
-4573
-3378
-1963
-288
1069
1414
954
549
749
1510
2517
3686
5177
7120
9329
11514
13316
14181
13796
12552
11193
9586
7226
4377
1698
-535
-2249
-2926
-2604
-2266
-2250
-1801
-479
1157
2612
3788
4328
4062
3633
3549
3330
2589
1594
559
-533
-1412
-1902
-2698
-4308
-6194
-7739
-9043
-10163
-10644
-10445
-9855
-8699
-6749
-4473
-2491
-895
199
438
-69
-764
-1564
-2655
-3751
-4392
-4557
-4422
-3841
-2911
-2084
-1543
-1108
-751
-854
-1329
-1609
-1554
-1358
-865
341
2035
3417
4235
5004
5825
6151
5728
4870
3910
2858
2045
2128
2956
4045
5035
6233
8377
11041
12863
12333
9976
7826
6201
4330
1902
-413
-2700
-5464
-7144
-6034
-2751
96
1233
1589
2063
2717
2779
1662
-773
-3732
-5950
-6870
-6298
-4724
-3150
-2570
-2877
-3131
-3499
-4729
-7009
-9532
-11528
-12573
-12110
-10126
-7120
-4026
-1461
572
2271
3632
3973
2811
599
-1606
-3120
-3872
-3869
-3372
-2811
-2399
-1632
-123
1402
1964
1432
679
434
853
1827
3163
4731
6419
8289
10406
12608
14326
14689
13451
11421
9597
7864
5529
2697
40
-2057
-3466
-3718
-2836
-1956
-1813
-1762
-869
653
2038
2927
3206
2994
2757
2976
3406
3350
2526
1090
-532
-1868
-2870
-4163
-6265
-8687
-10553
-11650
-12124
-11921
-11123
-10165
-9146
-7527
-5146
-2620
-680
366
668
603
609
576
93
-859
-1874
-2512
-2711
-2409
-1891
-1739
-2137
-2650
-2675
-2367
-2066
-1912
-1688
-902
543
2467
4219
5543
6372
6755
7219
7695
7792
6822
5354
4369
3863
3951
4341
4925
5026
5361
7310
9661
10355
8542
6502
5311
4013
2459
651
-1168
-3775
-5966
-5920
-3722
-567
1420
2043
1758
1858
2491
1841
-560
-3915
-6425
-7980
-8449
-7273
-5418
-4199
-4365
-4623
-4689
-5202
-6430
-8292
-10218
-11905
-12041
-10354
-7499
-4409
-1756
408
1909
3431
4591
4313
2250
-391
-2174
-3318
-3906
-3812
-3089
-2487
-2014
-794
910
2165
2307
1979
1802
2071
2923
4148
5634
7177
8973
10958
13015
14729
15384
14831
13479
11858
9466
6201
2749
-367
-2963
-4741
-4964
-4379
-4031
-3599
-2168
102
1970
3231
3798
3463
2632
2157
2259
1990
1311
624
-107
-1000
-1850
-2698
-4554
-7357
-9975
-11825
-13067
-13697
-13383
-12550
-11310
-9222
-6536
-4031
-1975
-129
936
895
702
837
602
-475
-1492
-1937
-2320
-2550
-2230
-1609
-1526
-1856
-1873
-1637
-1462
-1506
-1606
-1638
-1162
229
2041
3743
5089
6408
7687
8676
9330
9223
8280
6539
4662
3383
2864
3017
3274
3495
3940
5592
8493
10862
11068
9272
7461
6028
4242
1977
-360
-2585
-5122
-6718
-5912
-2966
150
1646
1872
1705
1751
1416
-201
-2985
-6104
-8322
-9275
-8806
-7109
-5216
-4234
-4388
-4719
-4935
-5618
-7152
-9103
-10762
-11620
-11021
-8783
-5587
-2585
-320
1397
2830
3976
4299
3302
1187
-1033
-2539
-3285
-3409
-3049
-2437
-1921
-1262
4
1514
2420
2455
2312
2602
3353
4483
5929
7527
9058
10621
12349
13950
14889
14805
13706
11796
9351
6641
3839
984
-1728
-3724
-4640
-4755
-4518
-3929
-2787
-1302
147
1413
2301
2540
2292
2011
1902
1763
1426
970
401
-358
-1351
-2659
-4474
-6795
-9357
-11755
-13626
-14799
-15153
-14627
-13106
-10788
-8144
-5346
-2433
215
1863
2310
2042
1551
1006
217
-779
-1730
-2251
-2132
-1710
-1122
-562
-369
-626
-1038
-1136
-1340
-1896
-2206
-1527
-30
1600
3681
5884
7766
8976
9728
10460
10065
8917
7402
5651
4112
3004
3127
3535
3848
4282
5459
7528
9332
10112
8711
6768
5526
4580
3101
508
-1595
-3883
-6127
-6767
-4965
-1742
35
481
325
463
574
-241
-2261
-5639
-8421
-10023
-10176
-9134
-7502
-5746
-5152
-4928
-4564
-4268
-4893
-6635
-8592
-10401
-11015
-10071
-7680
-4986
-2688
-537
1409
3493
5036
5426
4162
1919
64
-1251
-1920
-2241
-2208
-1958
-1247
330
2231
3688
4057
3799
3446
3552
4197
4898
5841
7112
8747
10748
12998
14972
15763
15165
13970
11865
8312
4432
821
-2548
-5686
-7279
-6784
-6138
-5511
-3895
-1367
738
2031
3140
3253
2185
1091
633
-70
-1144
-1462
-1396
-1689
-2131
-2452
-3717
-6345
-8898
-10937
-13046
-14922
-15513
-14866
-13503
-11027
-7581
-4329
-1748
670
2574
3134
2764
2432
1895
666
-489
-909
-1097
-1453
-1380
-713
-209
-233
-387
-481
-722
-964
-1090
-1069
-691
345
1915
3559
5242
6766
8199
9437
10342
10677
9908
8801
7286
5593
4402
3522
3208
2801
2724
3183
4112
6198
8110
8548
7024
5330
4735
3858
2292
230
-1726
-4069
-6298
-6559
-4940
-2596
-1168
-745
-808
-786
-319
-708
-2712
-5851
-8477
-9838
-10125
-9185
-7702
-6619
-6372
-6141
-5528
-5413
-6080
-7100
-8049
-8841
-8778
-7144
-4442
-1884
-11
1560
3010
4291
4942
4543
3125
1263
-324
-1552
-2295
-2421
-2015
-1481
-882
196
1580
2683
3123
3385
3877
4449
5069
6018
7596
9392
10948
12431
13986
14971
14700
13353
11598
9253
5946
2486
-702
-3531
-5765
-6657
-6134
-5486
-4671
-3306
-1695
-439
527
1592
1927
1465
950
823
678
278
23
-641
-1874
-3238
-4479
-6086
-8404
-10671
-12753
-14574
-15514
-15068
-13639
-11822
-9322
-6190
-2925
106
2758
4441
4664
4108
3424
2552
1252
-110
-1198
-2131
-2607
-2262
-1427
-946
-996
-1100
-976
-753
-646
-510
-195
523
1729
3299
5153
7098
8879
10120
10829
11263
11282
10317
8284
5859
3800
2420
1551
1243
1300
2093
4141
6665
8434
8682
8237
7474
5877
3654
1224
-1235
-4135
-6696
-7610
-6525
-4036
-1498
208
628
435
149
-840
-2946
-5890
-8609
-10717
-11805
-11230
-9384
-7250
-5675
-4462
-3514
-3079
-3271
-4319
-6026
-7698
-8323
-7757
-6435
-4369
-1768
599
2128
3321
4457
4762
3592
1506
-418
-1908
-2885
-3166
-2738
-1989
-1170
122
1955
3728
4605
4643
4486
4421
4601
5010
5776
6814
8120
9851
11698
13527
14742
14568
12780
10408
8610
6021
1930
-2213
-5003
-6712
-8134
-7942
-6109
-4593
-3871
-2639
-205
1998
3170
3431
2650
1286
372
198
-403
-1588
-2479
-3248
-4296
-5155
-5550
-6855
-9665
-12284
-13665
-14372
-14658
-13780
-11728
-9261
-6209
-2314
1592
4485
6073
6326
5382
4092
2960
1362
-815
-2448
-2945
-2920
-2537
-1344
22
363
-80
-168
187
181
-348
-721
-374
855
2735
4899
7157
9142
10434
10941
11184
11222
10068
7532
4704
2734
1645
888
561
1062
2916
5806
8375
9466
9196
8621
7699
5951
3578
781
-2706
-6788
-9595
-9488
-7000
-3959
-1769
-503
250
872
961
-477
-3544
-7165
-9922
-11090
-10464
-8459
-6227
-4552
-3333
-2290
-1885
-2593
-4359
-6894
-9585
-11427
-11519
-9915
-7306
-4354
-1396
1520
4232
6277
7063
6415
4494
1712
-1002
-2688
-3284
-3521
-3609
-3026
-1522
597
2747
4247
4566
3926
3156
2770
2893
3526
4485
5618
7229
9719
12691
15234
16475
15954
13950
11357
8712
5411
1460
-2187
-5161
-7347
-8125
-7107
-5585
-4753
-3801
-2141
-544
628
1840
2618
2145
1350
1499
1951
1592
696
-470
-2263
-4173
-5437
-6661
-8762
-11063
-12591
-13676
-14412
-14019
-12593
-10992
-9114
-6263
-2730
630
3560
5734
6520
6159
5460
4461
2701
519
-1311
-2634
-3475
-3419
-2472
-1476
-986
-757
-456
-228
-294
-507
-586
-286
628
2271
4599
7089
9026
10330
11303
11874
11532
10079
7930
5547
3461
2152
1544
1725
3323
6039
8097
8406
8023
7963
7340
5434
3046
377
-3334
-7427
-9681
-9201
-7269
-5069
-3017
-1338
248
1982
2919
1673
-1484
-4954
-7779
-9539
-9626
-8298
-6926
-6079
-5001
-3476
-2506
-2886
-4615
-7480
-10716
-12800
-12798
-11319
-9379
-7049
-3991
-280
3577
6843
8687
8560
6801
4384
2109
315
-1096
-2345
-3322
-3534
-2567
-762
958
2065
2490
2309
1859
1696
2166
2971
3845
5092
7049
9747
12747
15310
16837
16967
15687
13320
10518
7844
4604
207
-4052
-6678
-7760
-8273
-8130
-7003
-5887
-5213
-3963
-1655
625
1911
2467
2600
2495
2768
3426
3333
1893
-50
-1728
-3317
-4968
-6573
-8600
-11255
-13418
-14017
-13416
-12556
-11603
-10306
-8453
-5829
-2532
740
3182
4724
5594
5810
5557
5023
3914
1936
-297
-1679
-1967
-1928
-2026
-1993
-1799
-1808
-1922
-1657
-1147
-1118
-1515
-1281
207
2329
4388
6310
8015
9478
10711
11461
11347
10207
8302
5910
3518
1983
1251
389
-69
1565
4834
7241
7611
7259
7176
6489
4719
2242
-913
-4730
-8285
-9974
-9070
-6206
-2939
-690
634
2027
3323
3000
466
-3166
-6639
-9337
-10618
-9991
-8153
-6229
-4554
-3091
-2117
-2070
-3160
-5327
-8078
-10487
-11733
-11594
-9996
-6989
-3389
26
3270
6429
8715
9144
7853
5596
2901
238
-1774
-2891
-3458
-3657
-3304
-2273
-775
685
1621
1807
1484
1206
1452
2341
3685
5222
6916
9089
11775
14395
16201
16770
15947
13754
10573
7107
3789
272
-3521
-6858
-8981
-9666
-9292
-8001
-6182
-4740
-3681
-2178
-4
1984
3125
3647
3806
3726
3804
4046
3560
1858
-462
-2679
-4640
-6484
-8303
-10313
-12300
-13477
-13485
-12689
-11432
-9750
-7834
-5706
-3001
303
3392
5369
6207
6286
5857
5041
3816
2139
136
-1630
-2608
-2794
-2467
-2033
-1720
-1499
-1354
-1181
-962
-814
-766
-729
-226
1157
3083
5033
6681
7991
9037
9622
9578
8781
7141
4864
2745
1431
817
509
575
2230
5219
7729
8644
8085
7505
6681
4887
2409
-701
-4105
-7549
-9713
-9431
-7167
-4220
-1916
-456
632
1910
2403
890
-2256
-5710
-8157
-9515
-9323
-7542
-5419
-3786
-2589
-1419
-913
-1727
-3603
-6068
-8732
-10818
-11350
-10241
-7879
-4828
-1544
1661
4698
7372
8637
7896
5797
3428
1132
-972
-2350
-2948
-3180
-3127
-2159
-316
1323
2106
2146
1851
1480
1422
2025
3092
4335
5908
8141
10996
13961
16181
16882
15896
13724
10825
7214
3141
-721
-4118
-7151
-9182
-9310
-7789
-5967
-4505
-3018
-1629
-699
-52
717
1365
1385
1204
1482
2334
3362
3949
3475
1776
-524
-2910
-5434
-8136
-10691
-12851
-14449
-14852
-13655
-11550
-9554
-7715
-5474
-2787
-51
2407
4220
4985
4868
4489
4090
3437
2358
920
-661
-1826
-2081
-1732
-1533
-1646
-1704
-1701
-1810
-1848
-1586
-1238
-1017
-497
895
3062
5216
6802
7963
9045
9882
9931
9034
7484
5545
3456
1831
1257
1407
1467
1483
2517
4993
7623
8763
8252
7139
5946
4341
2252
62
-2266
-5053
-7737
-8849
-7576
-4833
-2386
-1109
-472
258
801
260
-1638
-4328
-7129
-9328
-9962
-8701
-6568
-4873
-3824
-3062
-2712
-3049
-3922
-5288
-7354
-9620
-10810
-10084
-7740
-4676
-1716
816
3164
5397
6926
7206
6379
4778
2522
95
-1538
-2036
-2104
-2347
-2444
-1842
-671
572
1584
2251
2596
2929
3681
4996
6690
8498
10213
11703
13099
14462
15249
14728
12846
10139
6854
3173
-92
-2471
-4693
-7043
-8315
-7774
-6437
-5155
-3483
-1676
-921
-958
-386
815
1511
1634
1808
2010
2257
2857
3111
1816
-651
-3115
-5608
-8396
-10737
-12277
-13782
-15050
-14694
-12590
-10048
-7715
-5241
-2642
-155
2233
4187
5119
5086
4635
3845
2809
1988
1329
245
-1095
-1697
-1466
-1283
-1559
-1940
-2242
-2669
-2981
-2791
-2053
-1035
97
1606
3673
6045
8034
9390
10272
10463
9674
8093
6412
4672
2783
1326
548
107
-110
933
3502
5991
6962
6601
6204
5978
5394
4106
2047
-554
-3562
-6160
-7327
-6462
-4260
-2441
-1688
-1342
-292
1031
1161
-492
-3296
-5970
-7941
-8766
-8259
-6969
-5735
-4931
-3930
-2723
-1925
-2061
-3193
-5077
-7199
-8285
-7773
-6202
-4514
-2901
-991
1186
3471
5196
5799
5100
3557
1818
164
-1088
-2021
-2726
-3285
-3268
-2252
-619
954
1860
2425
2940
3554
4273
5102
6202
7291
8601
10189
11943
13437
14181
13908
12235
9772
6902
3595
-166
-3470
-5527
-7065
-7808
-7112
-5213
-3499
-2202
-455
781
787
266
326
397
-7
237
1097
1864
2341
2914
2728
906
-1569
-4215
-7294
-10596
-12945
-14325
-15415
-15261
-13217
-10281
-7743
-5133
-2027
743
2819
4309
5125
4976
4425
3814
2769
1529
544
-364
-1579
-2334
-2151
-1988
-2418
-2821
-2663
-2547
-2640
-2327
-1503
-543
384
1728
3611
5860
7996
9316
9868
10029
9876
8694
6594
4617
2841
1062
-395
-781
-611
-381
1095
4096
6823
7530
7236
7353
7248
6100
4230
2222
-584
-4126
-6869
-7565
-6084
-3718
-1829
-1091
-575
787
1889
1141
-1440
-4287
-6856
-9050
-9831
-8751
-6876
-5650
-4693
-3232
-1663
-893
-1377
-2843
-5014
-7064
-8052
-7676
-6289
-4481
-2457
-282
2128
4562
6324
6638
5360
3172
747
-1516
-3438
-4769
-5407
-5400
-4479
-2418
345
2695
4052
4780
5294
5537
5402
5348
5685
6356
7367
8849
10704
12328
13188
12901
11309
8743
5589
1856
-2252
-5532
-7123
-7736
-7936
-6968
-4460
-1752
132
1707
2948
2905
1767
890
623
339
102
356
939
1545
2018
1701
73
-2333
-4986
-8064
-11234
-13412
-14467
-15017
-14635
-12513
-9298
-6162
-3063
233
3036
4778
5783
6224
5853
4861
3606
2134
570
-610
-1388
-2132
-2670
-2737
-2653
-2814
-2938
-2788
-2793
-3066
-3035
-2263
-1076
238
1907
4039
6341
8350
9941
10969
11061
10037
8135
5976
3877
1892
241
-812
-1218
-1382
-1018
785
3892
6572
7310
6957
6909
6971
6078
4118
1868
-808
-3982
-6522
-6999
-5340
-3086
-1540
-910
-277
1032
2173
1680
-850
-4173
-7057
-8945
-9570
-8961
-7575
-6155
-4819
-3382
-1957
-1057
-1238
-2520
-4527
-6432
-7423
-7128
-5840
-4204
-2387
-257
2217
4614
6302
6729
5682
3630
1208
-1164
-3312
-4928
-5773
-5881
-5109
-3246
-608
1844
3501
4562
5420
6081
6399
6542
6789
7321
8150
9238
10506
11659
12229
11713
10044
7589
4649
1218
-2509
-5602
-7231
-7702
-7583
-6444
-4005
-1347
452
1750
3047
3488
2515
1159
414
76
-152
107
793
1307
1329
718
-798
-3174
-5930
-8947
-12099
-14561
-15577
-15344
-14214
-11873
-8395
-4632
-1091
2250
4964
6375
6607
6178
5213
3766
2160
617
-806
-1806
-2201
-2273
-2248
-2133
-2096
-2332
-2561
-2543
-2584
-2801
-2625
-1696
-331
1307
3490
6110
8454
10046
10943
11180
10618
9177
6904
4184
1754
31
-1172
-1895
-1783
-919
30
1249
3528
6236
7715
7531
6943
6575
5774
4408
2949
1225
-1374
-4213
-5760
-5497
-4354
-3450
-3014
-2617
-1740
-492
174
-670
-3009
-5800
-7945
-8897
-8686
-7748
-6534
-5281
-3848
-2240
-831
-163
-668
-2267
-4402
-6050
-6542
-6064
-5205
-4175
-2651
-569
1762
3908
5452
5829
4707
2646
441
-1491
-3134
-4343
-4922
-4888
-4046
-2243
235
2601
4339
5567
6417
6978
7348
7677
7982
8216
8536
9004
9537
9957
9983
9110
7104
4581
1986
-728
-3401
-5113
-5496
-5631
-5491
-4095
-1610
400
1306
2218
2913
2463
1301
670
568
126
-222
-76
213
252
-66
-1079
-3090
-5358
-7613
-10096
-12397
-13544
-13526
-13035
-11486
-8385
-4681
-1587
1004
3411
5023
5539
5188
4233
2718
1089
-323
-1560
-2272
-2286
-1966
-1885
-1756
-1376
-1300
-1654
-2091
-2320
-2723
-3004
-2428
-1016
890
3006
5472
7791
9602
10823
11081
10193
8250
6060
3773
1482
-345
-1463
-1749
-1537
-671
690
2611
5247
7704
8965
8646
7929
7359
6385
4762
2628
277
-2583
-5186
-6342
-5832
-4587
-3825
-3320
-2576
-1270
129
634
-268
-2592
-5257
-7211
-7881
-7603
-7138
-6497
-5508
-3951
-2266
-1014
-574
-1278
-2871
-4743
-5913
-6031
-5480
-4786
-4028
-2690
-719
1454
3175
4092
4009
2843
1085
-670
-2007
-3121
-4091
-4593
-4268
-2994
-1141
999
2957
4404
5372
6108
6829
7357
7757
7996
8112
8275
8640
9190
9354
8864
7552
5543
3307
1064
-1107
-3204
-4500
-4719
-4507
-3919
-2600
-629
1020
2071
2932
3184
2517
1523
918
416
-149
-178
184
240
-29
-231
-891
-2664
-5029
-7521
-10122
-12384
-13430
-13258
-12435
-10565
-7386
-3716
-389
2571
4915
5946
5766
4999
3732
1930
116
-1360
-2602
-3402
-3353
-2810
-2441
-2188
-1962
-1953
-2211
-2491
-2741
-3105
-3087
-2300
-834
1175
3653
6332
8620
10209
10853
10520
9512
7994
5781
2923
373
-1376
-2444
-2729
-1964
-582
433
1811
4500
7486
8913
8554
7997
7488
6434
4881
3133
994
-1902
-4534
-5788
-5419
-4129
-3031
-2522
-2155
-1083
271
670
-414
-2596
-5067
-7143
-7946
-7450
-6548
-5751
-4773
-3228
-1549
-307
86
-633
-2277
-4209
-5626
-6159
-5831
-5039
-4169
-2974
-982
1534
3517
4371
4182
3061
1170
-933
-2704
-4137
-5221
-5689
-5329
-4076
-1939
669
2907
4505
5742
6670
7044
7085
7224
7259
7038
6988
7491
8177
8550
8518
7804
6194
4082
2005
-190
-2549
-4218
-4741
-4704
-4341
-2973
-698
1268
2358
3031
3387
3002
2120
1308
605
-103
-500
-386
-151
-52
-210
-984
-2573
-4642
-6832
-9147
-11318
-12666
-12918
-12189
-10316
-7258
-3724
-500
2267
4547
5900
6048
5208
3674
1747
-189
-1824
-3067
-3737
-3662
-3173
-2654
-2084
-1450
-1173
-1530
-2172
-2679
-2980
-2927
-2130
-537
1499
3716
6135
8546
10239
10765
10282
9155
7412
4982
2404
338
-1139
-2109
-2335
-1564
-299
777
2045
4226
6821
8478
8697
8279
7827
7007
5468
3382
1007
-1673
-4456
-6488
-6919
-5905
-4522
-3496
-2511
-1080
390
989
223
-1802
-4460
-6829
-8183
-8388
-7793
-6691
-5251
-3601
-1900
-451
274
-90
-1439
-3325
-5116
-6231
-6481
-6068
-5116
-3465
-1168
1283
3379
4747
5038
4067
2121
-178
-2339
-4113
-5259
-5605
-5131
-3736
-1453
1309
3849
5753
7039
7713
7779
7455
7011
6537
6141
6069
6382
6970
7732
8299
8063
6827
5025
3007
750
-1538
-3376
-4577
-5027
-4419
-2860
-1054
587
2105
3126
3161
2595
2024
1205
-157
-1300
-1510
-1189
-872
-496
-253
-818
-2218
-3920
-5906
-8315
-10564
-12002
-12576
-12163
-10361
-7432
-4307
-1386
1400
3673
4954
5278
4769
3371
1495
-206
-1589
-2795
-3488
-3421
-3126
-2842
-2266
-1532
-1350
-1829
-2266
-2482
-2674
-2535
-1648
-151
1628
3717
6132
8321
9876
10536
10073
8805
7007
5001
2575
192
-1294
-2111
-2132
-1616
-211
1488
2929
5199
7631
9466
9517
8627
7861
6361
4750
2721
816
-1662
-4522
-5978
-6248
-4999
-3836
-2914
-2190
-1579
-206
354
-12
-1881
-4294
-6288
-7732
-7626
-7059
-6048
-5093
-3857
-2216
-1124
-365
-681
-1717
-3459
-5165
-5987
-6209
-5687
-5042
-3795
-2028
34
2021
3199
3754
3187
1803
-139
-1972
-3243
-4252
-4679
-4559
-3432
-1453
1023
3467
5258
6586
7278
7451
7150
6802
6527
6077
5771
5879
6578
7291
7707
7538
6656
5342
3688
1838
-205
-1773
-2670
-3187
-3297
-2568
-965
473
1512
2333
2824
2448
1456
685
-6
-690
-1149
-1068
-948
-1110
-1170
-1497
-2524
-4182
-5969
-7964
-10098
-11339
-11420
-10862
-9780
-7561
-4442
-1566
799
2908
4336
4459
3642
2596
1368
-240
-1952
-3272
-3831
-3518
-2788
-2181
-1713
-1171
-897
-1269
-1855
-2197
-2481
-2790
-2432
-935
1182
3324
5596
7919
9688
10353
9994
9115
7518
5333
2848
721
-576
-1512
-1671
-1144
282
1975
3455
5581
7541
8924
8803
8067
7584
6290
4665
2399
369
-1835
-4206
-5293
-5465
-4357
-3319
-2461
-1667
-1007
196
403
-424
-2294
-4268
-5746
-7148
-7496
-7208
-6313
-5412
-4528
-3312
-2407
-1810
-2191
-3240
-4523
-5502
-5868
-5923
-5351
-4368
-2925
-1312
485
2136
3027
3161
2421
1230
-464
-2180
-3598
-4595
-4825
-4510
-3374
-1641
628
2903
4677
6107
7013
7435
7250
6999
6857
6719
6612
6678
7150
7665
8129
7881
6999
5644
3933
2109
301
-660
-1819
-3101
-3441
-2344
-591
301
1486
2564
2522
1655
1234
1630
1070
146
-390
-572
-555
-225
160
-1023
-3015
-4637
-6133
-8117
-9877
-10518
-11158
-11581
-10509
-7724
-4730
-2295
134
2083
3354
4109
4367
3448
1531
-295
-2000
-3467
-4080
-3669
-3369
-3533
-3092
-1975
-1322
-1592
-1986
-2328
-2873
-3092
-2251
-633
1072
2897
5021
7307
9144
10072
9833
8563
6797
4769
2645
577
-853
-1477
-1551
-983
192
2019
4196
6307
7984
8643
8388
7828
7208
6192
4407
2190
-94
-2463
-4424
-5189
-4500
-3261
-2422
-1776
-832
554
1689
1626
56
-2350
-4447
-5955
-6949
-7287
-6831
-6031
-5347
-4326
-2849
-1621
-1401
-1997
-2925
-4020
-4887
-5174
-4864
-4369
-3699
-2557
-888
942
2222
2678
2396
1622
313
-1444
-3108
-4348
-5093
-5384
-4871
-3423
-1375
860
2884
4625
6048
7057
7420
7197
6879
6657
6414
6226
6478
7143
7618
7665
7453
6703
5046
3048
1550
-38
-2445
-4521
-4817
-3806
-2805
-1484
584
2107
2331
2427
3302
3791
2995
1634
393
-481
-682
-345
-628
-1846
-2917
-3656
-4844
-6432
-7681
-8992
-10852
-11969
-11197
-9262
-7268
-5081
-2397
360
2942
5073
6021
5454
3878
1857
-436
-2413
-3548
-4298
-4996
-5068
-3973
-2426
-1386
-905
-865
-1257
-1940
-2322
-1968
-1121
-46
1258
3217
5844
8324
9851
10187
9728
8607
6815
4670
2534
785
-550
-1315
-1147
-131
1262
2593
4176
6352
8230
8550
7706
7109
6740
5503
3392
1375
-642
-3272
-5552
-6071
-5032
-3827
-3131
-2527
-1474
164
1460
1183
-568
-2579
-4375
-6281
-7596
-7503
-6768
-6471
-6095
-4732
-3169
-2403
-2252
-2426
-3233
-4544
-5375
-5309
-4782
-4209
-3547
-2440
-640
1480
2933
3298
3091
2567
1358
-484
-2220
-3436
-4307
-4816
-4522
-3209
-1110
1191
3148
4708
6036
6988
7181
6877
6687
6530
6176
5971
6507
7450
8074
8383
8292
7461
5741
3751
1889
-378
-2889
-4772
-5268
-4617
-3443
-1810
-111
1304
2371
3231
3825
3739
2999
1691
171
-789
-843
-735
-1520
-2697
-3252
-3512
-4377
-5859
-7355
-8974
-10715
-11584
-10992
-9436
-7623
-5466
-2686
426
3388
5425
5969
5198
3666
1779
-372
-2253
-3553
-4535
-5084
-4740
-3363
-1887
-1087
-892
-1038
-1356
-1856
-2159
-2019
-1310
-131
1450
3633
6137
8487
9801
10054
9692
8728
7190
4794
2450
566
-809
-1402
-1361
-284
859
2314
4552
6857
8439
8277
7865
7297
6062
4259
1930
-43
-2592
-4853
-5963
-5675
-4137
-2951
-1942
-1340
-241
1089
1164
122
-1838
-3493
-5351
-6939
-7265
-6813
-6004
-5712
-4954
-3891
-3081
-2663
-2995
-3519
-4521
-5323
-5613
-5276
-4308
-3400
-2346
-1123
666
2366
3197
3258
2806
2082
617
-1115
-2610
-3570
-4138
-4349
-3701
-2315
-327
1562
3183
4525
5540
6188
6232
6214
6217
6353
6452
6805
7663
8546
9189
9138
8655
7555
5910
3751
1265
-961
-3101
-4583
-5248
-4664
-3300
-1992
-563
737
2087
2949
3449
3535
2877
1924
781
41
-541
-964
-1483
-2405
-3240
-4094
-4922
-6206
-7732
-9240
-10616
-11182
-10820
-9502
-7743
-5395
-2441
529
3109
4823
5544
4928
3352
1405
-669
-2600
-4197
-5031
-5097
-4398
-3212
-2063
-1199
-714
-648
-1153
-1835
-2226
-2190
-1720
-537
1497
3871
6129
8014
9556
10360
10126
8914
6870
4500
2076
234
-758
-1047
-782
181
2444
5272
7567
8693
9088
9156
8256
6561
4280
1751
-1250
-4420
-6398
-6835
-5710
-4138
-2709
-1444
-255
1096
1502
839
-646
-2417
-4233
-6019
-6725
-6587
-5924
-5304
-4744
-3961
-3380
-2978
-3372
-4301
-5295
-6010
-6284
-6285
-5340
-3820
-2274
-1026
286
2045
3341
3802
3293
2378
1363
238
-814
-1972
-2791
-3290
-3216
-2437
-1131
439
1609
2597
3480
4359
4950
5315
5756
6024
6370
6857
7848
8783
9338
9493
9043
8339
7267
5945
3430
263
-2207
-3871
-4940
-5685
-4933
-3562
-2667
-1726
-40
2172
3196
3373
3071
2345
1510
809
385
-599
-1493
-1971
-2512
-3345
-4153
-4774
-6328
-8362
-9836
-10531
-10911
-10803
-9573
-7909
-5892
-3224
-5
2690
4177
4897
4618
3571
2141
668
-1060
-2986
-4079
-4331
-3871
-2950
-1736
-835
-786
-807
-760
-835
-1286
-1690
-1511
-918
496
2544
4828
6825
8398
9747
10113
9524
8182
6335
4170
1837
342
-347
-111
1323
3633
5965
7184
8236
9382
9660
8348
5679
2780
-780
-4380
-6778
-7418
-6682
-5751
-4302
-2432
-61
2301
3250
2368
175
-1652
-3166
-4758
-5881
-6167
-5691
-5225
-4310
-3024
-2239
-2487
-3768
-5404
-7148
-8369
-8830
-8712
-8014
-6639
-4444
-1883
689
2892
4312
4746
4283
3277
1939
555
-762
-1930
-2902
-3410
-3139
-2157
-775
384
1188
1736
2321
2991
3382
3626
3934
4576
5371
6389
7874
9421
10549
10866
10725
10191
9304
7993
5728
2657
-557
-2844
-4315
-5264
-5390
-4882
-4188
-3525
-1960
426
2450
3452
3563
3309
2759
2410
2054
974
-717
-2180
-2835
-3292
-3682
-4076
-4987
-6596
-8241
-9061
-9553
-10135
-10516
-10208
-8958
-6850
-3910
-875
1613
3334
4235
4476
4085
3188
1512
-828
-2958
-4241
-4545
-4258
-3525
-2628
-1907
-1282
-681
-83
57
-415
-1113
-1496
-893
456
2065
3599
5109
6802
8109
8915
9029
8426
7149
5203
3420
2097
2054
3276
4781
5875
6338
7459
8767
9173
8182
5907
3074
-733
-4316
-6527
-7025
-6344
-5666
-4451
-2593
257
3221
4558
3751
1167
-1219
-2994
-4332
-5219
-5711
-5492
-5061
-3939
-2310
-1101
-1214
-3124
-5751
-8331
-10035
-10765
-10856
-10225
-8837
-6230
-2706
1188
4553
6463
6739
5730
4277
2634
838
-1098
-2885
-4006
-4153
-3212
-1694
-234
637
971
1084
1160
1194
1029
866
961
1727
3295
5490
7980
10160
11655
12373
12526
12063
10663
8386
5659
2706
-377
-3098
-4804
-5415
-5526
-5353
-4790
-3755
-2381
-814
840
2153
2930
3167
3131
3177
3279
3071
2050
560
-707
-1633
-2636
-4061
-5635
-7173
-8526
-9442
-9743
-9525
-9279
-8984
-8158
-6377
-3992
-1817
-40
1503
2907
3813
4069
3929
3319
2027
137
-1528
-2458
-2941
-3379
-3754
-3615
-3091
-2540
-2074
-1681
-1388
-1332
-1215
-645
336
1519
2741
4069
5591
6992
8035
8356
8025
7313
6064
4600
3126
2590
3196
4221
5269
5793
6658
7523
7877
7355
5510
3131
-336
-3886
-6390
-7108
-6137
-5267
-3951
-2071
704
3400
4579
4434
2537
102
-2497
-4412
-5248
-5629
-5370
-5100
-3956
-2307
-969
-858
-2582
-5016
-7924
-10278
-11768
-12040
-11217
-9895
-7431
-3988
398
4401
7147
8335
7772
6273
4022
1830
-429
-2676
-4432
-5258
-4491
-2856
-907
519
1275
1598
1558
1403
906
482
329
807
2055
4147
7090
10005
12203
13286
13793
13655
12360
9905
6866
3872
472
-2722
-4937
-5926
-6239
-6283
-5413
-4219
-3061
-1864
-248
1440
2347
2860
3108
3269
3250
3109
2583
1310
-32
-1247
-2462
-3994
-5531
-7026
-8855
-10389
-11032
-10747
-10306
-9766
-8670
-7019
-4902
-2693
-606
982
2170
3094
3511
3492
3141
2484
1222
-310
-1391
-1973
-2524
-3089
-3188
-2763
-2230
-1853
-1338
-721
-101
419
977
1793
2480
3204
3831
4690
5774
6613
7235
7120
6894
6470
5808
5076
4287
4528
5082
5752
6114
6349
7035
7107
6795
5451
3469
878
-2490
-5153
-6779
-6450
-5342
-4196
-2697
-988
1362
2833
3183
2095
-134
-2361
-4475
-5703
-6537
-6492
-5636
-4600
-3299
-2263
-1427
-1994
-3895
-6274
-8639
-10399
-11698
-11690
-10623
-8631
-5639
-2065
1809
4912
7074
7771
6973
5302
3144
923
-1430
-3109
-3908
-3938
-3144
-1579
449
1760
2255
2224
1955
1375
467
-86
-137
758
2474
4990
8135
11122
13537
14680
14974
14317
12407
9337
5326
1576
-1722
-4115
-5791
-6849
-6762
-5902
-4406
-2979
-1341
301
1126
1367
1461
2055
2424
2429
2265
1898
1551
1069
517
-732
-2478
-4380
-6395
-8218
-9560
-10121
-10592
-10827
-10249
-8814
-7078
-5355
-3296
-1490
-189
768
1830
2732
2934
2719
2091
1414
695
86
-583
-1488
-2101
-2514
-2625
-2570
-2198
-1695
-1469
-1068
-381
626
1486
2146
2805
3379
4087
4842
5632
6130
6062
5671
5257
5038
4770
4279
4315
5296
6574
7303
7347
7700
8126
7810
6462
4167
1591
-1560
-4621
-6645
-7059
-5916
-4627
-3264
-1681
604
2880
3546
2586
286
-2027
-4092
-5710
-6487
-6720
-5999
-4883
-3337
-1797
-973
-1135
-2806
-5119
-7627
-9698
-11050
-11661
-11092
-9593
-6878
-3373
456
3924
6222
7261
6818
5486
3515
1257
-919
-2795
-3835
-4098
-3321
-1725
209
1831
2620
2867
2659
2209
1490
775
471
762
1936
3969
6771
9853
12395
13893
14401
14140
13027
10555
6942
3073
-496
-3492
-5907
-7131
-7155
-6617
-5692
-4308
-2185
-77
1388
2117
2369
2659
2835
2874
2506
1857
1132
307
-378
-1096
-2036
-3684
-5835
-7773
-9222
-10275
-11154
-11463
-11028
-9868
-8153
-5974
-3497
-1311
352
1364
2091
2644
2765
2367
1492
737
163
-291
-635
-901
-1108
-1584
-1986
-2051
-1849
-1775
-1978
-1839
-1159
-79
971
1982
3062
4005
4733
5300
6081
6764
6899
6248
5459
5358
5478
5335
4625
4653
5796
6953
7579
7419
7702
7710
6741
5083
2831
621
-2542
-5551
-7175
-6996
-5263
-3753
-2055
-407
1498
3170
3296
2158
-438
-3042
-5306
-6889
-7401
-7340
-6331
-5141
-3626
-2332
-1846
-2244
-3886
-6048
-8612
-10714
-11907
-12031
-10990
-9110
-6115
-2603
1072
4195
6331
7268
6680
5181
3020
857
-1133
-2722
-3605
-3897
-3165
-1757
-127
1026
1605
2024
2056
1774
1302
1202
1559
2297
3795
6052
8872
11549
13638
14855
15109
14542
12885
10016
6287
2593
-718
-3715
-5959
-6841
-6503
-5826
-4973
-3457
-1329
567
1722
2365
2695
2778
2666
2631
2585
2302
1778
1021
198
-790
-2017
-3785
-6083
-8306
-10131
-11400
-12239
-12369
-11730
-10623
-8967
-6755
-4117
-1765
-25
1250
2149
2815
2993
2666
1900
1018
264
-485
-1084
-1456
-1714
-2161
-2622
-2753
-2742
-2909
-3011
-2613
-1819
-847
447
2187
3741
4921
5944
6872
7361
7137
6728
5923
4979
4374
4302
4313
3961
4771
6732
8616
9110
8649
8528
7852
6574
4454
1870
-1138
-4479
-6556
-7281
-6185
-4130
-2079
-422
801
2767
4131
3820
1560
-1465
-3934
-6146
-7253
-7402
-6616
-5587
-4643
-3284
-2276
-1856
-2908
-5083
-7601
-9884
-11227
-11873
-11218
-9503
-6990
-3963
-673
2827
5352
6512
6206
4929
3114
958
-908
-2389
-3218
-3562
-3272
-2138
-478
1084
1731
1814
1745
1596
1209
855
1154
1931
3233
5116
7824
10853
13314
14940
15317
14870
13454
11028
7692
3982
1015
-2029
-4886
-6750
-6941
-6107
-5673
-4516
-2767
-1144
-223
571
1954
2627
2877
3036
3348
3510
3223
2875
1649
-97
-1859
-3656
-5806
-8167
-9832
-11256
-12569
-13073
-12265
-10824
-9469
-7790
-5622
-3304
-1202
841
2425
3332
3706
3626
3225
2414
1688
699
-591
-1562
-2057
-2208
-2662
-2926
-2897
-3004
-3050
-2803
-2047
-1260
-315
1068
2640
4110
5357
6329
6832
7152
7222
6894
5924
4986
4705
4300
3831
3356
4039
5710
7085
7896
7384
6978
6609
5921
4689
2225
-123
-2976
-5357
-6423
-5918
-3894
-2495
-1160
61
1734
3338
3287
1946
-909
-3495
-5601
-6986
-7192
-6895
-5842
-5107
-4022
-2821
-2324
-2871
-4793
-6738
-8812
-10443
-11171
-10621
-8665
-6368
-3633
-701
2527
5326
6786
6812
5545
3888
1957
89
-1531
-2639
-3166
-3342
-2742
-1526
-80
687
875
981
1052
1174
1223
1778
2658
3915
5684
8012
10774
13001
14527
14995
14566
13308
11143
8329
4718
1015
-2410
-5190
-6954
-7605
-7167
-6430
-5437
-3862
-1841
18
1311
2222
2647
2607
2654
3071
3360
3079
2391
1596
500
-981
-2733
-4965
-7600
-10227
-12299
-13669
-14250
-13779
-12629
-11171
-9261
-6554
-3409
-671
1362
2782
3693
4120
4163
3792
2986
1892
708
-333
-983
-1152
-1253
-1658
-2248
-2566
-2575
-2527
-2368
-2181
-1678
-753
734
2712
4280
5595
6647
7600
8368
8229
7952
7054
5819
4790
3892
3909
3553
3823
5236
6785
8136
7901
7728
7356
6219
4759
2319
-45
-3109
-5669
-6715
-6455
-4626
-2838
-951
330
1380
2475
2403
1318
-1141
-3656
-5922
-7523
-7651
-6970
-5717
-4835
-3888
-3032
-2861
-3464
-5032
-6846
-8924
-10633
-11444
-10822
-8714
-6218
-3738
-1408
1359
3907
5282
5392
4478
3233
1555
58
-956
-1525
-1668
-1714
-1363
-801
34
806
954
682
332
436
798
1448
2678
4302
6246
8461
11046
13498
15030
15543
15074
13711
11551
8605
5046
1203
-2149
-4507
-6261
-7316
-7345
-6509
-5364
-4111
-2167
-160
872
1114
1373
2079
2654
3098
3471
3364
2875
2217
1442
7
-2104
-4569
-7442
-10317
-12492
-13601
-14197
-14303
-13370
-11538
-9290
-6739
-3673
-778
1275
2711
3883
4758
5047
4748
3899
2589
1300
271
-647
-1415
-1999
-2494
-3062
-3399
-3157
-2976
-2993
-2869
-2121
-839
459
2170
3841
5392
6731
7808
8845
8986
8649
7569
6207
5193
4173
3509
2767
3352
4996
6237
6703
6413
6853
6819
5921
4396
2113
-419
-3690
-5900
-6483
-5551
-3661
-2174
-561
878
2599
3656
2940
995
-1900
-4467
-6786
-8123
-8095
-7433
-6284
-5305
-3944
-2819
-2485
-3019
-4611
-6470
-8550
-9918
-10204
-9382
-7567
-5516
-2952
-150
2758
5005
5886
5596
4253
2551
677
-903
-1959
-2625
-2868
-2681
-1700
-258
1089
1842
1951
1690
1231
909
902
1391
2204
3427
5282
7825
10776
13267
14848
15295
14815
13387
10952
7795
4038
254
-3237
-5922
-7463
-7929
-7427
-6498
-5086
-3213
-1202
365
1229
1910
2445
2762
2854
2969
3088
2922
2599
2053
1147
-369
-2417
-4861
-7617
-10233
-12444
-14029
-14839
-14560
-13211
-11259
-8797
-5844
-2568
391
2602
4091
4886
5100
4680
3772
2579
1313
163
-888
-1580
-1844
-1877
-2035
-2340
-2468
-2507
-2605
-2731
-2555
-1848
-747
636
2219
3955
5744
7276
8416
9144
9337
8951
7905
6681
5521
4291
3192
2683
3560
5070
6161
6436
6340
6687
6554
5648
3895
1650
-926
-3986
-5976
-6386
-5243
-3651
-2313
-714
933
2764
3506
2564
239
-2652
-4898
-6862
-8056
-8350
-7739
-6519
-5307
-3797
-2776
-2590
-3499
-5224
-7127
-9117
-10312
-10609
-9857
-8235
-5950
-2937
152
3121
5227
6167
5923
4759
3232
1377
-251
-1554
-2378
-2786
-2671
-1771
-516
670
1186
1305
1231
1187
1185
1199
1679
2513
4000
6041
8793
11710
13991
15504
15824
15318
13790
11620
8517
4250
-29
-3694
-6055
-7792
-8528
-8046
-7142
-5807
-4129
-1599
581
1787
2436
2693
3013
3166
3630
3748
3151
2413
1699
994
-473
-2349
-4672
-7631
-10623
-12978
-14172
-14807
-14792
-13846
-12046
-9468
-6311
-2673
580
2913
4368
5176
5571
5419
4700
3308
1562
90
-903
-1539
-2051
-2372
-2631
-3010
-3280
-3269
-3032
-2918
-2886
-2431
-1343
319
2113
3812
5517
7106
8468
9306
9620
9325
8335
7020
5571
4305
3329
3292
4228
5133
5592
5653
6052
6288
5808
4722
2802
369
-2520
-4775
-5713
-5510
-4240
-2722
-1029
640
2393
3824
3673
1950
-694
-3004
-4883
-6597
-7690
-7935
-7171
-6107
-4909
-3651
-2888
-3070
-4398
-6039
-7452
-8460
-9038
-9035
-8029
-6158
-3699
-1050
1607
3864
5054
5019
4155
3048
1639
-36
-1524
-2364
-2592
-2505
-1870
-650
707
1497
1623
1498
1274
1025
718
646
1089
2146
3834
6040
8810
11616
13713
14767
15008
14547
12818
9827
6100
2203
-1480
-4437
-6203
-7228
-7754
-7563
-6465
-4732
-2747
-665
755
1147
1210
1770
2629
3160
3439
3457
2985
2262
1758
1083
-691
-3413
-6241
-8775
-10892
-12263
-12857
-13145
-13066
-11986
-9827
-7170
-4348
-1509
850
2480
3794
5048
5768
5486
4378
2824
1234
43
-759
-1510
-2241
-2664
-2765
-2759
-2520
-2096
-1978
-2333
-2521
-1914
-768
504
1763
3100
4643
6324
7898
8940
9333
9043
7976
6569
5372
4499
3388
2289
2374
3590
4873
5260
5237
5403
5241
4529
3153
1441
-647
-3061
-4919
-5548
-4489
-2657
-1162
-137
907
2353
2988
2046
-31
-2324
-4333
-6352
-7686
-7844
-7084
-6157
-5547
-4766
-4050
-3829
-4444
-5678
-6946
-8225
-9073
-9101
-7950
-5915
-3729
-1385
1147
3738
5582
6158
5759
4648
3063
1110
-649
-1817
-2584
-3039
-3051
-2258
-975
129
800
1119
1395
1545
1625
1925
2592
3687
5020
6877
9353
11938
14012
15037
15226
14594
13000
10391
6761
2780
-1088
-4263
-6565
-8066
-8567
-8377
-7474
-5934
-3735
-1263
457
1372
1869
2481
3079
3413
3603
3338
2704
1940
1353
567
-1099
-3465
-6250
-8963
-11277
-12940
-14006
-14705
-14535
-13211
-10937
-8186
-5112
-1833
972
3029
4570
5797
6339
5825
4513
2825
1204
-61
-977
-1709
-2295
-2554
-2517
-2438
-2348
-2253
-2295
-2508
-2493
-1856
-783
454
1869
3562
5323
7006
8609
9774
10033
9362
8309
7035
5595
4325
3278
2244
1253
1516
3401
5335
5935
5530
5506
5624
5038
3824
2288
414
-2145
-4368
-5117
-4382
-2917
-1767
-1006
-385
551
1539
1471
14
-2391
-4735
-6559
-7578
-7559
-7033
-6420
-5862
-5075
-4227
-3786
-3790
-4368
-5571
-7166
-8214
-8010
-6868
-5383
-3869
-2126
-119
1944
3706
4713
4748
3920
2674
1345
88
-992
-1863
-2528
-2961
-2939
-2306
-1309
-428
105
500
1072
1891
2869
3991
5359
7019
8802
10632
12453
13976
14675
14182
12790
10860
8349
5059
1299
-2192
-4968
-6953
-8145
-8377
-7679
-6373
-4700
-2757
-670
1076
2094
2524
2814
3118
3242
3198
3066
2746
2014
996
-120
-1602
-3753
-6445
-9113
-11410
-13142
-14075
-14106
-13257
-11666
-9360
-6466
-3195
53
2648
4297
5180
5671
5582
4659
3270
1868
600
-532
-1171
-1159
-1037
-1216
-1581
-1866
-2088
-2434
-2741
-2918
-2888
-2339
-1242
443
2399
4554
6592
8004
9086
9661
9646
8466
6550
4867
3316
2172
1041
432
211
721
2641
4622
5990
5955
5912
6094
5525
4559
2813
1073
-1438
-3921
-5012
-4822
-3350
-2465
-1987
-1773
-1042
430
716
-336
-2738
-4782
-6110
-7059
-7073
-6733
-5808
-5135
-4468
-3555
-2843
-2334
-2943
-4257
-5814
-6723
-6576
-6021
-5108
-4177
-2930
-1373
435
2259
3416
3842
3553
2942
2133
1347
610
-356
-1412
-2257
-2376
-1983
-1298
-556
108
809
1570
2729
3990
5269
6538
7762
9034
10192
11526
12508
12659
11946
10648
9037
6574
3672
750
-1966
-4417
-6450
-7314
-7291
-6610
-5461
-4021
-2493
-1190
170
1327
2061
2405
2608
2778
2701
2615
2353
1634
364
-1146
-2700
-4725
-7077
-9429
-11384
-12835
-13600
-13200
-11950
-10006
-7590
-4717
-1620
1058
3203
4391
4799
4578
3844
2798
1429
399
-310
-716
-759
-533
-191
-285
-568
-918
-1453
-2145
-2800
-2944
-2605
-1834
-495
1320
3534
5807
7681
8990
9589
9694
9021
7545
5845
4106
2726
1335
267
-163
264
2027
3856
5225
5608
5879
6526
6318
5533
3792
1827
-605
-3269
-4617
-4975
-4065
-3274
-2761
-2148
-1405
24
328
-636
-2593
-4486
-5751
-6980
-7237
-7008
-6312
-5592
-4667
-3186
-2296
-1927
-2454
-3359
-4452
-5524
-5877
-5923
-5362
-4604
-3573
-2231
-714
1105
2291
2828
2752
2418
1908
1054
303
-515
-1227
-1805
-1839
-1300
-680
-35
542
1348
2112
2858
3683
4681
5896
6974
8150
9387
10812
11868
12116
11669
10641
9240
6852
4010
1200
-1285
-3458
-5451
-6267
-6162
-5368
-4287
-3048
-1506
-331
694
1347
1730
1909
1776
1689
1573
1724
1719
1154
76
-1197
-2517
-4423
-6746
-9033
-10836
-12280
-13174
-12973
-11734
-9773
-7577
-4884
-1857
1015
3204
4349
4807
4616
3973
2769
1250
-50
-1041
-1619
-1861
-1563
-1088
-876
-940
-1070
-1246
-1774
-2281
-2460
-2178
-1646
-746
905
3108
5477
7314
8604
9469
9888
9662
8468
6758
4858
2952
1286
123
-463
-819
-772
343
2275
4034
5052
5645
6385
6647
6074
4817
3027
957
-1630
-3813
-4811
-4504
-3513
-3074
-2714
-1876
-416
522
-152
-1712
-3644
-5305
-6806
-7708
-7556
-6888
-5837
-4834
-3494
-2125
-1264
-1043
-1741
-2819
-4221
-5291
-5659
-5437
-4745
-4030
-2750
-898
1290
3089
3963
4243
3833
2898
1340
-280
-1493
-2480
-3195
-3614
-3150
-2028
-661
675
1858
3049
3837
4451
5080
5896
6773
7401
8151
8937
9794
10389
10444
9791
8142
5998
3476
801
-1887
-4307
-5984
-6977
-6960
-6026
-4484
-2773
-1118
547
1773
2584
3080
3283
3002
2298
1753
1393
1030
438
-316
-1286
-2653
-4273
-6081
-7901
-9683
-11164
-12082
-12137
-11033
-9003
-6421
-3651
-713
2109
4258
5474
5791
5404
4247
2536
764
-641
-1530
-2057
-2246
-2078
-1661
-1229
-986
-1023
-1304
-1829
-2367
-2556
-2299
-1492
-241
1473
3547
5617
7562
9003
9727
9615
8572
6955
5002
3031
1333
-212
-1426
-2162
-2014
-388
1935
3982
4991
5328
6152
6840
6762
5537
3489
1198
-1643
-3935
-4807
-4208
-3247
-3225
-3245
-2416
-557
911
611
-1035
-3143
-4855
-6301
-7302
-7503
-7079
-6367
-5559
-4149
-2315
-829
-393
-958
-1934
-3083
-3985
-4460
-4434
-4225
-3997
-3224
-1643
516
2314
3242
3430
3144
2559
1501
184
-1167
-2359
-3216
-3520
-2890
-1575
-120
1087
2199
3496
4675
5467
5864
6174
6592
7050
7636
8390
9185
9670
9610
9042
7952
6211
3772
934
-1882
-4345
-6180
-7089
-6962
-6047
-4600
-2736
-536
1631
3223
3970
3973
3510
2720
1700
661
-171
-761
-1279
-1823
-2399
-3089
-4146
-5679
-7477
-9223
-10687
-11675
-11833
-10936
-9063
-6561
-3744
-733
2171
4485
5739
5877
5208
3997
2430
649
-992
-2201
-2907
-3093
-2855
-2262
-1618
-1156
-904
-868
-1028
-1412
-1749
-1743
-1223
-212
1212
2997
4961
6896
8506
9618
9977
9573
8348
6467
4274
2055
378
-1004
-1918
-2217
-1418
718
2886
4716
5705
6610
7503
7324
6282
3995
1579
-1013
-3554
-4877
-5129
-4034
-3235
-2650
-1644
-286
1222
1066
-252
-2340
-4347
-5864
-7259
-7686
-7577
-6683
-5559
-4270
-2658
-1519
-908
-1453
-2461
-3641
-4710
-5255
-5493
-5040
-4357
-3153
-1418
641
2686
3831
4206
3738
2860
1644
87
-1452
-2919
-3770
-3975
-3368
-2137
-700
805
2061
3275
4247
4904
5315
5538
5904
6298
6870
7649
8499
9200
9440
9202
8270
6604
4381
1777
-1055
-3789
-5796
-6786
-6934
-6315
-4815
-2683
-493
1439
3040
4031
4190
3703
2897
1825
685
-64
-469
-855
-1353
-1756
-2207
-3134
-4421
-5916
-7606
-9380
-10674
-10992
-10438
-8989
-6754
-4047
-1226
1579
4168
5812
6252
5777
4737
3241
1493
-71
-1479
-2656
-3244
-3043
-2461
-2062
-1742
-1428
-1223
-1306
-1584
-1837
-1989
-1736
-1019
134
1627
3430
5436
7164
8385
8974
8900
8052
6481
4582
2586
678
-986
-1973
-1873
-807
727
2155
3383
4594
5782
6543
6295
4785
2363
-320
-2685
-4195
-4633
-4264
-3702
-3133
-2042
-296
1346
1785
857
-724
-2280
-3615
-4787
-5609
-5986
-5932
-5528
-4730
-3520
-2408
-1991
-2480
-3349
-3973
-4315
-4563
-4736
-4468
-3606
-2303
-704
1080
2846
4108
4532
4191
3437
2515
1402
17
-1566
-2962
-3706
-3606
-2842
-1794
-775
128
1050
2135
3225
4057
4614
5136
5840
6811
8079
9365
10224
10473
10208
9479
8126
6130
3548
423
-2841
-5469
-7013
-7662
-7629
-6815
-5257
-3293
-1127
1119
2944
3816
3770
3310
2773
2202
1561
761
-139
-902
-1395
-1892
-2747
-3941
-5329
-6914
-8589
-9906
-10558
-10581
-10053
-8899
-7042
-4635
-1898
870
3230
4821
5562
5658
5253
4359
2991
1294
-399
-1809
-2704
-3004
-2888
-2626
-2478
-2299
-1949
-1555
-1286
-1251
-1209
-1029
-440
702
2152
3746
5277
6900
8228
8861
8869
8138
6962
5177
3206
1429
-63
-477
-235
410
994
1766
3456
5104
6230
6143
5019
3206
785
-1206
-2617
-3186
-3457
-3766
-3631
-2768
-818
855
1294
437
-953
-1909
-2822
-3608
-4470
-5234
-5622
-5630
-4875
-3880
-3110
-3079
-3682
-4297
-4711
-4777
-4847
-4875
-4752
-4222
-2962
-1164
852
2386
3261
3638
3675
3431
2695
1636
338
-1024
-2269
-3078
-3101
-2536
-1770
-1211
-683
112
1131
2170
2948
3593
4204
4960
6049
7414
8795
9682
10032
10036
9700
8799
7122
4911
2326
-459
-3082
-5043
-6074
-6461
-6389
-5740
-4301
-2192
39
1857
2974
3510
3633
3434
3049
2567
1870
735
-610
-1577
-2024
-2568
-3727
-5239
-6598
-7612
-8375
-8857
-8999
-8880
-8504
-7655
-6066
-3924
-1747
31
1405
2658
3677
4143
3891
3093
1996
640
-704
-1729
-2328
-2706
-2994
-2942
-2507
-1874
-1294
-822
-466
-397
-475
-357
242
1187
2098
2979
4064
5583
7187
8168
8280
7818
7120
5952
4312
2937
2344
2165
1848
1652
2097
3113
4244
5144
5432
4670
2968
1057
-443
-1453
-2118
-2645
-3099
-3131
-2303
-780
665
1340
967
-264
-1589
-2254
-2438
-3013
-4078
-4795
-4702
-4165
-3619
-3209
-3265
-4073
-5262
-6136
-6463
-6550
-6644
-6636
-6167
-4859
-2796
-528
1388
2701
3337
3361
3093
2750
2063
704
-980
-2236
-2733
-2651
-2286
-1830
-1436
-1097
-649
-63
552
1075
1511
2022
2855
4190
5900
7665
9175
10246
10767
10748
10223
9000
6948
4301
1540
-1007
-3156
-4678
-5461
-5617
-5266
-4350
-2925
-1289
251
1495
2328
2702
2838
2960
3016
2872
2455
1775
868
-96
-1028
-2072
-3430
-4998
-6366
-7328
-7885
-8077
-7926
-7556
-7031
-6130
-4796
-3260
-1866
-628
586
1709
2638
3247
3461
3194
2497
1608
651
-274
-1114
-1835
-2409
-2739
-2651
-2373
-2124
-1823
-1352
-860
-606
-264
380
1144
1864
2704
3915
4996
5788
6459
6912
6955
6326
5433
4305
3095
2381
2087
2008
1756
1732
2166
2730
3433
3688
3017
1262
-609
-1612
-2100
-2322
-2563
-2641
-2593
-2141
-833
476
1028
429
-626
-1547
-2237
-2522
-2954
-3578
-4303
-4525
-4123
-3681
-3375
-3653
-4331
-5233
-5751
-5705
-5634
-5538
-5380
-4598
-3287
-1480
572
2222
3307
3648
3715
3487
3071
2429
1291
-27
-1221
-1618
-1465
-1124
-813
-656
-441
-265
198
741
1218
1583
2049
3013
4356
6167
7961
9400
10194
10490
10466
9758
8366
6221
3667
886
-1629
-3453
-4704
-5402
-5652
-5174
-4227
-2983
-1538
-206
770
1158
1441
1677
1823
1829
1656
1387
790
185
-438
-1203
-2310
-3767
-5205
-6568
-7429
-7797
-7829
-7710
-7415
-6664
-5707
-4521
-3225
-1976
-1029
-373
447
1292
1922
2113
2049
1802
1301
789
289
-220
-938
-1609
-1911
-1875
-1695
-1560
-1254
-853
-382
77
614
1357
1966
2561
3088
3808
4697
5349
5877
5921
5921
5707
5075
4398
3616
3533
3499
3338
3341
3234
3480
3356
3441
3581
2957
1746
-66
-1069
-1539
-1715
-1546
-1529
-1269
-1161
-614
163
472
194
-808
-1793
-2751
-3390
-3718
-4015
-4198
-4343
-4193
-4060
-4012
-4191
-4720
-5457
-6218
-6502
-6491
-6178
-5518
-4441
-2982
-1463
180
1620
2572
2796
2462
1934
1209
439
-467
-1332
-1989
-2237
-1932
-1401
-831
-453
-163
119
505
1090
1619
2157
2759
3698
5062
6612
8217
9418
10116
10261
9847
8947
7388
5375
2961
448
-1698
-3241
-4033
-4325
-4084
-3333
-2232
-896
384
1453
2065
2211
2120
1917
1718
1506
1239
850
342
-135
-614
-1325
-2343
-3562
-4821
-5992
-6931
-7389
-7423
-7187
-6720
-5985
-4957
-3849
-2746
-1781
-1058
-494
-46
387
705
848
881
716
421
46
-362
-784
-1315
-1730
-1918
-1895
-1702
-1432
-925
-362
169
720
1233
1775
2107
2412
2857
3362
3884
4201
4509
4701
4667
4517
4179
3796
3307
2960
2953
3084
3307
3486
3651
3696
3590
3462
3068
2186
918
-182
-831
-1189
-1303
-1163
-950
-955
-966
-714
-453
-625
-1252
-1962
-2685
-3306
-3570
-3470
-3360
-3482
-3621
-3710
-3821
-3970
-4152
-4503
-5077
-5456
-5404
-5051
-4507
-3675
-2637
-1714
-825
190
1119
1557
1533
1358
1031
510
-45
-458
-792
-1098
-1175
-964
-614
-217
205
585
932
1379
1934
2498
3135
4021
5087
6119
7131
8109
8735
8713
8200
7374
6105
4331
2365
522
-1174
-2532
-3219
-3199
-2808
-2216
-1354
-392
449
1084
1506
1597
1347
1006
669
308
-41
-282
-529
-933
-1398
-1879
-2480
-3287
-4136
-4883
-5573
-6100
-6273
-6079
-5737
-5320
-4748
-4046
-3269
-2446
-1643
-1037
-628
-219
246
661
934
1032
891
558
227
20
-213
-590
-961
-1182
-1198
-1015
-628
-152
257
649
1122
1687
2220
2685
3084
3387
3667
3985
4332
4527
4465
4211
3864
3559
3343
3304
3344
3282
3130
2992
3007
2971
2764
2385
1772
951
12
-628
-889
-920
-834
-713
-545
-495
-524
-627
-856
-1245
-1783
-2301
-2785
-3099
-3220
-3237
-3266
-3409
-3569
-3832
-4186
-4559
-4842
-4992
-5080
-4990
-4682
-4123
-3438
-2715
-1953
-1213
-503
68
502
773
862
787
560
304
46
-198
-442
-622
-665
-556
-298
41
468
941
1439
1928
2458
3120
3845
4609
5396
6256
7062
7595
7838
7773
7374
6513
5250
3807
2263
704
-708
-1709
-2212
-2304
-2093
-1625
-919
-106
644
1172
1442
1490
1335
992
550
145
-269
-805
-1389
-1861
-2211
-2618
-3173
-3792
-4381
-4958
-5500
-5874
-6022
-6008
-5903
-5635
-5116
-4350
-3470
-2605
-1786
-1053
-466
-50
252
479
585
487
235
-13
-201
-397
-641
-848
-946
-963
-906
-730
-400
-2
394
780
1205
1716
2242
2742
3221
3757
4299
4653
4844
4990
5082
4958
4596
4147
3661
3190
2820
2653
2634
2605
2479
2222
1954
1827
1794
1562
993
349
-112
-358
-381
-166
42
-76
-478
-801
-874
-903
-1125
-1611
-2276
-2894
-3258
-3362
-3440
-3683
-4128
-4652
-5023
-5051
-4779
-4517
-4424
-4327
-3988
-3364
-2609
-1893
-1350
-1005
-718
-301
225
637
768
625
351
83
-139
-395
-793
-1280
-1645
-1690
-1397
-905
-334
268
942
1772
2725
3630
4306
4761
5139
5536
5931
6203
6223
5942
5446
4870
4236
3438
2370
1113
-86
-980
-1465
-1653
-1679
-1571
-1219
-532
362
1208
1773
1962
1856
1621
1358
993
408
-377
-1184
-1819
-2243
-2557
-2916
-3379
-3894
-4349
-4663
-4839
-4929
-4981
-4958
-4762
-4295
-3572
-2743
-1941
-1208
-547
28
508
879
1061
987
699
323
-25
-321
-618
-924
-1181
-1288
-1181
-909
-551
-182
166
507
912
1403
1855
2173
2390
2645
3021
3439
3805
4021
4048
3925
3735
3568
3357
2985
2423
1851
1524
1508
1658
1754
1699
1504
1314
1260
1360
1435
1192
655
117
-89
22
127
-35
-500
-1089
-1608
-1893
-1937
-1941
-2173
-2658
-3070
-3154
-3025
-3051
-3415
-3967
-4493
-4780
-4735
-4403
-3971
-3582
-3164
-2602
-1885
-1219
-788
-662
-715
-728
-631
-445
-260
-109
-12
63
207
401
497
362
150
94
212
369
517
785
1191
1650
2163
2766
3416
3941
4318
4699
5138
5500
5606
5424
5056
4611
4065
3315
2383
1418
562
-178
-769
-1081
-1132
-1059
-890
-510
75
630
946
1058
1118
1130
986
633
129
-444
-1038
-1612
-2101
-2496
-2903
-3416
-3930
-4251
-4375
-4491
-4693
-4853
-4846
-4659
-4294
-3716
-2966
-2202
-1496
-779
-31
638
1029
1082
903
607
244
-174
-594
-985
-1314
-1515
-1507
-1264
-922
-610
-340
-15
425
921
1394
1782
2087
2347
2626
3010
3473
3870
4036
3982
3827
3645
3430
3122
2692
2133
1481
916
668
768
993
1132
1173
1267
1501
1788
2007
2053
1828
1327
739
315
126
-43
-422
-957
-1412
-1655
-1751
-1828
-1958
-2196
-2560
-2958
-3194
-3212
-3184
-3310
-3547
-3629
-3434
-3087
-2734
-2388
-2013
-1689
-1451
-1212
-905
-657
-661
-818
-861
-698
-489
-396
-359
-251
-103
-23
6
59
102
23
-119
-100
187
575
880
1149
1531
2033
2518
2926
3326
3714
3950
4022
4103
4278
4384
4183
3690
3096
2469
1762
968
199
-438
-932
-1260
-1319
-1030
-542
-129
123
340
630
864
866
661
378
65
-302
-654
-914
-1170
-1594
-2173
-2696
-3025
-3268
-3596
-3988
-4303
-4470
-4502
-4357
-3974
-3433
-2879
-2306
-1553
-610
272
867
1186
1354
1364
1142
755
347
-43
-484
-893
-1072
-974
-802
-724
-627
-341
82
435
684
1003
1446
1888
2268
2666
3122
3467
3543
3460
3424
3395
3167
2729
2287
1969
1673
1299
925
649
468
315
258
397
668
889
1000
1141
1382
1589
1566
1308
961
575
117
-379
-784
-1065
-1310
-1547
-1683
-1658
-1650
-1871
-2314
-2741
-3002
-3155
-3248
-3234
-3050
-2759
-2439
-2060
-1613
-1226
-1058
-1092
-1163
-1151
-1105
-1130
-1205
-1209
-1071
-837
-580
-338
-137
-32
-30
-44
8
94
111
67
76
237
534
844
1102
1341
1612
1911
2218
2532
2803
2959
3001
3016
3060
3074
2958
2678
2281
1827
1373
914
423
-71
-509
-802
-909
-845
-657
-419
-176
81
372
644
813
836
734
563
343
70
-266
-668
-1124
-1599
-2032
-2385
-2675
-2941
-3187
-3362
-3423
-3363
-3197
-2919
-2533
-2028
-1411
-705
46
730
1267
1620
1782
1747
1518
1147
670
164
-306
-679
-902
-989
-955
-829
-620
-340
-32
269
557
848
1163
1482
1812
2148
2464
2717
2870
2929
2881
2703
2384
1968
1497
1005
536
131
-196
-441
-586
-623
-552
-404
-191
77
350
593
814
1005
1085
991
737
394
-27
-532
-1048
-1498
-1844
-2082
-2182
-2126
-1957
-1756
-1586
-1485
-1459
-1478
-1540
-1660
-1795
-1863
-1815
-1671
-1467
-1198
-878
-609
-455
-372
-305
-287
-368
-486
-538
-483
-387
-283
-130
57
213
290
322
353
352
288
201
202
328
495
665
886
1214
1596
1930
2218
2492
2727
2849
2834
2780
2712
2517
2160
1741
1393
1086
703
295
-7
-175
-313
-432
-434
-297
-127
-24
108
356
624
770
790
806
835
744
475
146
-175
-570
-1087
-1633
-2065
-2418
-2813
-3196
-3406
-3412
-3349
-3254
-3009
-2555
-2010
-1497
-971
-358
241
645
853
984
1035
893
539
126
-220
-543
-903
-1210
-1323
-1277
-1207
-1126
-940
-613
-280
-22
253
635
1059
1413
1719
2067
2428
2667
2733
2722
2661
2476
2124
1697
1303
923
518
146
-82
-161
-183
-164
-31
215
480
668
806
949
1027
951
747
528
300
15
-323
-627
-809
-931
-1049
-1123
-1100
-1013
-956
-931
-893
-829
-806
-853
-901
-910
-924
-978
-1023
-998
-921
-857
-803
-695
-544
-427
-356
-286
-199
-138
-132
-126
-76
-20
12
24
49
78
50
-36
-146
-248
-355
-480
-572
-554
-435
-249
6
344
749
1130
1443
1696
1884
1957
1899
1727
1489
1210
877
510
156
-163
-438
-664
-816
-865
-821
-692
-482
-204
132
482
806
1075
1270
1383
1410
1342
1187
956
669
352
11
-333
-674
-1003
-1309
-1575
-1770
-1892
-1936
-1883
-1723
-1460
-1110
-707
-265
178
567
866
1075
1183
1168
1040
826
558
254
-51
-330
-556
-724
-841
-900
-902
-858
-795
-707
-587
-450
-279
-82
150
414
684
959
1208
1419
1570
1616
1550
1390
1142
810
415
10
-347
-644
-872
-1007
-1011
-909
-753
-578
-376
-165
-29
5
-21
-94
-232
-444
-673
-846
-975
-1091
-1170
-1161
-1074
-964
-850
-712
-532
-354
-231
-135
-22
99
168
175
196
257
300
306
328
417
524
603
673
783
925
1019
1058
1105
1178
1229
1215
1182
1174
1146
1048
899
758
616
429
207
19
-91
-161
-202
-165
-24
175
385
596
814
1006
1097
1076
969
784
495
116
-294
-696
-1073
-1429
-1713
-1889
-1965
-1968
-1909
-1771
-1558
-1310
-1059
-792
-503
-228
9
210
374
494
531
489
374
188
-61
-361
-699
-1040
-1345
-1604
-1778
-1851
-1806
-1638
-1375
-1018
-582
-111
351
771
1128
1409
1589
1649
1612
1493
1305
1055
769
493
247
27
-146
-262
-306
-282
-217
-114
23
178
335
482
627
766
892
993
1074
1161
1239
1279
1284
1254
1184
1065
899
700
479
256
53
-114
-225
-267
-247
-181
-79
38
137
192
190
116
-37
-258
-521
-799
-1067
-1313
-1504
-1622
-1652
-1608
-1515
-1362
-1181
-1006
-856
-739
-649
-597
-588
-596
-595
-566
-520
-461
-377
-266
-158
-72
-7
43
79
103
130
179
277
416
572
738
914
1065
1153
1174
1131
1034
877
681
489
331
214
149
139
191
296
429
574
721
866
984
1055
1064
1030
956
816
611
363
86
-210
-520
-812
-1065
-1257
-1379
-1440
-1415
-1304
-1125
-894
-623
-323
-14
271
511
693
811
847
786
639
419
146
-168
-498
-807
-1071
-1278
-1410
-1447
-1396
-1255
-1037
-763
-447
-117
198
476
697
852
937
949
896
781
635
471
300
132
-14
-138
-237
-301
-339
-350
-333
-293
-230
-151
-62
37
137
233
321
397
455
496
520
520
509
481
430
367
297
223
155
90
39
5
-19
-21
-4
18
48
83
106
119
114
98
65
10
-61
-138
-221
-314
-402
-485
-560
-627
-672
-682
-665
-613
-519
-397
-256
-108
33
153
229
256
236
169
67
-53
-164
-251
-294
-292
-239
-124
32
209
391
561
708
811
853
843
789
701
589
461
335
223
125
53
10
1
21
60
121
186
245
305
351
368
356
314
240
145
33
-100
-243
-382
-521
-653
-774
-884
-980
-1060
-1127
-1159
-1162
-1134
-1065
-963
-814
-625
-410
-185
30
214
356
443
463
418
308
146
-48
-249
-439
-601
-719
-777
-765
-688
-543
-341
-99
171
442
703
949
1159
1320
1420
1453
1433
1358
1240
1083
893
693
502
328
183
77
10
-20
-6
40
105
188
269
345
409
454
486
494
479
440
378
302
207
96
-25
-147
-269
-382
-484
-571
-635
-684
-718
-729
-728
-707
-672
-629
-581
-537
-484
-432
-384
-341
-315
-299
-305
-332
-374
-430
-501
-578
-642
-690
-718
-722
-689
-618
-523
-390
-241
-93
52
166
252
305
316
296
254
203
160
139
145
186
259
351
445
537
611
646
645
614
562
501
444
403
385
400
446
504
572
637
684
703
689
644
568
468
353
236
123
21
-65
-140
-199
-248
-295
-342
-390
-441
-498
-565
-628
-687
-739
-767
-777
-757
-703
-618
-499
-354
-192
-32
119
232
312
344
320
248
131
-11
-168
-324
-456
-548
-596
-592
-529
-411
-246
-54
145
346
536
700
815
897
936
929
886
804
689
562
422
277
147
33
-51
-100
-125
-123
-96
-55
-9
41
85
116
128
128
123
104
75
43
4
-36
-88
-141
-196
-266
-337
-412
-488
-562
-627
-684
-720
-726
-707
-660
-586
-486
-367
-239
-117
-7
84
147
173
168
135
72
-11
-104
-195
-270
-327
-361
-365
-333
-264
-172
-61
62
189
303
402
483
533
551
539
506
458
400
347
301
264
243
241
244
250
257
260
249
225
190
146
104
74
60
66
95
146
212
289
366
431
467
471
431
355
256
131
-3
-134
-254
-359
-438
-497
-540
-561
-571
-571
-564
-544
-520
-492
-452
-404
-347
-291
-232
-172
-119
-77
-39
-11
10
24
23
11
-14
-45
-89
-143
-199
-256
-308
-343
-354
-343
-308
-240
-147
-36
95
230
362
489
596
682
741
772
771
740
680
605
514
411
301
196
103
26
-33
-66
-69
-45
-7
52
120
183
244
290
309
310
284
238
181
107
28
-49
-123
-180
-222
-260
-295
-326
-360
-410
-468
-539
-616
-691
-764
-822
-852
-854
-827
-763
-672
-571
-462
-356
-258
-182
-138
-128
-151
-198
-258
-320
-373
-406
-402
-352
-253
-113
58
247
429
596
726
815
849
833
781
702
623
558
512
488
500
535
581
636
674
685
672
634
572
497
418
351
304
273
272
298
339
387
427
456
465
447
398
319
216
93
-56
-216
-374
-531
-680
-810
-924
-1007
-1046
-1047
-1015
-938
-816
-700
-580
-454
-342
-253
-174
-127
-105
-96
-97
-88
-82
-79
-69
-63
-62
-66
-85
-131
-188
-257
-336
-400
-447
-465
-441
-376
-271
-133
24
191
351
491
595
655
682
671
626
553
451
336
235
137
55
-13
-61
-85
-86
-63
-31
16
70
125
182
225
260
285
283
272
254
222
185
141
93
45
4
-33
-65
-89
-112
-134
-152
-171
-189
-202
-211
-213
-211
-207
-185
-153
-116
-82
-36
8
42
74
90
92
79
60
30
-13
-66
-123
-180
-228
-267
-285
-284
-256
-202
-132
-43
43
126
197
243
266
253
209
149
79
4
-59
-115
-150
-164
-162
-146
-124
-99
-83
-78
-77
-78
-79
-66
-43
-6
47
110
178
249
310
355
380
382
362
318
252
171
86
-6
-99
-183
-247
-299
-331
-335
-324
-287
-227
-149
-71
4
77
133
178
207
225
237
247
263
279
297
317
332
342
331
297
243
170
71
-44
-162
-280
-379
-455
-495
-490
-444
-357
-242
-110
19
140
236
293
315
298
242
157
58
-51
-152
-240
-310
-354
-374
-371
-352
-315
-268
-218
-164
-108
-64
-21
23
56
87
115
134
135
133
117
83
50
5
-41
-80
-124
-161
-182
-194
-195
-186
-160
-125
-85
-35
19
77
134
187
246
306
361
401
426
434
423
386
329
247
153
56
-37
-116
-177
-207
-206
-170
-101
-17
79
174
250
312
354
362
346
303
246
184
118
65
26
-2
-17
-23
-16
-11
-6
-3
-8
-18
-26
-35
-43
-43
-36
-21
1
24
50
74
89
88
77
56
24
-23
-90
-175
-265
-353
-445
-528
-601
-654
-681
-691
-670
-626
-565
-486
-403
-317
-239
-174
-125
-88
-54
-30
-8
22
53
96
146
198
244
281
306
307
289
256
209
147
86
33
-6
-18
-6
37
107
190
286
384
463
525
564
575
558
516
456
386
311
240
174
114
60
19
-20
-53
-78
-93
-103
-107
-108
-97
-79
-52
-27
-10
2
2
-8
-39
-82
-133
-194
-253
-309
-356
-387
-406
-410
-400
-374
-337
-299
-261
-222
-188
-155
-128
-102
-73
-53
-25
5
37
67
91
111
120
121
107
84
55
21
-8
-30
-31
-19
11
59
122
190
258
324
370
398
403
383
346
294
230
161
98
46
4
-25
-36
-37
-34
-26
-16
-13
-18
-33
-54
-75
-98
-117
-132
-137
-138
-131
-113
-101
-85
-80
-72
-80
-94
-112
-138
-165
-198
-228
-257
-281
-295
-299
-282
-261
-227
-174
-122
-67
-16
26
63
93
114
130
140
152
166
181
197
217
227
239
246
244
242
225
196
170
138
107
76
47
27
19
20
30
47
68
90
111
131
144
146
133
113
89
52
15
-19
-52
-82
-106
-126
-143
-151
-155
-164
-171
-178
-179
-169
-159
-151
-135
-110
-91
-61
-38
-24
-9
-6
-11
-25
-43
-67
-87
-106
-120
-121
-113
-95
-71
-38
-5
21
52
81
105
119
124
124
123
120
113
100
79
65
47
30
10
-6
-18
-26
-30
-35
-28
-18
-3
14
33
53
70
75
81
88
82
70
57
34
14
4
-14
-26
-32
-38
-37
-36
-32
-28
-23
-19
-12
-4
2
6
10
14
14
16
7
-3
-7
-22
-29
-37
-45
-45
-45
-35
-35
-37
-39
-46
-55
-68
-80
-92
-98
-94
-83
-66
-43
-20
3
31
49
59
60
56
50
37
26
20
20
24
30
41
55
70
72
67
64
56
39
21
8
-9
-16
-21
-11
2
21
42
57
75
89
99
96
82
68
48
25
3
-13
-32
-46
-51
-54
-49
-44
-43
-42
-41
-42
-42
-42
-45
-44
-45
-48
-44
-41
-39
-35
-29
-32
-34
-37
-43
-48
-55
-60
-63
-67
-71
-70
-64
-60
-47
-32
-19
3
19
33
50
58
65
71
69
60
51
35
22
11
-11
-18
-22
-26
-13
-8
7
28
44
63
83
95
104
110
107
102
92
81
69
53
41
32
20
16
11
4
4
3
-1
0
5
1
1
-2
-6
0
-1
-1
2
-1
-7
-12
-15
-26
-36
-42
-51
-57
-60
-66
-68
-68
-71
-68
-67
-70
-66
-65
-66
-61
-60
-57
-52
-41
-36
-29
-18
-4
10
23
30
39
46
50
52
51
50
50
44
35
28
22
14
12
8
2
-7
-12
-10
-8
-2
2
10
19
34
43
46
51
46
40
30
20
17
5
-7
-13
-16
-20
-23
-22
-23
-21
-24
-24
-22
-20
-15
-11
-6
-3
6
11
11
13
15
19
15
10
5
-4
-10
-12
-14
-16
-16
-18
-10
-4
-2
6
6
14
24
25
33
35
35
35
33
29
22
15
5
-9
-19
-32
-37
-37
-42
-41
-38
-34
-27
-21
-9
3
9
15
21
26
27
25
28
23
17
8
-4
-12
-18
-27
-33
-36
-40
-40
-39
-40
-33
-24
-18
-8
1
9
17
17
17
18
13
9
3
-3
-4
-11
-11
-10
-16
-14
-13
-9
-4
-6
-5
-6
-10
-10
-13
-9
-4
5
12
14
28
37
42
52
55
58
63
61
63
64
62
59
53
42
31
21
12
-1
-15
-24
-31
-33
-30
-26
-20
-13
-5
3
10
16
20
24
23
16
12
2
-5
-17
-27
-31
-38
-43
-44
-46
-46
-43
-40
-37
-40
-33
-32
-31
-28
-31
-22
-17
-14
-11
-10
-8
-10
-10
-11
-17
-17
-17
-15
-16
-15
-9
-10
-4
-1
3
9
10
20
27
29
31
31
29
28
33
35
30
34
32
32
31
23
21
10
9
8
5
7
5
0
2
5
8
15
14
21
26
20
20
18
15
15
9
2
-4
-10
-11
-18
-23
-25
-27
-30
-26
-22
-17
-7
-2
3
6
6
2
0
1
-4
-11
-13
-16
-24
-27
-22
-16
-15
-13
-8
-3
-3
1
4
3
3
-1
-5
-1
1
1
3
5
6
8
7
6
10
9
6
12
10
13
13
14
19
18
19
19
19
13
6
1
-2
-4
-4
-7
-10
-11
-8
2
5
14
14
10
10
5
0
-8
-15
-20
-22
-25
-26
-22
-20
-18
-14
-12
-15
-16
-16
-16
-10
-11
-12
-6
-4
-3
3
5
3
0
1
-2
-7
-6
-4
-4
0
0
2
8
12
16
17
18
20
19
15
16
14
13
10
8
12
10
10
17
19
16
13
9
8
5
4
1
-3
-4
-3
3
5
6
6
2
3
3
2
1
-1
-3
-2
-3
-4
-5
-7
-9
-7
-10
-11
-14
-16
-14
-15
-11
-8
-6
-2
-3
-3
-4
-2
-1
-3
0
-1
-2
-2
-2
0
-1
-2
-3
-6
-5
-5
-7
-8
-6
-4
-1
0
2
6
6
6
10
16
12
11
5
1
3
0
5
6
8
11
11
13
11
8
7
3
-1
-7
-11
-15
-20
-22
-21
-19
-14
-12
-12
-10
-6
-2
1
7
4
1
4
1
-2
0
-2
-4
-4
-6
-6
-3
-3
-6
-7
-6
-1
3
4
7
10
16
19
22
24
24
24
20
16
14
12
12
9
7
6
3
3
6
6
6
2
5
3
-1
-1
-3
-5
-3
-4
-3
0
0
1
2
-2
-2
-5
-10
-10
-13
-15
-13
-9
-5
-2
4
4
3
2
-3
-2
0
-4
-7
-4
-8
-11
-8
-9
-9
-9
-10
-6
-7
-9
-5
-7
-7
-8
-8
-9
-10
-7
-7
-8
-2
-2
-5
-3
-5
-5
-5
-6
-7
-9
-6
-5
-4
2
0
-3
0
-1
1
1
0
3
6
8
9
9
14
14
17
17
18
15
17
14
9
13
10
12
15
12
11
15
14
13
14
11
6
8
4
1
2
0
4
5
8
8
6
7
6
6
4
3
4
5
7
5
6
8
5
4
0
-5
-4
-10
-12
-15
-14
-14
-15
-13
-8
-9
-9
-7
-8
-6
-6
-11
-13
-17
-15
-9
-13
-17
-15
-12
-9
-7
-6
-7
-11
-13
-14
-18
-19
-18
-13
-8
-5
-3
0
1
-2
-7
-9
-11
-11
-13
-12
-12
-12
-4
-1
4
11
11
12
14
12
11
11
11
7
6
9
10
16
15
16
19
22
23
22
17
17
16
12
14
14
17
19
21
22
23
25
18
17
14
10
8
6
6
10
10
9
8
4
3
-1
-3
-3
-5
-4
-6
-5
-3
-2
-2
-1
-4
-7
-8
-8
-10
-14
-15
-14
-15
-17
-19
-22
-21
-18
-25
-23
-21
-25
-27
-29
-32
-30
-32
-35
-34
-35
-28
-26
-22
-22
-21
-18
-18
-14
-12
-11
-12
-7
-1
3
4
11
16
16
17
22
23
21
22
25
27
26
29
32
35
40
46
51
50
48
45
46
47
45
36
33
32
30
29
26
22
24
24
22
17
11
10
7
3
0
-4
-9
-10
-12
-14
-18
-22
-29
-36
-40
-45
-52
-55
-57
-58
-51
-45
-42
-38
-38
-37
-31
-33
-29
-27
-28
-30
-29
-23
-23
-18
-16
-18
-14
-13
-10
-9
-7
-4
-3
-2
-1
3
9
15
22
22
22
23
20
22
29
29
27
29
28
27
23
24
21
21
23
22
29
35
34
35
38
36
36
29
28
27
20
16
16
14
16
15
10
12
11
7
5
5
4
-3
-7
-7
-7
-7
-12
-17
-22
-26
-26
-28
-29
-27
-30
-30
-28
-30
-28
-28
-31
-28
-24
-27
-28
-27
-29
-28
-27
-24
-26
-23
-15
-16
-10
-4
3
3
3
7
6
8
6
8
13
18
20
18
22
23
23
22
17
17
14
12
9
11
13
15
17
16
15
13
15
11
7
6
5
8
9
6
10
8
5
5
3
2
1
-4
-10
-14
-17
-16
-13
-10
-10
-7
-6
-3
1
4
3
7
5
1
-1
-4
-4
-4
-4
-2
-2
-2
-4
-9
-9
-11
-12
-12
-11
-8
-6
-2
1
1
6
6
4
6
4
-4
-7
-9
-12
-10
-12
-10
-8
-7
2
4
5
9
12
14
14
14
10
6
5
6
9
6
4
4
2
1
1
-1
0
1
4
2
4
10
8
10
10
5
2
-5
-6
-9
-11
-11
-11
-9
-6
-3
0
4
5
8
8
7
8
8
7
6
4
0
0
-1
1
0
1
0
-2
-4
-8
-6
-8
-9
-9
-7
-6
-5
-2
1
3
3
7
3
-2
-1
-2
-8
-13
-7
-5
-1
-3
-4
2
-2
-1
-2
-2
-1
-3
-2
0
1
0
6
6
3
4
2
2
1
-2
-1
-4
-10
-11
-14
-16
-12
-13
-10
-8
-4
-2
1
2
0
2
2
1
2
3
5
4
3
5
3
-1
-1
0
-1
2
9
13
14
17
20
22
22
24
25
22
19
16
14
12
10
6
1
2
2
6
9
6
5
8
6
1
3
1
-3
-5
-4
-3
-4
-5
-4
-1
-7
-11
-13
-18
-18
-20
-23
-23
-20
-18
-21
-20
-17
-18
-14
-15
-16
-13
-14
-12
-13
-13
-15
-16
-15
-14
-12
-14
-10
-10
-4
6
5
4
5
10
12
13
12
12
14
11
11
11
9
10
10
15
15
17
20
18
23
24
26
28
27
28
24
24
20
21
20
16
14
11
8
7
9
8
9
11
8
6
1
-1
-5
-10
-12
-12
-11
-13
-13
-15
-15
-16
-19
-20
-20
-21
-24
-26
-26
-26
-26
-26
-19
-15
-14
-13
-12
-11
-14
-15
-14
-19
-21
-21
-19
-19
-18
-11
-8
-8
-4
-3
-1
4
4
2
0
4
6
9
9
9
17
15
13
16
14
14
15
12
14
13
10
15
16
15
19
24
27
27
29
31
30
29
28
25
24
16
16
15
11
12
14
12
9
6
2
3
3
1
-3
-4
-4
0
0
-4
-4
-11
-15
-18
-20
-23
-29
-31
-33
-29
-24
-24
-20
-23
-24
-21
-24
-22
-21
-21
-20
-19
-13
-11
-9
-6
-10
-12
-9
-10
-9
-7
-6
-7
-6
-2
2
5
3
5
7
10
10
6
6
7
5
5
9
9
15
14
12
14
14
16
16
17
17
15
17
17
19
19
18
17
17
20
19
17
14
15
10
3
2
2
-1
-3
-4
-3
-2
-5
-3
-3
-4
-2
-4
-2
-7
-9
-11
-18
-17
-19
-18
-19
-22
-21
-19
-19
-17
-17
-15
-10
-9
-2
-2
5
6
2
7
7
5
8
12
8
4
10
9
7
13
10
6
5
8
8
9
11
8
10
10
9
10
8
7
1
-4
-6
-8
-9
-11
-10
-14
-16
-12
-10
-8
-7
-8
-10
-9
-7
-8
-11
-9
-9
-10
-15
-13
-12
-10
-7
-6
-6
-6
-2
-3
-1
0
-2
3
5
8
9
7
8
5
8
12
11
11
9
11
17
17
17
17
17
13
12
12
11
11
9
10
10
9
8
10
10
11
16
16
10
7
6
2
-1
-4
-8
-10
-7
-9
-6
-5
-10
-10
-4
-4
-2
-5
-10
-11
-13
-12
-14
-18
-19
-20
-26
-26
-22
-24
-18
-15
-13
-7
-2
1
-1
3
3
1
5
5
5
5
4
4
3
3
3
3
0
0
-1
-5
-2
-1
2
5
7
8
7
12
12
11
6
4
3
-5
-9
-11
-8
-4
-4
-2
-4
2
2
6
10
10
14
13
12
14
12
12
11
7
6
7
4
5
10
8
4
5
6
4
8
7
5
7
2
1
4
0
-2
-2
-1
-2
-6
-5
-6
-6
-8
