SAMPLES:	14141
BITSPERSAMPLE:	16
CHANNELS:	1
SAMPLERATE:	16000
NORMALIZED:	FALSE
-8
-9
-3
0
4
4
5
6
8
9
4
3
2
-1
-1
-7
-7
-4
-4
-2
0
0
2
4
5
7
8
10
8
6
4
0
-3
-4
-3
-2
1
0
-1
3
5
5
2
1
4
-3
-3
-2
-2
2
1
2
4
7
7
8
8
6
7
4
-1
-1
4
3
3
5
4
6
9
9
3
4
-2
-8
-6
-6
-10
-12
-11
-10
-9
-10
-10
-8
-5
-4
-4
-4
-6
-4
-6
-6
-6
-7
-4
-1
-2
-2
1
-2
-4
-5
-4
2
4
8
10
14
12
13
14
11
14
10
8
9
10
3
1
0
-2
-1
0
2
5
6
5
8
9
9
8
5
2
1
2
1
-4
-9
-9
-10
-12
-11
-11
-14
-16
-16
-13
-12
-10
-9
-11
-9
-8
-16
-18
-15
-15
-16
-17
-15
-14
-11
-10
-8
-4
-6
-2
5
6
8
6
10
10
7
9
7
7
11
17
17
19
25
24
28
29
24
26
27
23
17
15
13
12
13
11
8
7
6
6
10
11
9
12
10
8
7
2
2
1
-1
-5
-9
-9
-13
-15
-14
-17
-19
-23
-28
-25
-23
-22
-22
-25
-20
-17
-19
-20
-20
-15
-20
-21
-18
-20
-16
-18
-19
-15
-9
-7
-9
-4
-4
-4
-1
4
5
5
8
4
1
4
5
7
11
10
10
9
9
11
16
14
14
15
14
12
13
13
13
12
11
14
13
11
12
12
14
16
15
12
15
17
12
11
14
11
7
8
7
2
4
4
0
0
-1
0
-3
-3
-2
-1
-3
-6
-6
-5
-4
-2
-2
-1
-3
-4
-6
-9
-7
-10
-12
-16
-19
-19
-20
-19
-17
-15
-16
-14
-10
-6
-6
-7
-11
-13
-11
-13
-15
-16
-17
-12
-11
-8
-5
-4
-3
-3
2
4
2
2
0
-1
5
1
-1
5
3
6
8
11
14
14
16
15
14
16
17
18
18
19
16
17
19
16
12
11
12
9
9
7
5
4
2
3
6
4
1
4
6
5
5
2
0
-5
-8
-8
-11
-14
-14
-12
-14
-10
-8
-10
-8
-5
-7
-9
-7
-8
-10
-10
-12
-15
-18
-17
-18
-16
-17
-16
-10
-7
-3
2
-1
3
3
4
5
4
3
3
3
4
6
5
9
11
14
12
13
17
11
13
11
8
9
7
5
5
5
6
3
7
7
4
6
5
3
-4
-4
-9
-9
-8
-10
-8
-8
-5
-5
-5
-2
-3
-3
-8
-7
-5
-6
-3
-3
-3
-1
1
5
5
10
15
12
15
15
13
15
10
4
2
3
2
1
2
1
2
3
3
5
-1
-3
0
-3
-6
-8
-11
-9
-11
-12
-11
-17
-16
-19
-23
-22
-19
-19
-17
-15
-15
-13
-12
-7
-11
-13
-11
-12
-9
-8
-5
-8
-5
-2
1
7
7
12
12
13
18
20
20
17
21
20
20
24
24
24
23
22
22
16
13
16
12
13
14
11
15
14
13
8
9
10
8
4
0
-2
-3
-6
-11
-10
-11
-12
-8
-7
-9
-8
-7
-8
-9
-12
-14
-8
-13
-12
-10
-13
-10
-8
-7
-12
-15
-14
-15
-10
-12
-12
-11
-6
-7
-6
-2
-3
-3
-5
-7
-6
-9
-12
-9
-8
-6
-6
-4
1
1
4
8
6
8
10
11
10
10
8
6
6
0
0
0
-2
-1
0
2
8
12
9
7
8
5
6
5
6
5
5
6
3
4
2
3
5
9
13
12
16
16
15
11
10
8
7
9
8
7
6
5
3
2
3
2
4
2
0
4
-1
-3
-3
-5
-4
-5
-10
-12
-15
-14
-16
-15
-14
-19
-16
-11
-12
-15
-14
-15
-17
-19
-20
-16
-14
-14
-11
-10
-5
-6
-6
-6
-9
-5
-4
-5
-1
0
4
5
7
11
9
7
7
9
13
14
12
13
15
16
15
9
4
7
6
5
6
11
12
14
17
15
17
18
13
12
13
5
1
1
-6
-4
-1
-2
1
4
5
7
8
7
7
7
4
6
6
3
0
-6
-9
-12
-16
-17
-21
-19
-17
-17
-13
-11
-10
-9
-12
-16
-17
-16
-17
-14
-13
-16
-15
-14
-13
-9
-8
-8
-5
-2
1
1
1
5
7
7
9
11
11
9
13
14
8
10
9
6
8
7
7
8
11
11
7
8
12
8
6
5
6
3
0
-5
-9
-8
-12
-14
-11
-7
-7
-3
-1
1
5
3
5
8
4
3
3
2
2
1
3
6
4
4
6
8
9
10
9
9
11
11
7
6
4
3
3
6
6
2
0
-1
-2
-2
-3
-1
0
-2
-1
-2
-3
-6
-8
-9
-9
-6
-8
-9
-6
-9
-12
-11
-12
-10
-12
-16
-12
-11
-11
-5
-6
-7
-5
-6
-7
-8
-8
-10
-11
-14
-14
-12
-9
-6
-3
2
-1
2
5
4
2
6
7
4
10
7
5
11
10
11
11
11
12
13
11
12
13
12
12
12
12
13
15
15
15
7
5
4
7
5
2
1
4
3
-2
0
1
0
-3
-4
-5
-4
-6
-8
-8
-10
-7
-6
-7
-6
-6
-8
-12
-8
-5
-5
-3
-1
0
-2
1
2
3
4
2
1
0
1
1
0
-1
-3
0
1
3
3
1
4
6
3
0
-1
-1
-2
0
-3
0
3
-1
-3
-3
-2
-5
-5
-3
-6
-5
-1
-3
-4
-6
-6
-1
-5
-4
-4
-4
-5
-8
-5
-6
-6
-4
-5
-5
-9
-9
-9
-7
-5
-1
3
4
2
1
2
-3
-5
-3
-5
-1
3
1
3
3
4
9
13
11
10
13
13
14
18
13
13
16
14
9
6
5
6
6
7
6
9
11
13
12
10
12
9
7
5
1
-2
-5
-3
-3
-5
-8
-8
-6
-5
-5
-7
-7
-8
-7
-10
-10
-9
-14
-10
-12
-12
-11
-14
-11
-14
-15
-12
-9
-7
-7
-6
-5
-4
-3
1
0
1
-3
-4
0
-1
-1
2
5
2
1
4
4
1
3
0
2
4
4
12
10
7
8
7
7
2
1
1
-3
-2
-2
3
1
-1
0
2
6
4
5
8
8
7
5
3
-2
-1
-3
-6
-3
-4
-5
-1
0
2
5
4
5
1
0
0
1
0
-1
4
2
2
5
1
0
-3
-5
-2
-1
0
4
6
2
2
1
0
-2
-7
-8
-3
-4
-5
-5
-6
-6
-7
-5
-6
-4
-2
-5
-3
-6
-6
-6
-8
-8
-8
-8
-7
-8
-7
-4
-4
-4
-3
1
-1
1
4
6
6
5
10
14
16
13
10
11
8
6
9
9
7
9
8
10
9
12
18
17
18
17
16
14
10
10
8
3
4
7
4
2
3
-2
-6
-8
-10
-17
-17
-18
-22
-17
-16
-15
-17
-19
-18
-17
-19
-19
-21
-22
-24
-25
-20
-16
-15
-14
-13
-7
-6
-2
-4
-5
-2
-3
-1
-3
-5
-3
-4
-1
3
5
7
9
10
12
14
13
19
19
24
24
18
20
15
17
15
10
11
11
11
14
16
14
17
19
14
15
11
9
12
7
3
2
2
2
2
2
3
5
4
-1
-3
-5
-5
-3
-4
-6
-6
-5
-8
-6
-5
-10
-10
-11
-12
-12
-11
-8
-12
-8
-6
-8
-6
-6
-8
-6
-6
-9
-11
-9
-13
-12
-13
-14
-14
-18
-16
-16
-13
-9
-7
-6
-6
-7
-7
-3
-4
-1
1
0
1
-1
-6
-1
2
6
0
1
7
6
9
11
14
18
20
23
23
25
23
21
18
12
11
9
6
7
7
5
6
10
8
9
6
4
7
3
3
1
2
0
-1
1
-2
-5
-8
-8
-11
-13
-13
-13
-13
-12
-7
-6
-5
-2
-1
-1
-4
-4
-5
-5
-6
-8
-10
-11
-13
-12
-8
-8
-7
-2
-2
-1
-3
1
3
1
7
5
6
6
5
5
6
3
4
9
8
7
8
5
7
7
8
11
8
6
7
6
2
-3
-1
-1
0
1
0
-3
-4
-2
-1
-1
-2
-4
-2
-4
0
4
5
9
5
0
0
-2
-6
-8
-9
-7
-3
-4
-2
-3
-3
-1
-2
-2
-1
-3
-6
-6
-6
-6
-6
-6
-7
-7
-6
-7
-4
-1
-1
-1
0
2
5
3
-1
2
4
3
0
-1
2
0
2
3
4
6
5
2
-1
2
2
5
9
11
10
4
3
3
2
-4
-5
-6
-10
-10
-9
-12
-9
-2
-3
-1
3
1
0
-3
-4
-7
-8
-6
-5
-3
-2
1
2
8
6
6
8
6
7
13
13
11
13
13
15
15
14
16
15
12
13
11
6
5
9
12
7
5
7
6
6
5
5
8
3
2
0
-3
0
-5
-9
-11
-16
-17
-20
-18
-15
-14
-15
-12
-7
-14
-18
-17
-18
-18
-21
-19
-19
-19
-18
-21
-19
-17
-17
-12
-9
-4
-5
-5
-2
-2
0
0
-2
-4
-2
3
1
1
1
3
2
2
7
4
5
11
6
8
12
13
15
13
12
12
14
11
9
12
7
5
7
7
9
8
11
16
16
16
17
20
20
20
18
15
15
11
13
14
9
11
10
12
10
12
11
5
6
4
5
4
1
-1
-6
-6
-10
-12
-13
-18
-18
-22
-22
-20
-20
-19
-17
-16
-18
-13
-16
-19
-16
-18
-18
-17
-19
-20
-22
-20
-20
-21
-20
-20
-16
-15
-10
-9
-9
-2
2
5
7
6
8
13
12
12
7
6
4
3
8
7
11
15
15
17
17
16
14
14
12
14
14
11
12
15
15
14
15
13
12
11
9
8
8
5
2
0
2
2
2
2
2
1
-1
-1
-6
-8
-11
-10
-9
-7
-7
-10
-10
-6
-6
-5
-1
-3
-6
-4
-5
-9
-10
-14
-13
-15
-18
-20
-17
-17
-11
-10
-10
-8
-6
1
0
4
8
6
7
5
5
9
2
-2
2
3
3
10
14
13
17
18
18
19
18
13
14
16
15
13
11
8
5
7
6
2
4
5
8
6
1
2
2
-2
-4
-4
-4
-3
-2
-6
-8
-6
-8
-7
-7
-9
-14
-17
-16
-15
-13
-14
-12
-11
-10
-9
-15
-15
-17
-17
-15
-18
-18
-14
-12
-11
-10
-5
-6
-3
2
2
0
1
7
8
7
8
7
7
7
7
7
5
3
5
8
7
10
11
11
12
14
14
12
13
13
12
11
10
4
1
4
5
5
4
5
4
6
10
6
6
2
-1
2
-1
-2
-1
-4
-1
3
-1
-2
0
2
4
5
1
-1
5
3
3
4
1
4
5
6
5
2
-1
-4
-6
-9
-9
-7
-6
-6
-8
-9
-9
-7
-9
-9
-7
-9
-10
-12
-13
-11
-9
-7
-9
-10
-8
-7
-8
-5
-4
-6
-6
-3
-4
-3
-2
1
2
-3
-6
-5
-1
0
-2
-2
3
5
3
3
3
3
3
3
4
10
10
6
7
5
3
1
0
-1
0
0
-2
-1
1
0
2
7
8
10
7
9
7
5
4
5
7
-1
-2
0
-2
2
2
2
4
4
10
12
10
11
14
13
12
11
11
8
6
6
4
3
1
1
0
1
-2
0
-1
-4
-3
-2
-3
-2
-1
-5
-4
-8
-9
-13
-16
-13
-15
-10
-8
-9
-7
-5
-5
-1
-3
-4
-2
-6
-5
-4
-7
-8
-9
-7
-7
-7
-3
-3
-3
-5
-4
-2
-4
-3
-8
-6
-1
-1
-1
-4
-5
-2
0
0
5
3
4
7
4
-1
-2
-1
-1
3
4
6
9
8
7
8
5
4
4
5
7
7
6
9
7
8
8
9
12
11
13
9
10
6
6
10
6
5
5
2
-2
-1
-4
-3
3
3
8
8
5
8
7
2
4
3
5
1
-1
0
-2
-4
-5
-5
-4
-3
-4
-7
-8
-7
-7
-10
-7
-9
-8
-11
-12
-14
-15
-13
-13
-13
-12
-14
-18
-17
-19
-15
-13
-10
-4
-6
-1
2
-1
0
0
-3
-1
-3
-7
-5
-2
-2
1
2
4
9
12
17
13
11
14
8
12
13
11
10
9
11
8
6
6
6
8
11
10
10
9
9
10
14
10
8
9
8
4
-3
1
-2
0
-2
-3
0
0
2
2
3
1
3
-2
-1
1
1
5
-2
-6
-5
-6
-8
-10
-7
-9
-8
-6
-5
-2
-3
-2
-3
-5
-2
-6
-8
-7
-10
-10
-9
-11
-11
-12
-14
-11
-7
-9
-6
-4
-2
-1
1
2
-3
-5
-5
-7
-9
-7
-6
-3
-2
-1
-1
-3
-2
-5
-8
-4
0
1
3
3
2
7
8
5
6
5
4
6
8
11
15
18
21
24
24
22
23
25
20
19
19
17
16
14
11
6
7
6
8
8
3
4
1
2
-1
-6
-7
-3
-6
-7
-7
-8
-10
-15
-17
-19
-21
-24
-26
-26
-27
-21
-16
-13
-10
-14
-10
-6
-9
-7
-7
-11
-12
-11
-11
-10
-7
-5
-4
-2
1
2
4
4
4
4
7
10
8
11
10
10
13
8
10
11
8
6
7
4
5
10
7
6
11
11
16
10
7
6
2
4
3
-1
0
1
-2
1
1
3
6
4
4
1
1
4
3
3
3
4
4
4
-1
-3
-1
-5
-4
-3
-9
-12
-13
-14
-15
-13
-8
-5
0
0
1
1
0
0
-4
-4
-9
-10
-7
-7
-4
-2
-1
-4
-5
-5
-4
-6
-5
-3
-3
-1
2
2
3
1
-1
-3
-1
-2
0
0
-6
2
5
5
5
7
9
5
5
6
8
6
4
5
4
2
1
4
4
5
8
10
10
12
12
13
12
8
7
2
-1
2
0
-1
-2
-7
-5
-3
-4
-8
-7
-4
-4
-4
-3
-3
-4
-2
2
2
0
-6
-9
-9
-9
-7
-6
-6
-4
-1
-1
-1
-1
-1
3
3
2
3
0
-4
-3
-3
-3
0
-2
-6
-1
-1
-1
-2
-5
-2
-3
-1
2
1
4
5
2
3
1
0
0
-3
-4
-5
-4
-5
-7
-9
-7
-6
-3
0
3
2
0
6
9
7
3
3
4
2
2
1
0
0
-1
3
8
10
8
8
7
5
7
5
9
11
7
5
5
2
4
3
2
3
2
3
6
5
5
3
0
-2
-2
1
2
2
1
-2
-1
1
0
-3
-6
-8
-6
-6
-13
-9
-7
-7
-2
-1
0
-1
-7
-9
-8
-12
-14
-16
-15
-10
-6
-6
-4
-3
-4
-6
-7
-2
-2
-4
-3
-2
-2
-5
0
-3
-5
0
0
0
3
3
4
3
3
3
1
3
10
13
14
16
15
14
15
13
7
7
7
6
8
5
6
7
9
11
11
13
13
13
10
7
4
1
-4
-5
-8
-11
-14
-12
-9
-11
-13
-13
-15
-11
-9
-7
-5
-6
-5
-6
-4
-6
-6
-9
-9
-6
-9
-11
-7
-5
-1
0
4
8
9
11
9
8
6
2
0
1
2
-4
-6
-3
-3
-4
-1
4
3
2
4
4
5
8
9
5
5
3
5
4
4
5
4
3
4
2
3
1
-1
7
6
1
1
5
7
10
8
4
1
-2
-7
-10
-8
-12
-7
-6
-6
-1
-1
-3
-1
0
-1
0
-2
0
0
-2
-2
-8
-6
-11
-15
-13
-14
-10
-9
-5
-6
-2
4
4
4
3
1
-1
-1
-2
-3
-3
-4
-2
-2
-4
-6
-6
-3
1
2
-1
3
3
-1
3
1
3
6
6
5
6
8
12
13
14
14
13
15
13
12
11
10
12
10
10
11
10
8
6
7
3
1
3
2
0
-3
-4
-7
-4
-6
-8
-5
-8
-9
-8
-9
-13
-12
-10
-16
-16
-18
-24
-24
-22
-21
-22
-20
-17
-16
-14
-11
-9
-7
-4
-1
4
8
10
11
10
10
11
12
10
16
17
16
18
20
21
20
20
18
19
17
16
18
15
13
10
8
5
5
4
6
7
6
5
6
7
6
6
3
-1
-4
-4
-6
-11
-11
-14
-17
-19
-19
-20
-17
-16
-20
-14
-14
-13
-10
-13
-15
-14
-18
-18
-19
-21
-20
-21
-20
-21
-19
-20
-18
-11
-11
-6
-4
-2
-1
-2
2
1
2
5
7
8
10
10
9
16
16
17
20
19
20
21
16
15
21
20
19
19
19
17
16
19
13
15
16
13
15
17
16
14
12
11
11
10
7
9
10
8
8
8
6
0
-2
-4
-6
-4
-7
-7
-5
-6
-4
-5
-7
-8
-11
-9
-9
-8
-12
-13
-16
-19
-19
-22
-25
-22
-22
-22
-20
-19
-12
-12
-11
-9
-6
-7
-10
-5
-5
-5
-7
-11
-13
-13
-12
-12
-9
-4
-3
-1
2
5
5
0
-3
-2
-3
-4
-2
-4
-6
-1
-3
0
6
9
7
4
9
9
6
7
5
4
8
10
12
17
21
22
22
21
24
23
18
17
14
12
13
17
15
16
20
20
21
23
18
12
12
5
2
-2
-7
-6
-3
-3
-2
-5
-6
-7
-7
-9
-9
-11
-14
-8
-14
-16
-14
-20
-19
-16
-20
-20
-15
-13
-11
-11
-9
-9
-10
-5
-6
-7
-2
-5
-4
1
0
-2
-1
0
0
2
3
1
2
3
5
10
9
8
9
8
7
5
3
3
1
-2
-3
-4
-3
-3
-1
1
2
0
-2
0
-1
0
-2
-5
-2
-5
-6
-6
-7
-8
-7
-6
-7
-3
-3
-3
-2
-1
4
0
1
2
2
7
8
6
5
5
1
5
7
6
7
6
5
2
3
4
2
2
6
3
4
6
3
1
-2
-2
2
1
-3
-3
0
1
1
3
2
4
10
31
45
34
5
-13
5
32
33
5
-32
-41
-33
-24
-3
20
12
-34
-51
-16
20
21
-4
-30
-34
-19
0
0
-19
-28
-37
-43
-23
7
9
-14
-32
-11
19
29
21
10
6
2
9
15
29
27
-1
-15
4
30
28
14
7
2
4
12
26
37
24
9
17
39
43
37
29
27
14
4
18
22
7
-15
-16
-5
2
5
2
-7
-10
-12
-18
-24
-22
-19
-41
-59
-37
-9
4
2
-2
-6
-12
-23
-28
-39
-56
-78
-95
-81
-48
-33
-35
-32
-17
-2
-4
-1
-9
-29
-46
-52
-38
-21
-8
-10
-11
2
18
22
16
20
24
24
34
54
62
114
145
142
152
157
150
143
100
46
44
38
56
108
114
113
134
175
245
262
224
218
239
217
167
158
104
13
-71
-104
-65
-88
-135
-149
-173
-170
-162
-131
-180
-234
-228
-277
-317
-289
-266
-495
-655
-694
-895
-996
-1106
-1260
-1515
-1744
-1532
-1606
170
5238
8749
7928
3391
1553
4617
6122
4026
-1564
-8055
-11328
-11219
-8158
-3798
631
3534
2235
1133
3518
6749
6313
-157
-6788
-9794
-8356
-3442
1130
3341
2853
1496
1453
2629
2715
-1611
-8285
-12393
-13384
-11591
-7461
-775
5565
7259
6495
7428
10947
13385
9533
931
-6789
-9225
-7602
-6063
-5133
-4452
-3435
-1427
1922
5928
7456
5923
3050
247
-925
-315
2204
4597
4945
4688
5589
9027
12752
12550
8070
1819
-2194
-3776
-5437
-7159
-8297
-7922
-6358
-3985
-328
3935
8475
9840
6191
2921
3925
5979
3357
-1580
-2755
-2283
-2986
-2556
-701
-899
-3637
-5371
-5854
-6780
-6800
-6528
-8093
-9359
-6658
-2032
-99
1228
3842
4293
1989
1053
2265
1644
-1580
-4369
-5501
-4597
-2366
-1141
-1746
-2093
-821
-322
-978
-363
398
-1014
-3550
-3901
-2395
-2046
-1702
-3381
-1813
8469
18465
20034
11917
5991
9799
13311
12149
5374
-6578
-15803
-18694
-13955
-5348
3167
10172
9683
6766
8690
12935
13572
5292
-5494
-13615
-16991
-12442
-4644
1232
2877
1453
1164
2476
4274
1868
-5277
-11455
-15255
-15891
-13491
-6274
3263
7601
7249
7606
11486
16504
15484
6948
-5351
-14468
-16831
-16156
-14336
-13298
-12837
-10902
-6122
1952
8154
9991
9135
6582
4208
3150
5185
8467
9034
7398
6220
8344
12739
14455
11213
3996
-2818
-7072
-10240
-11795
-12307
-11769
-9602
-6463
-731
6840
14184
17823
14684
10134
9420
10508
7722
1228
-2892
-3885
-3862
-2918
-1325
-964
-3087
-5835
-7975
-9835
-10105
-9616
-10954
-12469
-9954
-4119
370
3238
5785
6611
5168
3872
4263
3403
-60
-3675
-5913
-5853
-4206
-3308
-4294
-5264
-4552
-3921
-3899
-2934
-1788
-2150
-3831
-4264
-2605
-1693
-948
-1859
-833
8479
18814
21795
15491
8990
11083
14200
12652
5315
-7477
-17886
-21655
-17790
-9493
-172
8775
11340
10357
12025
15640
16399
8550
-2787
-12192
-17410
-15003
-8780
-3088
-200
115
975
2499
4550
3038
-3248
-9016
-12616
-13755
-13252
-8600
97
5611
6812
7698
11623
17718
18813
12479
1346
-8372
-12616
-14475
-15352
-15819
-15704
-13855
-9104
-648
6541
9406
10004
9464
8421
6420
5803
7448
7767
6411
5430
7443
12175
14796
12988
7504
1943
-2291
-7296
-11963
-14938
-15889
-15155
-13027
-7585
1216
10036
15024
14594
12892
13774
14080
9422
1777
-4031
-7005
-8245
-7781
-6008
-5172
-5928
-6662
-7042
-7251
-6943
-7311
-9436
-10941
-8566
-3862
-12
2961
5237
5680
4662
4269
4663
3313
-241
-3628
-5178
-4448
-2597
-1839
-2643
-3269
-2927
-2481
-2410
-2059
-2119
-3446
-5104
-5547
-3985
-3897
-620
10389
19848
20251
11654
6968
14199
20569
17935
6489
-8162
-17064
-20321
-17340
-9071
22
5737
4588
4711
11947
20089
20358
8617
-5504
-13828
-14841
-9404
-4032
-1997
-3752
-6400
-4566
1122
5118
723
-9048
-15463
-16502
-13480
-7925
660
8283
9109
6415
7073
14048
20924
17448
4548
-8490
-12947
-10630
-9608
-11693
-15055
-16407
-13861
-7650
534
5837
7359
5984
3116
2415
5145
10627
13909
12071
8765
8526
14029
20881
21291
13610
2756
-3590
-5092
-7369
-12047
-17194
-19102
-17397
-13594
-7634
342
9001
12675
10259
9085
13770
18947
15905
6956
618
-1257
-940
-475
-1202
-5129
-11307
-15363
-16020
-14580
-13446
-14629
-16845
-15806
-9264
-1719
3526
7865
10391
8799
5027
4710
7302
6367
723
-5678
-8024
-4913
-376
631
-2336
-4753
-4958
-4866
-4407
-3093
-2987
-5662
-8271
-6880
-3638
-1458
639
1001
3276
12005
21469
26254
22697
15326
11876
9688
8469
5104
-5179
-16733
-23553
-20678
-9289
4201
13877
13705
9779
9732
12094
12294
5055
-4937
-13575
-18806
-16024
-8227
76
4354
2666
-632
-2600
-1786
-2194
-6769
-12303
-16901
-17367
-12847
-3421
7263
12306
12611
12002
13385
16147
14893
8209
-3252
-14752
-20514
-20463
-16055
-12274
-11831
-12070
-9307
-875
8886
14495
14303
9319
5347
5752
10031
14362
14490
12666
11436
12362
14713
15096
12469
5670
-3242
-11087
-16384
-16553
-14179
-12698
-12218
-10670
-4096
5349
12911
16037
14227
11740
11554
12176
10552
5692
532
-2999
-4911
-5729
-6265
-7610
-10643
-14621
-18170
-19696
-18120
-14975
-12466
-10849
-8057
-2417
5041
11476
13581
11034
7134
4602
3252
569
-3451
-6674
-8333
-7903
-5909
-3452
-1725
-1343
-2050
-3158
-3666
-3339
-3308
-4712
-6784
-7424
-6685
-4089
-1763
2602
14294
25169
27885
21861
16169
19857
22488
16910
5015
-9981
-19890
-24333
-22598
-14242
-3545
7997
13012
13483
17177
21580
21532
10895
-4485
-14982
-19504
-17484
-12466
-7940
-4433
-3329
-790
3898
7409
5277
-4177
-12440
-15451
-14942
-13332
-10222
-3450
2561
4797
7187
13048
21013
22368
13208
112
-9110
-12570
-15256
-19194
-21954
-21534
-17275
-9890
400
9886
14159
13818
11488
9898
9215
8129
6402
4287
3220
5056
10386
17690
22201
20494
13542
6393
2244
-2055
-8840
-16312
-21528
-22311
-18908
-10983
128
9100
12749
13649
16452
20621
21291
15949
6878
-1065
-5784
-7992
-8393
-8158
-8466
-11214
-14837
-14536
-11180
-10005
-12721
-15151
-13942
-10486
-5919
-363
4903
7727
7377
6075
5642
5152
2302
-3584
-8793
-9928
-7977
-6071
-4652
-2794
-1446
-1218
-1147
-308
707
-282
-3719
-7373
-9015
-8741
-7773
-6705
-5158
2925
16286
26128
27790
22566
20424
23709
23069
15740
2255
-12263
-21718
-24914
-18959
-7269
5031
12954
14449
16582
20581
22250
16753
2720
-10644
-18802
-21096
-17252
-11578
-5846
-2765
-2077
450
4240
6232
2079
-6352
-12781
-15568
-14204
-9789
-3621
2118
4055
5262
9436
16413
20579
15697
4162
-7821
-15471
-18912
-20883
-21557
-21659
-20588
-15927
-6710
5699
14801
17171
15082
12579
12152
12142
11208
9261
6674
5324
6696
11268
16101
17466
14372
8073
2102
-3153
-8141
-12184
-15849
-18574
-19399
-15434
-5092
6157
13257
15558
16930
20310
22575
20309
12603
3860
-1287
-5001
-8836
-11573
-12169
-12314
-15035
-17411
-16946
-15573
-14368
-13772
-12942
-11272
-7816
-1284
5773
10038
10181
7800
6410
6614
5300
-173
-6815
-10256
-10041
-8264
-6727
-5224
-3831
-3574
-3467
-2978
-1942
-886
-1869
-4844
-6768
-6559
-5594
-4230
-3352
3167
15547
25142
27642
23038
19597
21476
21004
15107
3470
-10398
-20856
-26202
-21984
-10247
3472
13128
15293
16928
21178
24099
20646
7694
-7690
-18365
-22368
-19651
-14019
-8800
-6182
-5339
-2632
1920
4831
1944
-4871
-10833
-14358
-14139
-9923
-3018
3462
5991
6288
8716
14775
19968
17289
6584
-5917
-14516
-19068
-21266
-21494
-21353
-21195
-18027
-9663
3140
14473
19005
16964
13122
12489
14552
15052
12465
9466
8194
9005
12218
16173
17626
14905
8233
850
-4926
-9295
-12503
-15550
-18057
-18679
-15834
-8116
3048
12848
16808
17222
19213
22281
21790
15490
7208
929
-4524
-9264
-12356
-14040
-14886
-16631
-19291
-20528
-18742
-15716
-14020
-13124
-10973
-7064
-2364
3033
7999
9797
8344
6623
5732
3477
-1073
-5883
-8708
-9202
-8770
-8156
-7067
-4575
-2416
-2290
-2572
-2043
-705
-393
-2204
-3617
-4202
-4013
-3284
-2467
-1757
-900
7153
20092
28560
27685
19815
17332
20672
20109
13218
-609
-14376
-21803
-23097
-15703
-2992
9226
14864
13849
14794
19758
22615
15588
293
-13824
-22435
-24469
-21372
-16084
-10096
-6755
-4948
-1097
5407
9970
7280
195
-7128
-11527
-12416
-10273
-4688
-89
1145
2954
8194
17053
21902
16418
3713
-9139
-16674
-20335
-22152
-22627
-22449
-20233
-13983
-1993
12122
21008
22986
20137
17227
16292
15043
13037
9784
5908
3333
3724
8723
14811
16318
11644
4616
488
-2008
-6092
-11790
-17287
-19813
-19067
-14635
-6070
3135
9882
14184
18103
22284
23384
19717
12965
5175
-2888
-10835
-16353
-18099
-18620
-20676
-23566
-23288
-17901
-11651
-8843
-8691
-8225
-5937
-2433
1463
5099
6973
6309
4211
2997
3159
2835
57
-4440
-7296
-7266
-5912
-4332
-2747
-1985
-2791
-3770
-2041
1202
2239
-28
-2901
-4265
-3677
-2723
-2100
-1066
-44
6664
17897
26073
27332
21689
17978
18785
18116
13878
2920
-10743
-20470
-23777
-17049
-5127
6449
12529
12046
13693
18654
21374
15135
624
-12663
-21051
-24397
-23958
-20710
-14381
-8906
-4947
-331
5392
10410
9418
3401
-3807
-9381
-11770
-11614
-8631
-5542
-3432
496
7464
17001
21631
16803
7309
-2064
-8920
-15998
-22986
-25075
-23311
-19310
-13220
-3775
8476
17710
21956
21743
19393
17423
15497
13178
9370
5224
3571
5424
10425
14691
15517
13526
10384
7172
1473
-6067
-12747
-18123
-21527
-23148
-20323
-12136
-2065
7513
14712
20310
24471
25155
22330
15959
7025
-2855
-12061
-17822
-20416
-21887
-23184
-22885
-19065
-13408
-9348
-7872
-7290
-6596
-6488
-6401
-5123
-2197
601
1392
1318
2062
4621
6647
4837
903
-2157
-3007
-2445
-2448
-3235
-4653
-5494
-4680
-2217
495
949
-386
-2359
-3419
-3292
-3247
-3238
-2922
-2889
-1453
8110
22697
31197
28836
21450
20664
25170
24150
15295
869
-12884
-21178
-23802
-18582
-7358
4093
9389
8750
10259
15799
18527
11529
-2741
-15812
-24007
-26574
-23487
-16412
-8360
-2790
829
5735
11946
14806
10536
2276
-6353
-14105
-20009
-21060
-15475
-8477
-4751
-1709
5504
16188
22309
18774
8859
-847
-7992
-14179
-18157
-18590
-16918
-14590
-10429
-1213
10307
18141
20535
18866
16808
15443
14028
12408
9173
5086
2968
4738
9587
13657
14533
13300
11028
6803
196
-6240
-10634
-14085
-18455
-21684
-18848
-9587
1708
9622
13473
16941
20920
22796
19967
12305
2077
-7854
-15497
-20549
-23345
-24244
-22881
-19994
-16484
-11852
-7726
-5744
-5770
-6325
-6173
-5731
-4008
-1551
-49
602
805
2244
4130
4247
2453
-901
-3166
-3157
-3075
-3795
-4679
-4380
-3239
-1342
1350
3148
3016
1200
-683
-1130
-1342
-1985
-3522
-4724
-3369
-516
8784
21566
28456
27012
20701
21302
26919
24831
15979
2193
-11270
-19478
-23671
-18884
-7417
4749
10806
8439
8471
13985
17848
11304
-5492
-20382
-28593
-29827
-24630
-16622
-7137
26
4293
9235
14897
18139
13911
3878
-7274
-17655
-24573
-25231
-18443
-9983
-6312
-3975
3014
14982
24304
23726
14366
2395
-6672
-12148
-14845
-15590
-15784
-15156
-12108
-4602
6167
14981
19487
19989
17968
14829
11903
10578
9592
7536
4642
3113
5869
12059
17725
19112
15002
8186
1354
-4380
-9213
-14789
-21006
-25004
-23351
-15188
-3840
6643
14606
19806
22641
22506
18760
11993
3373
-6519
-17069
-24489
-25596
-22254
-18382
-15578
-11996
-7359
-4663
-4875
-6681
-7976
-8406
-9544
-10397
-8973
-5186
-394
3289
5856
7416
7176
5972
4612
2882
20
-3425
-5364
-4962
-2930
-1333
-517
713
1523
1091
-889
-3248
-4183
-5308
-6744
-7498
-5746
-2301
2829
14983
27120
31895
29056
24300
27126
29140
22195
9832
-5550
-16954
-24028
-26957
-20545
-8165
4307
8123
6352
9537
15682
16504
5287
-10070
-20396
-25231
-23994
-18258
-8865
558
5496
8537
11327
14372
13298
5233
-4954
-15963
-24446
-27733
-23769
-13818
-7189
-4753
-339
10042
23303
28647
23821
13886
4720
-2057
-9449
-14477
-15678
-15433
-14975
-13577
-6917
2939
11140
15913
16061
14509
13239
13623
14915
13287
9680
6794
7793
12589
16654
17790
15256
10852
5370
-1852
-8558
-14625
-20771
-26553
-28896
-24460
-15060
-3693
6511
14295
19975
22949
23546
20169
12161
1923
-8758
-16758
-20550
-21209
-20615
-19683
-17100
-13631
-11474
-10758
-9943
-8231
-7563
-8892
-9784
-7616
-2470
2518
4704
5374
6912
8915
9746
8936
6687
3802
293
-2827
-3605
-2852
-2377
-2984
-3708
-3237
-2297
-2009
-2959
-4094
-4741
-5215
-4862
-3493
-435
1982
6955
18650
29143
32628
28417
24262
26524
24501
15314
1912
-12114
-20870
-26924
-27627
-20242
-7012
5412
7948
6862
9751
14216
12773
999
-11366
-18740
-21647
-19165
-12421
-2910
4365
7280
8647
10418
11627
6844
-2782
-12040
-19424
-24027
-25636
-20688
-11202
-4859
-1331
4368
15298
25600
27243
21434
12805
5727
-1085
-8512
-12584
-13819
-14033
-14352
-12187
-4349
3992
9325
11692
12365
12991
12675
12818
13268
12114
9960
8243
9612
13752
17480
17428
12845
7246
2135
-3015
-9219
-16721
-23361
-27216
-26444
-20742
-12017
-1881
7701
15008
19154
20615
19657
15650
8781
34
-8670
-15285
-18616
-18859
-18321
-18076
-17415
-16005
-13943
-12055
-10486
-8824
-7128
-5601
-4113
-1537
2359
5710
6919
6411
6086
6139
5451
3987
2285
619
-620
-1099
-411
1279
2084
812
-1223
-2712
-4153
-6412
-8437
-8558
-7251
-5720
-3767
-872
3673
13275
25421
31484
29562
24508
23528
25272
21576
12151
-1203
-14263
-22107
-25257
-23269
-16796
-7038
1264
3917
6686
11703
14719
10506
-620
-9854
-14818
-16314
-13898
-9218
-3059
1062
2589
4668
7353
7548
962
-8782
-15481
-18687
-19552
-18902
-14708
-8500
-3897
1273
8879
18753
25644
24256
18383
12275
6960
787
-6828
-11686
-13717
-15270
-15160
-10809
-2982
3025
5399
6732
9327
12420
13827
14273
13956
12968
12375
12824
15427
18025
17962
15396
11652
8003
2879
-4112
-11327
-18528
-24895
-29062
-28652
-22534
-13884
-5267
3309
12017
19531
22814
20983
16683
11519
4311
-4602
-12238
-16655
-18764
-20682
-22093
-21221
-18430
-15704
-14432
-13818
-11897
-8305
-4523
-1397
1688
4267
5541
6557
7800
8581
7539
4327
1623
650
195
-151
-34
1134
2546
2615
1503
694
27
-2723
-7336
-10820
-11363
-9217
-6158
-3636
-545
2610
7221
18287
29697
32254
26133
18199
18359
21380
16534
5982
-6488
-15480
-19338
-20557
-16882
-9071
-1137
1676
354
2800
8846
11183
4347
-6440
-12355
-13609
-11743
-7483
-2390
1658
2690
2964
4972
7213
4811
-3361
-11403
-16017
-17827
-18435
-16816
-11059
-5441
-1964
2706
11172
21373
25471
21330
13878
7753
4012
-937
-7200
-12236
-15360
-15591
-12275
-5702
632
3906
5320
6845
9493
11460
12301
12568
11576
10568
10087
11190
14275
16539
16009
12291
7688
4041
-51
-5867
-13394
-20366
-24644
-25683
-22798
-16585
-8697
-736
6443
12682
17309
19100
17700
13794
7414
-547
-7760
-12696
-15134
-16987
-19458
-20856
-19571
-15900
-12637
-11400
-10644
-8383
-4073
85
2958
5185
6240
6603
6657
6488
6309
4393
1076
-1203
-1697
-843
269
1682
3564
4675
4162
2813
1597
-505
-4418
-9135
-12047
-10985
-7883
-4939
-2174
1313
6062
10274
16592
25021
28226
24086
16536
13515
15274
12533
5190
-3439
-11253
-16152
-19379
-17926
-10741
-2843
963
-168
366
6010
10500
7642
-640
-7090
-9334
-9474
-8044
-4890
-1128
742
428
631
2638
3754
481
-5886
-11827
-15767
-17513
-16686
-12426
-6605
-1954
2944
10542
19830
26115
25517
19493
12362
5975
-843
-8179
-14108
-17113
-17361
-15742
-11729
-5196
1823
6898
9149
10381
12384
14282
14401
12761
11094
10519
10529
11139
12968
14638
13855
9571
3057
-2561
-7335
-13240
-19982
-25777
-27453
-24583
-18595
-9531
390
8717
14279
17534
19732
19377
15281
7771
-1061
-8562
-14269
-17507
-18511
-18280
-17578
-16527
-13934
-10744
-8192
-6489
-4918
-2510
-618
1106
3153
4651
5802
5806
5362
5066
3901
2203
-13
-1168
-113
1436
2792
3584
4115
4345
2940
126
-3371
-6767
-9688
-11266
-10327
-8215
-5175
-1215
3089
7618
10398
13848
19865
23137
20992
15555
12221
12938
11703
6500
-148
-6734
-12355
-16892
-17771
-13193
-6170
-1735
-1908
-1563
3718
9901
10477
4815
-1566
-5029
-6551
-6771
-5283
-3228
-2310
-2338
-1745
539
2686
1405
-2988
-7932
-11958
-14454
-14873
-12145
-7333
-3154
950
7642
16723
24145
26100
22644
16438
9465
1846
-5753
-11618
-15554
-18217
-19339
-17244
-11043
-3372
2834
6914
9768
12826
15592
16794
16114
14053
12023
10551
10286
11864
13241
12132
7668
1632
-3013
-7047
-12225
-18908
-25135
-27033
-24488
-18890
-10837
-1983
6233
12133
16251
19935
21137
17948
10321
844
-7205
-12796
-16019
-18061
-19249
-19265
-17809
-14539
-10499
-6473
-3585
-2434
-1648
-916
319
2032
3100
3630
3525
3598
3990
3968
3999
3612
2811
1970
1500
2477
3622
3274
1394
-1248
-3279
-4804
-6250
-7491
-7646
-6328
-4277
-1472
1453
4667
7134
7338
5924
5599
11350
18611
19201
14349
9451
10522
13654
12101
6785
-3047
-13795
-20249
-20277
-13747
-6541
-2167
-1716
-1198
5098
13092
16217
10492
297
-6791
-10309
-10521
-8871
-6738
-4772
-4604
-4135
-1035
4477
7452
3267
-4775
-11332
-13073
-11942
-10435
-7498
-3908
755
6857
14431
23211
27706
24361
14838
4216
-3137
-8666
-13800
-18527
-22324
-23805
-21248
-12633
-798
8718
13289
14851
17310
20168
20821
18057
13187
8896
5559
3706
4050
5821
6354
3013
-1872
-5259
-7371
-10531
-16005
-20401
-21046
-18590
-13717
-6615
2139
9556
13519
16319
19510
20133
15143
6417
-1846
-8078
-12989
-16803
-18897
-18999
-17817
-16049
-12625
-6970
-1341
1500
1261
858
1743
2245
2234
2372
2120
1083
-76
487
3214
5471
4989
3022
2416
3990
4959
2797
-746
-3594
-5966
-8082
-9231
-8511
-6527
-4628
-2502
795
4232
6204
6351
4850
2332
-275
-1866
98
7014
13537
14105
10957
10478
15455
18666
13341
3207
-6369
-13214
-17535
-18671
-15343
-9159
-3239
-362
2454
8872
16152
18182
10998
267
-7206
-10368
-10144
-8929
-7678
-7469
-6721
-2474
3283
8215
8461
3286
-3211
-9464
-13028
-13031
-9658
-4195
-1078
1513
8577
20009
29030
28018
18861
8544
1306
-4011
-10808
-18774
-25459
-28196
-26115
-18810
-6969
4718
13060
17807
20634
22631
22614
21042
17350
10271
1843
-3684
-3215
529
2483
750
-2757
-4491
-4622
-5864
-9350
-13663
-16226
-16173
-13953
-9878
-3826
3265
9307
13083
14538
15194
14863
11222
4513
-3822
-11612
-16619
-18847
-18750
-17445
-15066
-10425
-4226
1999
6119
6728
4711
1572
-1070
-3109
-4968
-5844
-5467
-3712
-493
3764
8272
11557
12565
11121
8048
4619
818
-3831
-8558
-11749
-12480
-11127
-8291
-4080
839
4618
6307
6383
5449
3978
1434
-1841
-4092
-4234
-2348
-639
1893
8805
17822
22677
19313
12623
9660
8456
4979
-1880
-10011
-16460
-20181
-18885
-11882
-1590
7159
10393
10517
12143
15569
14803
6460
-4184
-11516
-14475
-15337
-14152
-9352
-3362
695
2172
3607
6027
5889
1118
-6261
-11373
-12496
-11439
-7715
-1241
6430
12511
15772
18710
20898
19530
13132
2989
-6793
-14845
-21473
-25848
-26656
-23042
-16445
-8006
1927
11795
18969
21934
22439
21632
18283
12249
5576
730
-1670
-2762
-3229
-2524
-1115
-596
-1836
-4100
-5412
-6012
-7984
-10880
-11829
-9267
-4717
60
4175
7511
10644
12847
13365
11605
6880
54
-7636
-13726
-15661
-14687
-12749
-9878
-5555
-98
4847
8184
8605
5137
-494
-5851
-9224
-10850
-11443
-10118
-6741
-1516
4665
9989
14112
16216
14839
10003
3384
-2656
-7564
-11616
-14195
-14430
-12094
-8093
-3271
1821
5961
7740
6839
4254
1371
-910
-3026
-4473
-4510
-4191
-3014
-250
3265
7523
12326
16290
16774
11755
5550
3584
3544
1136
-3976
-9389
-12276
-11906
-7984
-1055
6811
12768
14014
11610
9943
11141
10292
1624
-10528
-18044
-18450
-14765
-10560
-6370
-2551
361
2670
5644
9538
10603
5448
-3787
-10119
-9167
-4780
-1575
532
3428
7417
11721
15585
17414
14874
6742
-4007
-12318
-16761
-18937
-20797
-21253
-17792
-11349
-3291
5870
14303
19246
18906
15936
13796
12186
9254
3772
-2210
-5673
-6154
-4640
-2763
-1024
128
-531
-1931
-2478
-2330
-3187
-5817
-7464
-6006
-3090
-168
2766
5693
7280
6231
3759
1743
-57
-3007
-6697
-9230
-8949
-5583
-1346
2431
5586
6792
5510
2311
-678
-3016
-7163
-12675
-16371
-15630
-11008
-5100
1210
7338
12207
14515
14341
12492
8596
2392
-5266
-11453
-13959
-13642
-11581
-8337
-3893
952
4576
6630
7461
7328
5085
478
-3986
-6207
-6246
-5872
-5312
-3402
-314
2850
5027
6348
6357
6793
9468
11442
10179
5228
974
1646
4629
7176
6731
3643
613
-1674
-1416
1573
5993
7910
4212
-855
-2690
-890
-1060
-6580
-12503
-14801
-12351
-7686
-2250
4575
9375
10366
8393
6801
7232
5054
-1132
-8659
-13258
-12626
-9083
-3782
1649
5221
5981
4834
4988
5733
4367
-503
-7404
-12146
-13827
-12789
-9719
-6305
-3256
-1076
1694
5974
9918
11508
9802
6522
3406
962
-517
-1453
-1675
-1587
-1483
-692
879
3149
4954
5022
3335
959
-244
-169
19
-597
-2317
-4288
-5487
-4780
-2493
-631
106
406
1537
3507
4923
5773
6179
5773
4203
1493
-596
-1894
-3980
-6939
-9662
-10596
-9899
-8640
-6424
-2942
1071
4280
5919
6451
6541
5861
3341
-854
-5134
-7958
-9095
-9364
-8736
-6685
-3528
-306
2149
3963
5348
5951
5128
2320
-1344
-4141
-5789
-6593
-6939
-6327
-4211
-940
2831
5352
6018
5485
4349
2981
1187
1390
3846
5268
4909
4293
6650
11339
14903
16497
14713
10116
4333
-814
-3447
-5142
-6595
-8496
-10586
-10180
-7052
-2529
873
2168
2780
3204
3678
4169
4502
4048
2292
-364
-2963
-3939
-3601
-3438
-4212
-5191
-4579
-2829
-1050
103
210
-469
-2033
-2914
-1700
581
1565
-614
-3449
-3860
-2753
-3024
-5855
-8572
-9207
-8105
-5978
-2986
1017
4416
6363
7756
9506
11289
10891
7868
4027
1096
-698
-1930
-2183
-1804
-1577
-1601
-971
895
2074
1464
-163
-1482
-2092
-2945
-3082
-1336
1726
4350
5443
6554
8156
9021
7923
4808
1319
-1910
-4952
-7441
-8343
-7198
-5472
-4344
-3420
-1438
906
1799
1469
554
-922
-3220
-5326
-5550
-4459
-4032
-5151
-5877
-4309
-1584
163
374
988
2720
3563
2635
1144
130
-1246
-3893
-6605
-7229
-5606
-3622
-2319
-1347
328
2390
3705
4584
4862
3941
2002
-302
-1715
-1972
-2464
-1836
2501
8857
13938
15071
15110
18217
19923
17031
10771
3285
-3969
-12217
-18079
-17887
-12797
-6472
-3089
-1000
3270
9404
12938
10242
5061
1322
-1425
-4267
-5793
-4473
-2655
-2213
-2371
-1194
961
1221
-471
-2930
-5015
-6687
-8653
-8339
-4963
-1458
-253
-275
2042
5609
6424
3478
-976
-4543
-8016
-11447
-13045
-12040
-9387
-7186
-4755
-195
5825
11099
13776
14417
13622
10842
6894
3355
853
-2020
-6155
-9244
-8959
-5492
-874
2673
5111
6793
7253
7105
6399
5439
3802
167
-2901
-3613
-2869
-2027
-1811
-532
1172
1889
2335
3277
4767
5098
3868
2011
793
665
-308
-2454
-4921
-7186
-8975
-9995
-8978
-6941
-5994
-6006
-5207
-2413
451
1577
1118
97
-225
-344
-757
-952
-622
-57
-303
-835
-368
787
1294
101
-1714
-2907
-3206
-2441
-1596
-1521
-1915
-1607
15
1979
3209
3438
2850
2052
2165
2216
2117
2561
2855
5426
9552
13051
13889
9989
7571
8258
8509
6709
1325
-4684
-10633
-14199
-12494
-7813
-2112
726
1137
2023
5130
10258
11426
7676
1961
-2537
-4311
-4771
-3311
-2435
-3513
-5340
-6427
-4389
-2096
-1929
-4338
-7677
-8146
-6809
-4621
-2357
-311
1591
1810
2835
5373
7401
6750
1829
-3720
-7415
-8927
-9043
-9447
-8952
-7191
-3811
1230
6699
11107
11944
9773
6727
3964
1771
-709
-3422
-5753
-6205
-3404
2163
8493
12757
13769
12524
10755
8712
5103
-747
-7435
-12520
-15066
-14526
-11481
-6909
-1214
3936
8211
11472
13464
14281
12531
8323
2842
-2243
-5378
-6975
-8069
-9053
-9032
-8028
-6842
-5538
-4142
-3042
-3371
-4804
-6139
-6922
-6901
-6416
-5473
-4022
-1785
1567
5125
8451
10923
11291
9727
6987
3666
-28
-4208
-8127
-10967
-12157
-10967
-7719
-3797
-534
1943
4329
6438
7964
8180
6547
4379
2755
2420
2614
1807
943
722
591
379
126
-746
-638
2019
4487
5190
4350
4444
6493
6586
5523
4511
2085
-1243
-4122
-4262
-2115
1285
4275
4959
5249
6147
7031
5188
-58
-5218
-9163
-11535
-12408
-12295
-11383
-9696
-6946
-4174
-1167
2219
4816
5637
4871
4473
3871
2145
358
-667
-1095
-2187
-3162
-2891
-1580
-617
-2017
-4444
-5800
-5852
-5950
-7294
-7800
-6213
-3860
-1405
1897
6090
9418
10981
10917
10349
9668
7557
4433
1116
-995
-1187
-1274
-1196
-462
377
533
-93
-379
-953
-2501
-4477
-5031
-3145
-618
1802
3808
5972
8645
10258
10317
8645
5854
2548
-1137
-4334
-6550
-7564
-8018
-8263
-7992
-7429
-7238
-7733
-8217
-8248
-7360
-5817
-3746
-486
3261
7018
9896
11407
12173
11147
7672
2741
-1866
-5357
-8626
-11624
-12834
-11273
-8068
-4770
-1891
907
3892
5952
6340
5733
4975
4137
2843
1756
1891
2942
3734
3571
2921
1974
408
-1673
-4320
-6769
-8695
-10301
-10513
-9041
-6530
-3252
628
4832
10084
15471
18978
20973
20658
18790
15873
11466
8493
4937
-1183
-7968
-14183
-17607
-18489
-16707
-13777
-12593
-11382
-8433
-3306
1777
5125
7182
7334
7450
8562
9737
9841
8734
7801
6036
3645
1388
-1346
-4756
-9591
-14066
-16392
-16317
-14232
-12452
-11382
-9899
-6687
-1832
3006
7278
9657
9825
9170
9183
10006
9228
6144
1898
-1858
-3802
-4381
-3954
-3197
-2847
-3338
-4358
-4113
-2369
-815
-772
-1458
-1495
-718
1449
4661
7237
7864
7264
7644
8888
9483
8471
6176
3793
1567
-440
-2146
-3276
-4382
-6580
-9138
-10426
-9714
-8250
-7115
-6044
-4594
-1706
2334
6372
9516
10902
10775
9167
6654
4325
1924
-1031
-4813
-8481
-10319
-9731
-7428
-5564
-5159
-4996
-4035
-2027
134
1264
1238
466
78
1050
2771
4083
4471
4194
3831
3416
2532
1411
288
-1613
-4479
-7212
-8539
-8126
-7553
-7606
-7007
-5046
-1757
1853
4913
7481
9001
9688
9853
9602
8730
6439
3841
1531
-16
-861
-1934
-1247
274
778
668
257
1120
896
-943
-1554
-1745
-2120
-3239
-3308
-636
2843
6074
7796
8651
9768
10041
8239
4428
1208
-893
-3172
-5778
-7440
-7037
-6354
-5931
-5545
-5224
-4600
-4910
-5705
-6097
-5793
-4709
-4071
-3398
-1670
890
3434
5480
6751
6580
5458
4135
3052
1467
-1323
-4298
-6861
-8210
-8362
-8159
-7839
-7481
-6448
-5125
-3655
-1508
925
3415
5390
7083
8717
9666
9832
8965
7530
5904
4041
2311
1077
547
-241
-1282
-1761
-1623
-1014
-1362
-2626
-3376
-3055
-1698
-754
-66
1618
3610
5270
6759
8062
8321
7167
5167
2693
26
-2599
-4453
-5445
-6188
-6454
-6040
-4951
-3565
-2797
-2892
-3343
-3596
-3761
-3849
-3376
-2500
-1496
-564
395
1737
2754
3026
2483
940
-693
-1843
-2612
-3179
-3713
-3980
-3857
-3221
-1993
-708
-222
-422
-378
280
1441
2398
2639
2469
2306
2377
2309
2014
1610
598
-1032
-2734
-3502
-2718
-1278
46
1205
2540
4739
6625
7346
8395
9427
9390
8096
6353
5234
2899
-313
-1901
-2056
-2073
-3093
-3830
-2887
-607
2111
3567
3900
4030
4276
4111
3158
2512
1455
-562
-2564
-3463
-3229
-3806
-5151
-6304
-7018
-7331
-7811
-7582
-6315
-4728
-3525
-2530
-422
2064
3373
3206
2630
2233
830
-1414
-3403
-4652
-5524
-6765
-7684
-7336
-5932
-4639
-4142
-3605
-2478
-1646
-1437
-495
1443
3010
3651
4279
5851
7611
8370
7968
6896
6142
5703
4587
3126
2072
848
-1147
-3164
-3913
-3638
-3290
-2633
-1430
403
2921
5648
8169
10058
10678
9185
6261
4064
2792
728
-2454
-5074
-6438
-7123
-7172
-6390
-4937
-3747
-3289
-3044
-2161
-301
1033
1109
1198
2028
2814
2733
2727
3143
2418
-115
-3131
-4922
-5807
-7038
-8664
-9517
-8560
-6549
-4229
-1494
1576
4193
5030
4512
3778
2973
1501
-960
-3104
-3826
-3231
-2105
-711
1099
2691
3635
3730
2933
1070
-1559
-3887
-5401
-5534
-4552
-3052
-697
2797
6531
8840
9967
10770
10421
7890
4810
3400
2659
1827
1383
1443
1908
2664
4285
5409
4748
3399
1812
99
-1020
-661
-177
-1172
-1989
-1307
-51
423
616
1090
770
-227
-1068
-1281
-1340
-1938
-3122
-4848
-5795
-5589
-5299
-5570
-6202
-6799
-7966
-8735
-7824
-5856
-4550
-4807
-4819
-3591
-1528
425
1172
1108
453
-508
-1476
-2185
-2654
-3823
-5301
-5704
-4508
-2843
-1503
161
1955
3216
4026
5098
6201
6335
5643
4728
4083
4160
4980
5696
5665
5558
5969
6299
6089
5831
5234
3777
2112
1281
1228
968
579
345
168
247
811
1883
2899
3497
3496
3017
2734
2485
1480
-364
-2174
-3523
-4764
-5712
-5760
-5082
-4518
-4101
-3430
-2467
-1499
-1070
-1553
-2816
-3892
-4555
-5485
-6553
-6816
-5629
-3967
-2538
-906
852
2158
2264
1397
-77
-2078
-4151
-5935
-6539
-6060
-5285
-4148
-2174
1038
4071
5763
6469
6558
6220
5162
3969
3052
2150
1322
639
853
2077
3623
4772
5138
5333
5415
5250
4928
4329
3483
2330
1394
1133
1386
1813
2039
2411
3035
3655
4339
5062
5509
5035
3956
2906
1385
-782
-2973
-4696
-6207
-7358
-7292
-6456
-5630
-4737
-3667
-2404
-1208
-131
258
-730
-2305
-3716
-4798
-5727
-6571
-7126
-7565
-7505
-6832
-5925
-5011
-4379
-3831
-3491
-3429
-3327
-3270
-3590
-4548
-5449
-5544
-4814
-3574
-2300
-794
1200
3653
6200
8105
9289
9800
9573
8735
7469
6161
4823
3185
1404
209
338
1145
1706
2465
3759
5019
5883
6828
7717
7504
6299
4916
3991
3577
2984
2059
1004
443
934
1763
2196
2080
1483
360
-1119
-2504
-3927
-5224
-6147
-6747
-6826
-6442
-5272
-3484
-2025
-1338
-1363
-1413
-1239
-1093
-1428
-2524
-3798
-4920
-5524
-5313
-4672
-4091
-3986
-3963
-3439
-2677
-2273
-2241
-2027
-1467
-829
-197
774
2431
4335
5521
5829
6016
6594
7013
6382
4979
3501
2207
1191
339
-504
-1478
-2120
-2110
-1869
-1447
-790
34
816
1554
2564
3632
4790
6047
6762
6669
6274
6155
5636
3797
1215
-1094
-2718
-3806
-4474
-4867
-5293
-5341
-4639
-3605
-2670
-1981
-1580
-1681
-2188
-2653
-2778
-2222
-1021
68
553
1077
2189
2999
2647
1527
70
-1995
-4566
-6904
-8777
-10226
-10741
-10170
-9180
-7920
-5738
-2774
-86
1938
3550
4704
5310
5634
5597
4911
4183
3910
3442
2295
1303
1198
1135
413
-557
-1437
-2270
-2859
-2795
-2403
-1927
-835
951
2983
5139
7420
9194
10040
10543
10687
9653
7601
5648
4077
2442
1030
-18
-1231
-2452
-3039
-3264
-3980
-4857
-5006
-4541
-3807
-2939
-2077
-1152
212
1890
2775
2713
2478
2019
861
-855
-2204
-3058
-3844
-4398
-4734
-4795
-4561
-4117
-3629
-3462
-3275
-2993
-2877
-2640
-1977
-748
544
1629
2662
3356
3614
3231
2259
1127
185
-401
-1145
-1935
-2023
-1253
-157
760
1809
2962
3755
4046
3889
3495
2900
2353
1837
1128
693
840
1332
1543
1307
1029
806
546
-246
-1604
-2679
-2983
-3022
-3460
-3557
-2396
-655
648
1468
2241
2665
2241
1132
-448
-2233
-3838
-4974
-5639
-5743
-5069
-4045
-2916
-1422
-6
447
182
314
515
-175
-1236
-1702
-1603
-1416
-885
-17
714
1562
2588
3173
3027
2673
2135
864
-570
-1384
-1702
-1788
-1434
-688
-303
-89
765
1910
2524
2533
2353
1984
1575
1502
1489
1388
1581
2240
2941
3455
4108
4488
3891
2742
1784
897
-368
-1588
-2197
-2493
-2648
-2390
-1481
20
1609
2648
2710
2273
2108
1943
1244
278
-422
-983
-1529
-1460
-742
-245
-452
-918
-1200
-1590
-2333
-3163
-3791
-4139
-4299
-4233
-3646
-2370
-789
390
1155
1983
2735
2841
2140
1002
-370
-1924
-3216
-3961
-4286
-4191
-3424
-2125
-985
-200
521
1153
1438
1331
1054
840
1014
1657
2340
2865
3469
4009
3919
3201
2458
1788
856
-279
-1253
-1745
-1499
-535
603
1481
2234
2978
3469
3512
3074
2027
480
-1009
-2075
-2748
-3089
-3115
-2968
-2724
-2073
-940
94
470
224
-198
-639
-1324
-2295
-3176
-3546
-3650
-3944
-4011
-3173
-1646
-498
-179
-110
96
290
114
-457
-1135
-1685
-1979
-2027
-1628
-645
443
1049
1206
1407
1675
1616
1111
406
-344
-1079
-1441
-1069
-48
1176
2354
3549
4708
5618
6040
5897
5312
4411
3178
1642
282
-355
-420
-477
-611
-512
-59
628
1389
1964
1979
1521
1064
832
827
1029
1449
1971
2414
2729
2921
3101
3178
2690
1393
-261
-1544
-2304
-2977
-3782
-4387
-4567
-4491
-4320
-3992
-3537
-3302
-3328
-3117
-2433
-1614
-1001
-447
278
885
1024
840
681
584
61
-1173
-2552
-3342
-3536
-3625
-3775
-3725
-3406
-2950
-2426
-1918
-1536
-1275
-1087
-855
-315
630
1691
2515
3191
3898
4467
4695
4455
3725
2642
1425
235
-897
-1758
-2149
-2111
-1674
-832
221
1196
2081
2899
3440
3578
3532
3454
3100
2393
1662
1301
1354
1384
988
311
-117
-137
-196
-632
-1293
-1931
-2501
-2840
-2738
-2402
-2288
-2504
-2633
-2350
-1834
-1405
-1180
-1035
-901
-825
-735
-477
-127
-104
-557
-1000
-923
-390
197
547
479
77
-221
-120
175
346
284
-25
-343
-187
501
1111
1184
943
816
1096
1856
2686
3007
2855
2836
3147
3377
3288
3002
2517
1703
764
149
-4
98
165
61
-32
124
517
889
1047
964
701
455
477
691
689
361
12
-308
-925
-1932
-2966
-3656
-4002
-4209
-4236
-3736
-2604
-1299
-291
457
1130
1544
1442
861
-94
-1396
-2793
-3780
-4084
-3911
-3609
-3329
-2960
-2366
-1613
-821
0
747
1101
1052
1175
1844
2579
2670
2133
1584
1383
1247
787
44
-715
-1352
-1811
-1982
-1825
-1557
-1310
-859
-43
854
1557
2158
2718
3011
2942
2811
2862
2990
2894
2474
1991
1745
1624
1184
346
-457
-942
-1263
-1537
-1603
-1454
-1349
-1394
-1379
-1090
-559
-52
153
89
24
20
-40
-120
-190
-448
-949
-1320
-1305
-1179
-1288
-1603
-1913
-2093
-2082
-1902
-1682
-1533
-1450
-1234
-669
108
653
836
1071
1600
1992
1917
1738
1735
1664
1428
1356
1583
1824
1861
1796
1800
1876
1915
1788
1531
1336
1185
1008
1104
1730
2421
2589
2463
2574
2859
2878
2545
2085
1553
872
-1
-932
-1609
-1933
-2280
-2896
-3354
-3252
-2797
-2332
-1855
-1321
-891
-626
-394
-272
-494
-1054
-1767
-2535
-3300
-3927
-4346
-4582
-4675
-4641
-4359
-3708
-2802
-2048
-1692
-1420
-835
-43
589
951
1157
1311
1458
1619
1676
1449
981
531
236
39
-78
-50
119
337
514
562
553
723
1027
1128
1068
1353
2106
2843
3316
3765
4234
4414
4131
3490
2679
1884
1061
-74
-1413
-2284
-2376
-2157
-1951
-1462
-588
277
968
1629
2048
1846
1247
786
512
151
-308
-591
-613
-594
-722
-941
-1037
-1022
-1211
-1706
-2071
-1963
-1729
-1772
-1818
-1488
-1063
-951
-919
-603
-279
-346
-613
-697
-641
-678
-722
-559
-220
109
362
639
970
1199
1216
1130
1061
923
626
408
486
638
572
433
515
762
863
683
379
185
254
530
835
1162
1600
2053
2379
2530
2425
2048
1560
1064
489
-159
-618
-706
-670
-683
-487
-78
180
172
91
16
-235
-745
-1241
-1449
-1426
-1329
-1158
-870
-538
-345
-394
-506
-569
-915
-1841
-2996
-3725
-3811
-3697
-3770
-3720
-3124
-2169
-1220
-352
419
980
1162
1039
1002
1122
955
382
-278
-824
-1228
-1463
-1456
-1247
-988
-624
104
1089
1941
2461
2590
2431
2188
1792
1114
461
162
88
75
294
866
1540
1967
2170
2317
2285
1981
1611
1267
924
670
480
307
291
393
407
385
500
735
880
819
761
828
798
508
65
-403
-845
-1247
-1574
-1676
-1550
-1488
-1533
-1368
-928
-565
-568
-823
-1060
-1185
-1265
-1232
-957
-593
-398
-286
50
643
1097
1061
694
337
79
-161
-401
-642
-957
-1235
-1218
-873
-427
-91
198
593
1013
1326
1524
1703
1849
1814
1524
1131
885
751
501
141
-164
-354
-538
-721
-690
-454
-252
-165
-28
317
785
1202
1412
1397
1293
1128
899
660
367
-68
-691
-1266
-1483
-1463
-1528
-1746
-1879
-1806
-1702
-1693
-1748
-1770
-1722
-1708
-1744
-1753
-1580
-1233
-961
-848
-816
-761
-620
-481
-407
-444
-569
-590
-470
-260
-57
71
192
284
414
589
696
730
665
584
564
575
642
705
798
934
1074
1273
1503
1763
1946
1995
2071
2222
2330
2215
1915
1636
1409
1172
869
574
374
257
264
372
487
499
383
302
289
204
-29
-268
-246
-56
57
112
326
719
871
578
99
-336
-818
-1579
-2520
-3285
-3733
-3914
-3847
-3434
-2671
-1795
-969
-164
610
1185
1360
1217
961
623
140
-400
-740
-787
-732
-709
-585
-198
314
701
924
1086
1160
1022
732
443
211
-7
-221
-313
-204
28
272
529
818
1031
1074
1028
1028
1089
1090
1001
925
914
884
744
548
378
170
-142
-503
-756
-888
-1038
-1246
-1402
-1389
-1267
-1144
-994
-722
-329
39
296
459
511
378
49
-336
-689
-1071
-1521
-1898
-2016
-1921
-1803
-1747
-1673
-1496
-1251
-1007
-765
-498
-192
146
511
878
1158
1295
1340
1315
1154
785
270
-234
-637
-926
-1085
-1070
-856
-452
134
859
1604
2200
2591
2836
2979
2954
2703
2341
1971
1583
1122
667
358
148
-117
-441
-625
-532
-292
-90
80
392
848
1249
1470
1553
1570
1490
1281
973
591
145
-320
-754
-1169
-1549
-1837
-1978
-2018
-2015
-1949
-1789
-1540
-1328
-1211
-1115
-938
-691
-452
-232
-54
49
34
-55
-195
-439
-804
-1178
-1397
-1420
-1300
-1131
-940
-721
-493
-292
-200
-214
-257
-272
-235
-117
175
676
1245
1689
2000
2331
2657
2685
2231
1506
826
233
-402
-1013
-1326
-1254
-981
-667
-235
391
991
1283
1287
1282
1336
1235
932
654
515
341
32
-224
-318
-453
-822
-1230
-1373
-1315
-1363
-1534
-1558
-1363
-1195
-1182
-1143
-937
-691
-578
-549
-422
-223
-161
-265
-366
-418
-548
-763
-904
-888
-826
-807
-718
-439
-67
197
360
598
909
1142
1223
1206
1180
1197
1211
1138
984
881
897
951
995
1093
1273
1426
1443
1357
1266
1149
915
609
388
297
280
340
525
765
918
932
910
921
894
723
427
180
110
135
102
9
-39
-40
-114
-324
-599
-845
-1064
-1321
-1604
-1775
-1749
-1603
-1445
-1294
-1119
-920
-739
-636
-641
-728
-845
-963
-1093
-1243
-1367
-1417
-1427
-1462
-1486
-1419
-1278
-1147
-1018
-793
-479
-202
2
233
499
641
582
481
490
506
401
294
408
718
983
1137
1336
1600
1703
1507
1166
850
487
19
-386
-505
-357
-101
270
821
1440
1921
2198
2339
2325
2044
1525
979
529
118
-287
-572
-618
-496
-387
-333
-291
-296
-435
-710
-1013
-1278
-1507
-1677
-1681
-1480
-1152
-798
-436
-54
252
373
314
195
62
-160
-500
-821
-958
-961
-950
-932
-811
-597
-392
-216
-31
136
207
214
263
381
467
489
529
644
796
909
984
1041
1039
935
759
559
338
91
-157
-339
-415
-402
-305
-136
86
323
553
775
960
1072
1106
1076
981
818
599
377
160
-63
-296
-485
-579
-615
-642
-652
-602
-505
-415
-367
-324
-269
-254
-322
-441
-555
-642
-697
-690
-588
-420
-221
-10
209
388
406
203
-159
-545
-886
-1186
-1425
-1520
-1387
-1056
-592
-63
445
812
972
975
902
756
509
231
29
-95
-183
-187
-70
74
113
31
-14
80
204
243
200
171
192
248
321
387
384
267
159
195
319
360
291
265
356
472
517
551
611
566
312
-51
-346
-544
-763
-1047
-1266
-1284
-1089
-761
-400
-131
-2
57
138
201
122
-110
-329
-386
-325
-248
-166
-9
196
337
378
391
418
410
298
131
34
48
93
117
143
224
339
426
480
504
492
442
394
394
400
347
247
195
228
265
242
245
360
528
632
691
807
958
973
785
553
381
191
-137
-532
-818
-972
-1110
-1249
-1278
-1171
-1023
-888
-674
-339
-6
216
356
490
579
523
338
128
-63
-280
-533
-755
-885
-975
-1123
-1314
-1453
-1503
-1537
-1597
-1612
-1506
-1309
-1085
-829
-470
-31
388
736
1045
1318
1458
1402
1169
819
390
-81
-505
-786
-899
-865
-675
-334
84
509
909
1265
1542
1712
1818
1924
1986
1928
1771
1614
1445
1168
797
485
315
174
-38
-211
-192
-38
63
82
138
264
348
311
228
163
59
-125
-318
-442
-572
-796
-1024
-1147
-1232
-1403
-1600
-1630
-1475
-1327
-1274
-1195
-961
-677
-573
-668
-759
-730
-667
-680
-744
-731
-595
-404
-269
-248
-274
-261
-206
-175
-180
-139
34
320
605
816
978
1125
1220
1200
1079
912
774
704
724
847
1035
1264
1531
1806
2005
2045
1889
1547
1075
538
12
-450
-808
-1023
-1031
-812
-425
3
376
670
865
916
813
589
286
-46
-352
-567
-676
-711
-689
-610
-489
-401
-397
-466
-610
-848
-1182
-1570
-1900
-2085
-2126
-2026
-1751
-1299
-735
-147
393
822
1089
1153
1042
814
498
102
-339
-749
-1039
-1173
-1162
-1039
-838
-576
-276
25
268
422
505
567
633
690
743
791
822
801
702
551
401
293
232
196
203
270
398
526
570
510
374
228
58
-164
-389
-550
-616
-579
-451
-242
38
318
550
736
841
839
735
577
413
259
131
68
90
138
129
38
-117
-303
-551
-874
-1180
-1366
-1392
-1309
-1153
-895
-520
-83
337
720
1081
1382
1555
1535
1331
990
539
14
-520
-969
-1263
-1367
-1277
-1026
-693
-347
-34
208
351
382
329
260
244
306
431
620
865
1135
1344
1423
1355
1137
797
355
-147
-638
-1045
-1303
-1400
-1344
-1139
-809
-391
47
416
676
830
887
838
684
482
284
129
14
-102
-234
-380
-524
-667
-811
-946
-1016
-976
-840
-660
-479
-294
-101
64
145
136
98
64
33
-6
-59
-99
-88
-35
25
47
27
10
3
-26
-108
-216
-292
-313
-282
-227
-148
-29
115
249
328
336
300
228
132
35
-35
-54
-8
104
246
400
532
618
643
593
471
289
85
-107
-270
-386
-431
-402
-304
-166
-20
127
269
388
442
439
408
366
300
195
83
2
-65
-130
-180
-191
-155
-100
-32
48
111
128
85
-17
-168
-350
-537
-671
-717
-675
-561
-375
-121
150
378
542
632
646
595
486
345
215
103
26
-4
6
48
88
125
160
174
160
136
124
130
152
193
262
352
444
519
565
575
538
450
325
177
21
-134
-264
-346
-373
-355
-308
-233
-140
-62
-27
-37
-94
-206
-359
-538
-709
-846
-931
-945
-889
-758
-579
-369
-158
-6
62
34
-79
-246
-458
-661
-804
-850
-798
-680
-509
-306
-97
72
169
205
206
196
169
135
123
159
232
322
403
466
510
522
493
433
345
256
182
135
133
179
255
363
480
568
615
609
560
467
334
198
94
43
40
67
113
170
216
220
168
67
-53
-174
-287
-360
-373
-328
-212
-48
139
331
488
586
611
547
395
192
-47
-282
-485
-636
-699
-677
-590
-461
-315
-182
-82
-43
-72
-148
-259
-362
-434
-442
-366
-225
-25
207
437
625
725
722
623
436
193
-71
-321
-506
-621
-646
-593
-470
-297
-124
32
149
213
233
219
202
202
216
247
303
367
423
444
417
335
186
-12
-239
-463
-655
-795
-856
-818
-675
-456
-188
88
338
525
625
642
580
464
312
140
-25
-171
-297
-401
-493
-567
-629
-675
-682
-645
-559
-431
-272
-94
83
227
319
361
347
289
200
102
7
-68
-109
-130
-132
-119
-102
-83
-69
-74
-95
-125
-155
-178
-188
-166
-106
-12
115
277
468
659
827
946
1000
991
894
702
443
144
-163
-449
-672
-789
-784
-675
-477
-204
118
427
666
824
889
864
745
559
349
146
-41
-200
-297
-334
-338
-336
-343
-359
-388
-434
-494
-538
-554
-525
-451
-316
-136
66
251
394
498
528
477
348
158
-53
-255
-429
-540
-569
-508
-379
-200
16
235
415
530
581
561
476
331
171
35
-66
-127
-137
-92
-3
93
163
210
231
213
166
107
53
21
15
47
114
190
250
281
280
241
167
68
-41
-130
-189
-220
-215
-184
-150
-131
-129
-150
-186
-238
-295
-344
-366
-371
-357
-334
-317
-314
-339
-394
-476
-565
-651
-719
-764
-745
-684
-597
-477
-342
-202
-86
-4
49
80
86
67
40
15
-1
4
21
54
108
171
248
320
388
445
479
500
506
495
487
477
477
504
538
591
644
677
700
686
639
555
442
314
203
114
56
44
69
125
182
227
252
245
186
96
-9
-123
-226
-306
-349
-364
-359
-334
-302
-279
-255
-249
-265
-282
-309
-332
-354
-378
-395
-409
-422
-425
-410
-390
-352
-296
-227
-141
-53
30
98
142
165
153
110
55
-14
-86
-149
-198
-221
-205
-162
-92
-3
89
187
278
355
404
428
430
397
345
279
198
121
60
21
-2
-5
11
22
27
19
-3
-41
-90
-149
-195
-213
-206
-171
-117
-48
28
95
138
156
151
125
81
29
-16
-54
-81
-89
-101
-106
-117
-133
-149
-173
-199
-227
-249
-250
-234
-202
-160
-107
-49
12
65
112
154
191
207
213
219
214
198
159
105
40
-35
-114
-201
-274
-318
-344
-337
-285
-205
-101
26
158
285
396
475
522
543
527
463
381
288
189
86
-17
-95
-145
-180
-209
-238
-242
-216
-178
-126
-63
23
123
216
298
356
384
383
344
260
150
33
-86
-195
-284
-342
-357
-336
-296
-237
-165
-93
-19
40
86
116
122
110
86
48
1
-55
-121
-181
-234
-273
-297
-302
-292
-268
-230
-179
-122
-63
-12
30
73
113
145
173
201
223
235
225
206
174
119
44
-47
-132
-214
-294
-351
-375
-361
-325
-242
-117
53
239
415
586
718
786
771
660
477
246
-27
-305
-536
-701
-781
-780
-691
-522
-328
-132
37
169
248
257
220
152
83
25
-17
-19
15
70
131
185
224
227
187
106
-3
-120
-236
-340
-410
-433
-408
-347
-254
-130
7
130
235
318
380
413
418
414
396
369
332
283
234
174
99
12
-75
-167
-250
-311
-351
-363
-347
-299
-218
-117
-20
80
176
254
313
351
371
381
377
364
343
304
258
194
103
2
-104
-211
-307
-389
-438
-456
-435
-378
-291
-181
-60
55
150
227
277
291
276
218
128
26
-95
-216
-329
-419
-485
-533
-544
-521
-470
-385
-289
-185
-75
26
110
172
217
236
228
209
168
123
81
35
-6
-42
-54
-53
-41
-11
22
65
102
135
168
189
193
181
151
116
85
53
31
15
14
30
57
90
122
141
143
124
85
36
-30
-100
-154
-199
-219
-203
-163
-99
-23
48
112
160
179
168
138
88
33
-23
-68
-96
-107
-95
-75
-55
-32
-18
-18
-33
-59
-78
-93
-99
-93
-61
-3
65
137
207
262
301
309
283
236
165
79
-15
-104
-181
-230
-260
-269
-257
-228
-183
-130
-73
-8
52
112
173
224
271
308
324
324
302
258
205
131
37
-59
-157
-243
-309
-351
-362
-345
-298
-233
-155
-65
22
96
148
174
174
156
119
72
23
-33
-83
-111
-129
-139
-144
-154
-162
-171
-187
-197
-205
-209
-193
-164
-112
-51
22
95
161
219
248
255
240
198
137
66
-4
-66
-110
-140
-151
-139
-117
-87
-59
-37
-14
7
22
34
56
78
101
132
159
185
203
201
191
166
120
68
15
-31
-76
-107
-117
-118
-104
-83
-60
-42
-23
-13
-15
-14
-11
-2
14
37
69
102
123
137
130
104
64
5
-57
-120
-170
-196
-200
-176
-124
-56
21
101
168
218
235
229
203
152
99
43
-11
-54
-84
-97
-101
-93
-81
-71
-60
-52
-47
-45
-35
-27
-7
21
57
98
137
170
185
179
150
102
34
-44
-127
-200
-252
-277
-267
-227
-163
-81
-6
60
107
130
124
89
40
-16
-69
-108
-129
-128
-112
-81
-44
-9
17
20
7
-16
-50
-85
-115
-129
-133
-120
-85
-38
17
74
121
152
167
171
161
142
118
91
67
44
25
9
-5
-27
-52
-74
-91
-103
-111
-112
-104
-86
-60
-25
17
61
98
129
158
181
194
192
179
156
123
84
38
-19
-76
-133
-183
-222
-242
-238
-214
-162
-98
-26
57
131
190
236
252
241
205
146
72
-9
-81
-135
-176
-193
-193
-176
-135
-93
-51
-13
20
48
62
68
80
89
99
109
118
130
132
124
108
74
35
-3
-49
-89
-123
-138
-141
-127
-92
-49
3
51
97
136
160
164
149
114
75
33
-9
-44
-68
-78
-77
-66
-51
-36
-21
-19
-20
-33
-49
-60
-67
-62
-46
-18
14
55
82
102
107
93
57
8
-44
-94
-135
-157
-157
-140
-101
-62
-17
23
48
57
43
20
-14
-51
-84
-107
-116
-115
-102
-82
-57
-36
-18
-8
-6
-6
-6
-6
-4
1
8
21
37
49
55
60
66
68
63
58
54
53
55
56
60
59
62
65
65
63
54
42
24
10
-4
-22
-30
-29
-20
-6
8
29
55
75
80
79
73
58
40
17
-11
-32
-44
-50
-50
-42
-35
-27
-24
-25
-25
-35
-40
-42
-44
-38
-29
-20
-2
15
22
23
20
15
1
-13
-25
-35
-41
-47
-43
-35
-29
-23
-19
-16
-22
-24
-19
-20
-21
-13
2
13
29
48
54
55
53
44
28
8
-16
-38
-51
-56
-52
-42
-23
0
25
46
62
69
64
50
29
8
-13
-27
-35
-39
-33
-18
-3
9
16
19
13
9
5
-3
-8
-15
-16
-12
-1
8
15
16
22
22
13
5
-6
-15
-27
-35
-38
-43
-43
-39
-34
-25
-12
-1
8
18
21
22
21
17
12
2
-5
-9
-10
-9
-6
-2
3
5
8
7
8
3
-4
-13
-16
-14
-14
-7
2
10
21
32
34
41
41
30
28
23
20
14
11
9
4
5
-1
-8
-12
-17
-22
-29
-29
-27
-19
-12
-4
8
17
22
24
20
12
7
-5
-16
-19
-25
-29
-26
-20
-21
-18
-9
-6
-7
-7
-6
-7
-5
-2
4
13
23
34
41
48
46
40
33
19
4
-12
-27
-33
-37
-33
-24
-19
-7
4
11
15
18
20
13
8
9
7
8
9
11
14
15
18
8
-1
-4
-16
-30
-37
-40
-39
-38
-35
-28
-19
-8
-1
6
9
8
4
0
-8
-12
-15
-20
-25
-30
-26
-18
-16
-13
-12
-9
-6
-3
-2
-6
-3
0
2
10
11
15
17
19
24
23
20
17
17
8
6
8
8
10
7
7
8
6
7
8
9
12
11
7
12
20
27
30
33
32
32
28
19
12
4
-3
-1
-2
-1
2
1
3
6
5
2
-3
-7
-10
-19
-25
-27
-29
-28
-31
-29
-25
-22
-19
-19
-19
-15
-13
-16
-11
-12
-14
-9
-9
-7
-8
-8
-8
-6
-3
1
3
6
13
11
12
13
16
12
9
11
6
5
8
15
16
16
17
19
26
24
23
16
13
8
-3
-7
-9
-11
-6
3
10
13
15
17
16
12
6
-3
-12
-17
-22
-28
-26
-27
-26
-22
-20
-15
-12
-11
-10
-10
-12
-15
-17
-15
-12
-7
-6
-11
-9
-7
-8
-9
-7
-4
-6
-4
-8
-6
-5
-3
-4
-8
-6
-2
1
2
6
10
10
10
9
12
16
16
18
16
12
8
2
1
1
3
3
5
9
10
16
18
21
23
22
20
22
21
14
9
7
9
4
2
3
2
4
6
3
5
6
5
5
1
0
0
1
2
2
2
0
1
-1
-3
-2
-7
-5
-3
-3
-1
-8
-7
-7
-9
-8
-11
-15
-18
-16
-18
-24
-25
-22
-18
-13
-9
-7
-6
-1
-1
-1
5
10
11
14
11
9
5
1
-2
-8
-14
-18
-17
-16
-19
-17
-13
-10
-7
-5
1
5
2
2
3
4
6
6
6
7
4
2
1
-5
-2
-4
-10
-9
-11
-13
-12
-8
-1
4
11
12
17
22
23
23
16
14
13
8
4
1
-3
-6
-5
-4
-7
-8
-10
-12
-13
-5
-3
-2
3
7
9
12
16
15
14
6
1
-3
-3
-1
-3
-5
-5
-3
-1
-2
0
1
-1
3
6
6
12
16
16
19
22
27
27
26
24
16
11
7
-1
-5
-10
-10
-10
-7
-2
2
5
10
12
15
12
10
10
3
-4
-7
-14
-17
-18
-24
-24
-24
-26
-23
-16
-15
-13
-10
-10
-8
-15
-15
-16
-19
-18
-20
-21
-17
-17
-13
-11
-14
-11
-15
-15
-11
-12
-9
-9
-4
-3
-3
1
4
8
9
7
7
11
13
15
16
16
19
18
16
16
19
23
23
21
19
24
23
20
19
15
15
14
15
11
11
9
5
0
-7
-5
-5
-7
-10
-11
-9
-9
-15
-19
-20
-23
-19
-21
-21
-16
-14
-11
-9
-7
-6
-8
-8
-9
-11
-12
-10
-7
-2
2
0
6
5
5
6
8
6
1
6
4
9
15
13
18
18
21
26
22
18
17
20
16
11
11
14
13
11
12
8
12
13
12
15
12
10
6
2
0
0
-5
-7
-6
-5
-4
-6
-12
-14
-14
-14
-14
-15
-14
-19
-21
-20
-21
-21
-23
-25
-32
-33
-32
-36
-34
-31
-30
-21
-13
-6
-2
-2
0
1
0
-3
-5
-7
-6
-9
-6
2
5
14
16
13
18
16
16
19
18
11
10
13
14
17
14
17
21
20
21
19
18
14
9
4
1
1
4
4
2
4
2
1
1
2
4
1
-3
-4
-7
-5
-1
2
4
4
4
5
1
1
2
2
2
-2
-2
-1
-3
-4
-3
-2
-1
0
-1
1
3
0
-1
1
3
3
5
5
5
6
3
4
2
-6
-8
-9
-10
-15
-16
-9
-8
-8
-5
-6
-1
-1
-2
4
-2
-5
-4
-10
-14
-13
-16
-17
-12
-11
-8
-8
-6
-2
-2
2
3
-1
-2
-6
-4
-5
-9
-8
-7
-4
-6
-4
-3
-5
-1
-1
1
9
15
18
18
25
26
26
24
18
12
9
4
1
0
-1
0
1
6
2
4
9
7
11
8
9
9
10
11
6
4
-1
1
0
-2
-1
-2
-5
-6
-6
-6
-6
-5
-7
-7
-7
-7
-5
-8
-2
0
0
3
4
4
5
5
-1
-8
-11
-12
-16
-16
-13
-12
-13
-9
-9
-9
-9
-6
-4
-5
-5
-7
-4
-4
-3
0
1
4
4
3
2
3
7
5
-1
-2
-9
-16
-16
-17
-14
-13
-8
-2
-1
5
5
9
10
11
12
12
10
11
12
9
7
12
12
8
9
5
4
5
6
8
14
13
17
21
20
26
25
22
23
20
19
19
13
9
6
7
8
7
2
-2
-3
-7
-4
-6
-6
-2
-4
-6
-7
-10
-10
-11
-12
-14
-18
-14
-18
-19
-20
-21
-27
-32
-31
-34
-35
-39
-38
-35
-34
-30
-30
-23
-14
-9
-5
-5
-5
-3
-6
-8
-12
-12
-12
-9
-5
-5
-2
1
4
6
11
16
21
20
27
30
32
37
38
36
37
37
36
37
36
35
35
29
24
24
22
20
16
13
6
-1
0
-2
1
4
1
5
6
8
8
7
3
-2
-2
-7
-13
-17
-21
-26
-26
-28
-27
-22
-24
-22
-19
-14
-12
-13
-8
-8
-6
-10
-15
-14
-13
-13
-11
-8
-13
-10
-9
-10
-9
-6
-4
-5
-5
-2
-1
2
4
5
6
5
5
4
8
8
3
4
4
-2
-1
1
2
7
7
8
12
13
11
7
5
4
5
2
3
3
5
9
10
14
18
16
14
10
6
1
0
-3
-5
-3
-4
1
2
3
8
2
3
2
0
-3
-2
-3
-3
-3
-3
-3
-3
-3
-5
-7
-4
-5
-6
-7
-10
-12
-15
-16
-15
-14
-11
-8
-5
-3
-4
-4
-6
-9
-9
-13
-11
-12
-11
-8
-9
-6
-4
-3
-2
-7
-5
-2
-1
-3
-2
2
6
7
8
15
16
17
17
16
14
14
13
12
9
8
13
13
17
17
19
21
22
21
19
16
14
13
7
7
7
4
6
5
4
5
2
1
1
1
0
-4
0
-2
-5
-8
-9
-9
-10
-13
-15
-13
-14
-16
-15
-12
-11
-14
-8
-6
-2
-6
-8
-5
-12
-14
-13
-17
-17
-14
-15
-16
-13
-9
-9
-9
-7
-7
-7
-7
-9
-11
-9
-8
-8
-6
-1
1
0
0
0
1
1
1
1
3
5
5
6
5
4
4
5
6
7
10
12
15
17
20
18
14
13
10
9
8
11
12
13
16
16
16
11
12
13
11
10
10
10
11
14
8
7
9
9
7
0
-2
0
-4
-5
-6
-6
-7
-10
-8
-8
-8
-9
-11
-12
-13
-16
-17
-14
-13
-11
-13
-12
-6
-10
-11
-9
-10
-12
-16
-14
-14
-15
-16
-17
-17
-12
-11
-8
-5
-3
2
4
5
4
6
9
13
10
9
11
13
13
8
11
13
12
14
15
15
14
13
14
13
13
14
12
7
6
7
6
4
3
4
4
4
6
3
-1
2
0
-1
-4
-5
-9
-6
-2
-6
-2
-2
-1
-2
-4
-1
-4
-6
-11
-15
-16
-17
-16
-16
-15
-12
-13
-11
-9
-8
-4
-7
-10
-6
-10
-16
-15
-11
-6
-6
-6
-1
1
0
-1
-2
2
-3
-3
6
4
2
3
7
9
6
8
11
11
13
16
16
13
12
10
12
13
12
9
7
7
6
6
4
4
-1
-1
2
2
6
6
3
2
-1
0
0
0
-1
0
4
-2
-4
-6
-6
-6
-5
-4
-2
0
1
1
-1
1
0
-1
3
3
3
3
0
-1
-2
0
1
1
3
2
2
7
7
6
6
6
4
4
6
-1
0
-4
-7
-4
-5
-5
-5
-6
-2
-3
-3
0
-1
-2
-1
-1
-3
-6
-6
-6
-8
-7
-6
-6
-5
-3
-6
-9
-12
-10
-11
-13
-16
-16
-12
-9
-8
-10
-7
-6
-8
-8
-11
-9
-7
-10
-12
-9
-7
-7
-1
0
-1
6
4
1
1
0
1
4
7
5
8
11
11
13
14
16
14
11
13
14
12
13
16
14
15
18
16
15
15
13
15
15
15
16
15
17
16
18
17
13
13
11
10
5
4
0
-3
-1
1
2
4
5
2
3
3
-1
0
2
0
-4
-3
-8
-13
-15
-18
-18
-19
-23
-26
-26
-26
-24
-21
-22
-23
-19
-18
-21
-20
-15
-18
-22
-20
-19
-19
-17
-14
-13
-15
-18
-17
-11
-11
-10
-1
3
6
8
10
9
10
15
12
18
17
17
21
18
19
16
15
15
11
12
13
13
16
16
17
18
18
18
16
17
18
18
19
17
14
12
7
4
1
-2
-3
-4
-2
-4
-4
-3
-3
-2
-1
-5
-5
-8
-9
-9
-9
-11
-11
-12
-14
-12
-13
-14
-15
-15
-17
-18
-17
-22
-24
-23
-20
-20
-20
-16
-13
-9
-8
-6
-1
-1
-2
2
3
1
3
1
2
6
9
9
10
12
14
13
15
15
16
15
12
14
17
18
21
23
24
25
25
24
25
24
22
20
18
12
11
12
10
13
15
9
7
9
1
-4
-6
-9
-11
-9
-10
-14
-17
-19
-20
-24
-23
-29
-30
-30
-32
-32
-34
-29
-33
-31
-25
-27
-19
-17
-16
-17
-15
-10
-12
-6
-3
-10
-9
-8
-6
1
3
7
13
11
14
14
17
15
15
19
20
22
21
16
13
10
10
11
11
9
10
11
10
10
14
16
21
20
14
14
13
5
1
-1
-3
-3
-6
-4
-5
-4
3
4
1
1
-1
-2
-2
-3
-4
-6
-3
0
-5
-5
-5
-6
-7
-8
-5
-3
-4
-5
-6
-3
-4
-2
-3
-3
-1
0
0
0
-2
-2
-3
-4
-3
-5
-4
-1
-4
-2
-1
-5
-4
-2
2
2
-3
-6
-6
-6
-7
-4
-3
-2
-2
0
0
3
7
5
7
9
10
9
7
0
-1
-2
-5
-5
-6
-4
-1
1
1
2
2
3
5
6
7
10
8
9
7
1
-1
1
-3
-6
-2
-5
-3
-2
0
1
-1
1
-3
-2
-1
2
4
2
4
0
-1
1
-2
-2
-5
-4
-5
-8
-6
-5
-4
-4
-2
-2
-3
0
-3
-1
0
0
-2
-5
-6
-8
-7
-6
-8
-8
-5
-6
-2
0
-1
0
0
5
3
2
5
4
5
5
4
2
-1
3
0
0
6
7
6
8
13
12
10
8
7
10
7
4
5
5
2
1
4
0
-1
-1
1
1
2
-2
-4
-4
-3
0
-4
-2
1
2
-1
-1
3
1
1
-1
-3
-4
-4
-5
-6
-4
-4
-4
-2
-2
-2
3
3
3
4
3
0
3
0
0
-1
-2
-1
-4
-3
-3
0
2
4
7
8
5
6
6
4
3
0
-5
-7
-4
-7
-10
-9
-12
-14
-12
-7
-6
-8
-5
-2
-6
-5
-6
-7
-9
-8
-8
-8
-9
-9
-7
-9
-6
-4
-3
-4
-2
5
2
2
3
2
4
5
3
3
5
6
9
11
13
17
16
13
17
16
17
16
17
13
11
16
11
10
11
9
10
10
4
3
3
1
4
0
0
2
3
6
3
-1
-4
-6
-5
-9
-13
-11
-13
-13
-15
-18
-16
-15
-15
-11
-13
-10
-9
-9
-6
-7
-9
-6
-4
-4
-1
0
2
0
-2
0
-2
0
0
1
5
7
3
4
3
2
2
4
5
5
3
3
5
2
-3
-4
-3
2
1
3
3
1
3
5
6
6
5
2
4
6
4
0
-3
-2
-5
-4
-1
-6
-6
-4
-2
-2
0
0
1
-2
-5
-3
-4
-3
-1
0
-2
-5
-2
-2
-2
-2
0
1
4
9
7
6
6
5
4
3
4
5
2
0
-1
2
4
5
5
1
1
0
1
0
-6
-7
-5
-10
-7
-7
-7
-4
-1
1
-1
0
2
-1
-3
-3
-3
-1
1
-4
-2
-1
-2
-2
1
-4
-5
0
-2
2
5
5
11
12
7
9
8
7
6
3
3
2
4
2
2
5
3
6
6
6
8
5
7
3
-2
-5
-4
-4
-3
-1
0
0
-1
-4
-4
-5
-6
-10
-14
-14
-15
-12
-7
-6
-1
-3
-7
-4
-7
-3
-1
-7
-6
-5
-3
-8
-9
-5
-8
-8
-5
-6
-2
2
1
-1
4
6
6
4
4
6
6
4
8
7
6
6
3
6
6
3
4
4
9
10
10
10
11
10
6
4
2
3
3
2
2
2
0
-3
-1
-2
0
2
1
2
-3
-3
-1
-1
2
4
5
3
0
0
1
2
2
-1
-1
-2
-8
-7
-6
-5
-4
-3
-1
-1
-1
1
-1
-3
-3
-3
-5
-6
-6
-5
-5
-4
-1
-7
-11
-6
-7
-6
-7
-8
-1
-3
-4
-2
-4
-1
-4
-6
-5
-2
-3
-5
-5
-5
-4
-1
3
1
3
5
4
1
0
1
-2
2
0
2
5
5
9
12
13
15
13
12
14
14
14
11
11
12
8
7
9
9
10
10
6
6
4
3
1
1
0
-2
0
0
-3
-2
-4
-4
-4
-9
-9
-10
-9
-10
-11
-7
-6
-10
-8
-8
-7
-5
-7
-7
-10
-13
-12
-12
-12
-11
-6
-5
-6
-8
-9
-9
-8
-8
-8
-4
-7
-6
-2
-5
-2
-1
-2
-2
4
4
3
5
7
11
13
15
16
15
14
16
18
15
13
17
15
18
17
16
15
12
8
8
9
7
5
2
-1
-2
1
0
0
1
-1
0
-2
-4
-2
-6
-9
-10
-15
-16
-14
-17
-16
-12
-11
-11
-10
-5
-5
-2
-4
-8
-9
-11
-11
-11
-7
-8
-6
-6
-3
0
-4
-4
-2
-2
-2
1
3
1
3
2
3
3
5
7
6
3
5
9
9
8
8
10
12
9
9
10
9
9
12
10
9
