SAMPLES:
14347
BITSPERSAMPLE:
16
CHANNELS:
1
SAMPLERATE:
16000
NORMALIZED:
FALSE
-9
-9
-10
24
65
82
82
80
85
75
54
69
79
65
70
85
97
92
99
101
99
109
115
136
150
139
115
83
57
49
75
96
88
69
68
95
86
77
88
75
53
42
47
51
26
4
-2
-18
-39
-50
-68
-96
-101
-113
-114
-98
-109
-84
-64
-72
-57
-59
-55
-45
-49
-58
-66
-81
-95
-104
-117
-117
-126
-134
-147
-150
-153
-147
-130
-102
-71
-63
-47
-37
-21
-15
-9
10
21
21
19
20
10
6
23
43
56
87
104
127
139
140
159
158
160
151
127
132
136
121
112
95
91
106
121
135
135
155
167
149
112
72
51
23
2
-30
-66
-82
-94
-77
-69
-61
-39
-28
-17
-43
-76
-91
-97
-96
-96
-79
-72
-73
-76
-97
-105
-105
-101
-85
-75
-56
-38
-45
-37
-41
-57
-52
-55
-68
-95
-118
-135
-132
-113
-98
-78
-76
-78
-56
-23
1
4
2
-2
-1
15
24
40
40
60
78
90
104
95
84
78
55
34
40
55
77
94
91
86
88
82
98
119
128
125
124
131
121
106
100
81
76
87
92
97
94
75
49
46
26
20
-10
-50
-44
-58
-56
-74
-91
-90
-89
-88
-87
-71
-79
-91
-93
-101
-115
-127
-127
-127
-109
-101
-113
-121
-121
-105
-91
-68
-41
-11
4
20
44
41
33
44
41
37
52
59
66
77
71
80
92
62
52
43
23
14
-2
-7
-13
-29
-17
-22
-36
-37
-57
-46
-61
-77
-56
-41
-15
4
26
23
7
4
-4
-20
-26
-26
-37
-34
-33
-37
-38
-44
-35
-24
-17
-18
-43
-54
-39
-21
-11
23
40
42
78
100
127
145
151
161
145
130
111
90
83
86
102
93
98
108
91
77
73
84
92
98
102
114
111
76
44
12
-13
-35
-43
-50
-46
-36
-44
-46
-46
-57
-71
-77
-96
-135
-154
-163
-184
-201
-206
-210
-231
-227
-220
-220
-195
-189
-177
-155
-129
-105
-81
-55
-34
-6
23
47
62
51
28
7
-23
-30
-17
7
42
51
56
75
92
115
115
127
151
140
133
128
111
87
89
87
73
59
53
48
38
53
65
76
94
86
77
59
39
42
46
70
79
81
77
51
19
-10
-17
-13
10
30
44
48
57
63
67
79
58
55
44
14
5
10
15
13
23
-1
-28
-26
-43
-61
-76
-100
-101
-101
-105
-113
-143
-163
-179
-184
-171
-176
-158
-137
-115
-77
-76
-76
-73
-104
-118
-124
-117
-94
-72
-61
-49
-47
-64
-46
-40
-31
-11
0
16
11
7
19
35
38
23
8
1
2
13
33
40
82
113
124
161
167
166
132
108
105
94
116
146
156
174
190
166
155
147
124
123
129
126
130
121
105
98
83
70
44
15
-22
-64
-90
-98
-110
-125
-122
-122
-122
-119
-98
-76
-82
-89
-99
-98
-110
-114
-105
-103
-94
-89
-85
-91
-84
-74
-81
-87
-76
-49
-17
-8
-3
-11
-21
-3
-1
19
39
48
43
23
18
28
41
37
40
53
56
66
75
71
79
60
46
45
32
51
42
26
22
-9
-49
-67
-74
-80
-65
-62
-47
-27
-26
-5
-2
-19
-41
-81
-103
-95
-76
-65
-68
-45
-36
-24
-18
-23
-17
-18
-20
-32
-29
-19
2
21
68
98
105
124
135
155
135
89
69
65
62
55
49
52
57
63
94
130
142
151
121
96
85
70
61
36
17
2
-5
-2
12
34
44
46
51
20
-5
-26
-65
-81
-92
-108
-117
-127
-125
-161
-191
-183
-185
-185
-202
-198
-187
-176
-170
-159
-122
-103
-86
-67
-51
-33
-37
-52
-45
-33
-16
0
-5
-19
4
38
66
98
113
131
131
136
163
178
172
151
129
118
134
138
153
164
164
192
206
197
183
183
166
143
114
84
58
26
-2
-12
-19
-48
-62
-77
-63
-60
-71
-77
-111
-134
-170
-180
-177
-199
-215
-215
-216
-229
-227
-223
-220
-206
-202
-204
-166
-127
-98
-72
-72
-57
-31
-8
7
33
46
42
51
65
87
101
121
155
159
156
143
141
155
150
154
154
156
146
119
115
106
82
77
91
104
119
125
109
91
60
19
2
-7
-34
-54
-56
-63
-70
-58
-55
-49
-38
-46
-48
-38
-25
-25
-13
6
2
1
10
4
8
22
31
42
31
26
5
-8
-14
-24
-2
-8
-41
-67
-98
-115
-110
-112
-102
-82
-74
-76
-68
-68
-87
-97
-90
-74
-60
-58
-51
-48
-29
-9
-4
-22
-41
-69
-99
-95
-98
-84
-58
-48
-27
-20
-10
10
20
37
54
64
62
49
36
49
53
55
68
62
59
71
86
105
116
117
122
131
150
154
142
134
106
98
84
72
97
96
100
107
99
104
89
68
56
26
22
29
17
-2
-39
-56
-54
-79
-80
-53
-44
-31
-31
-41
-53
-84
-101
-123
-133
-140
-145
-132
-135
-139
-128
-125
-123
-120
-109
-95
-89
-103
-114
-105
-98
-77
-54
-30
-2
31
47
49
59
64
60
69
75
80
79
67
89
108
83
74
74
80
91
74
84
71
43
19
-6
-19
-21
-21
-23
-4
8
6
6
6
-22
-46
-65
-85
-92
-82
-60
-56
-62
-58
-39
-30
-16
-13
-24
-12
-2
8
18
31
46
53
65
61
66
75
77
80
73
75
75
76
60
16
-3
8
37
68
103
119
120
124
143
145
127
116
90
51
12
3
-1
-27
-37
-46
-75
-91
-84
-85
-99
-113
-116
-105
-109
-122
-144
-164
-165
-154
-138
-133
-113
-89
-75
-49
-55
-90
-121
-150
-157
-158
-152
-135
-129
-106
-72
-50
-22
-16
-10
1
-1
15
34
68
95
98
97
113
127
145
152
171
198
214
252
252
234
213
191
183
169
150
132
135
140
152
168
161
123
96
71
26
-8
-24
-43
-47
-26
-37
-52
-47
-67
-65
-75
-85
-74
-91
-101
-104
-110
-119
-122
-130
-142
-164
-173
-166
-158
-136
-116
-114
-118
-126
-154
-167
-160
-154
-122
-90
-71
-65
-42
-10
-16
-17
2
21
44
70
81
90
92
95
85
65
59
39
37
45
39
30
39
54
46
39
59
82
66
63
60
52
45
16
7
17
45
50
46
44
33
21
10
7
20
39
47
36
28
27
6
2
16
30
41
41
56
81
97
100
90
75
67
66
59
56
68
63
64
60
56
66
32
14
-1
-40
-68
-89
-89
-72
-76
-65
-19
-5
12
12
-28
-82
-121
-154
-171
-165
-178
-180
-199
-233
-257
-266
-242
-200
-165
-128
-100
-84
-69
-79
-95
-86
-80
-79
-44
-11
27
58
85
102
81
73
76
92
90
102
122
117
131
169
169
164
176
172
189
197
188
193
185
167
158
171
174
174
170
134
85
50
32
15
1
5
21
17
12
0
-2
-9
-25
-38
-70
-83
-90
-105
-129
-152
-166
-182
-184
-186
-200
-199
-186
-165
-159
-155
-141
-135
-116
-86
-60
-41
-23
-4
-3
-2
3
-10
-16
-9
-3
16
19
9
23
26
38
45
40
32
19
11
7
-1
6
29
57
88
125
166
181
183
171
141
95
62
53
40
40
31
2
-11
-30
-53
-49
-62
-71
-75
-56
-38
-33
-15
-22
-16
-18
-21
-15
-27
-9
1
5
27
14
7
8
4
2
13
28
59
75
74
97
92
96
91
88
66
20
1
-23
-25
-28
-31
-24
-21
-11
-7
13
33
20
29
34
29
20
12
24
-1
-40
-64
-78
-95
-100
-117
-139
-142
-144
-130
-117
-101
-87
-96
-96
-108
-117
-109
-117
-137
-128
-132
-138
-85
-58
-28
4
25
38
35
24
5
3
0
7
23
40
58
69
56
71
86
94
119
140
168
188
201
186
171
153
123
96
88
110
134
145
154
171
174
178
155
114
93
65
41
12
-15
-28
-35
-35
-35
-43
-66
-83
-100
-98
-78
-65
-63
-53
-43
-39
-25
-25
-45
-62
-84
-120
-149
-161
-165
-159
-134
-125
-124
-113
-117
-123
-123
-119
-103
-74
-64
-49
-37
-28
-33
-46
-45
-50
-50
-46
-21
18
62
95
113
123
131
122
116
95
67
80
59
53
55
53
73
71
94
117
98
77
57
22
-11
-47
-66
-68
-76
-87
-77
-70
-66
-57
-61
-47
-8
24
49
46
47
46
27
11
-28
-59
-69
-65
-56
-36
-11
16
41
69
81
90
126
148
159
148
139
139
124
117
89
54
18
3
3
11
36
49
71
61
47
26
16
10
-15
-22
-48
-77
-94
-114
-141
-157
-175
-180
-174
-169
-159
-156
-160
-148
-119
-90
-65
-49
-50
-47
-63
-100
-126
-132
-126
-122
-108
-70
-36
2
35
58
106
117
126
139
122
121
130
154
169
164
149
136
133
129
144
159
158
162
161
164
147
129
98
67
65
46
27
3
-14
-24
-22
-31
-44
-45
-52
-45
-59
-58
-72
-105
-122
-164
-191
-209
-202
-173
-158
-150
-134
-103
-103
-106
-126
-130
-122
-117
-92
-67
-46
-41
-29
-15
4
34
33
29
41
47
64
80
95
101
97
108
115
106
113
98
85
87
73
65
50
46
50
49
60
65
58
78
89
67
52
44
30
29
38
33
15
-6
-17
-29
-38
-22
-11
-1
14
21
0
-36
-66
-92
-106
-118
-95
-64
-55
-49
-46
-47
-51
-35
-13
-9
-2
9
22
37
43
36
13
1
-16
-19
-21
-42
-30
-17
12
45
57
71
78
81
85
65
29
23
28
12
4
11
-4
-3
20
31
41
32
27
6
-24
-29
-27
-29
-24
-38
-62
-73
-80
-107
-134
-133
-158
-160
-141
-113
-94
-85
-79
-86
-95
-122
-133
-107
-96
-83
-79
-88
-76
-65
-41
-17
-6
29
62
70
92
124
145
182
213
225
232
233
240
235
228
220
202
188
182
186
183
180
182
161
134
119
101
96
79
44
18
-3
-33
-70
-79
-85
-101
-119
-142
-152
-142
-138
-154
-151
-144
-168
-185
-191
-205
-204
-184
-179
-189
-182
-155
-126
-105
-90
-75
-58
-51
-44
-30
-11
7
18
1
-25
-19
-7
0
9
21
33
44
62
75
91
91
82
71
73
72
68
90
88
95
100
96
119
152
169
155
132
86
50
26
15
26
22
28
16
14
17
12
10
-28
-56
-80
-101
-93
-89
-58
-47
-48
-42
-47
-35
-45
-45
-19
-7
-11
0
-8
-34
-35
-33
-29
-26
-11
-10
-7
26
39
43
62
77
72
70
66
55
60
48
31
23
23
39
51
59
57
46
30
17
-3
-7
-18
-35
-29
-31
-44
-54
-67
-91
-105
-116
-125
-132
-136
-143
-157
-148
-146
-164
-173
-172
-161
-142
-119
-104
-75
-38
-33
-21
12
53
69
65
78
95
126
138
143
141
145
168
159
167
187
204
201
201
215
210
230
230
201
185
160
133
117
100
71
46
8
-24
-34
-78
-98
-109
-118
-110
-124
-123
-118
-126
-124
-138
-170
-184
-191
-195
-189
-185
-188
-189
-167
-143
-140
-116
-90
-83
-43
-5
11
35
56
64
66
51
32
25
24
27
39
58
56
55
62
82
103
126
137
125
119
108
101
90
78
65
58
49
37
36
26
18
4
1
-11
-15
-6
-5
-13
-31
-22
-41
-78
-82
-108
-121
-136
-149
-158
-163
-153
-138
-117
-117
-112
-101
-69
-41
-31
-17
-7
2
3
4
8
15
26
25
43
49
53
75
113
142
146
166
164
173
181
165
172
187
185
179
194
200
228
242
219
205
189
178
140
109
87
58
19
-23
-68
-96
-76
-108
-118
-132
-167
-195
-250
-261
-294
-306
-277
-275
-265
-268
-275
-283
-280
-268
-247
-222
-228
-212
-190
-182
-155
-151
-155
-131
-115
-82
-43
-12
38
74
102
146
183
204
224
237
247
280
307
310
301
276
262
253
254
246
227
214
184
184
182
178
177
154
131
92
69
62
47
36
6
-37
-77
-108
-132
-155
-153
-151
-151
-146
-142
-144
-141
-116
-107
-105
-94
-94
-106
-106
-121
-147
-137
-122
-116
-105
-88
-79
-78
-91
-80
-55
-51
-20
3
1
10
21
18
28
44
53
55
48
39
27
33
46
39
21
7
-6
-15
-3
27
68
112
126
103
86
68
37
34
29
25
26
14
16
24
41
54
75
81
76
65
38
21
7
-7
-34
-55
-50
-50
-42
-25
-11
3
1
2
7
16
10
-21
-28
-42
-72
-90
-85
-72
-48
-20
-9
-16
-6
-13
-13
4
15
44
40
30
19
-2
5
19
35
55
54
49
41
28
23
16
-3
-23
-49
-57
-56
-40
-23
-25
-36
-61
-62
-45
-45
-46
-50
-51
-53
-64
-70
-75
-61
-50
-38
-8
23
54
65
58
44
17
-5
-1
14
3
7
19
14
2
9
37
41
56
69
92
105
94
101
102
97
82
74
72
71
71
47
8
-14
-20
-21
-11
-8
-32
-51
-74
-100
-99
-92
-89
-92
-73
-67
-74
-57
-66
-74
-47
-21
-1
13
12
21
32
31
14
-1
17
19
33
61
51
67
74
65
61
56
54
51
49
50
72
78
78
61
39
28
1
-26
-31
-23
-12
6
13
10
-13
-21
-20
-16
-15
-45
-83
-122
-138
-141
-147
-146
-151
-159
-134
-122
-123
-106
-105
-89
-75
-73
-33
-8
6
5
-4
-2
-10
-12
1
26
33
39
52
45
36
47
51
36
34
35
55
102
104
98
96
63
52
69
103
126
126
118
122
135
146
164
149
138
146
118
118
126
109
91
86
98
96
89
108
98
74
44
5
-23
-43
-47
-74
-97
-106
-131
-151
-169
-183
-198
-219
-239
-254
-261
-259
-269
-274
-269
-257
-240
-224
-194
-159
-146
-150
-144
-129
-102
-79
-80
-49
-7
28
62
80
95
100
91
79
104
116
128
153
182
230
247
261
260
248
254
250
238
239
231
216
216
215
210
220
191
158
119
70
38
-13
-40
-66
-95
-121
-138
-137
-142
-147
-156
-170
-177
-200
-223
-211
-217
-211
-181
-170
-151
-149
-162
-159
-151
-142
-130
-120
-87
-59
-22
21
40
71
94
90
88
92
89
98
111
85
77
81
77
91
103
125
130
116
114
106
103
110
100
75
48
31
26
29
27
26
31
28
24
-1
-34
-54
-51
-34
-43
-43
-51
-54
-46
-51
-49
-67
-66
-51
-59
-58
-67
-90
-86
-91
-111
-102
-98
-78
-59
-48
-30
-19
-7
1
3
8
5
-1
2
23
39
52
60
65
58
43
36
22
24
29
25
26
34
42
25
19
27
12
16
12
11
27
8
-6
1
19
40
51
61
77
69
46
40
47
43
35
51
59
67
48
23
12
1
-10
-23
-44
-73
-60
-39
-27
-8
-3
-16
-33
-31
-15
1
9
20
8
-16
-34
-55
-60
-75
-98
-126
-138
-108
-92
-77
-43
-26
-14
-31
-51
-50
-63
-77
-75
-57
-59
-87
-78
-69
-48
-6
27
60
83
92
94
111
106
94
79
79
74
67
74
76
74
57
48
41
49
50
49
63
49
31
24
18
22
30
62
91
97
98
76
62
51
36
33
13
-9
-23
-17
-10
-5
4
-14
-30
-37
-38
-3
11
-10
-35
-71
-88
-105
-116
-98
-93
-99
-89
-93
-97
-91
-85
-72
-64
-53
-53
-56
-65
-68
-63
-63
-57
-54
-57
-38
-32
-17
9
15
15
15
12
3
2
11
39
57
36
22
30
32
38
59
71
71
77
79
72
68
75
90
96
105
113
127
132
139
120
70
35
21
20
21
22
7
-5
-5
-15
-17
-25
-20
-8
11
30
4
-19
-17
-26
-22
-26
-58
-78
-76
-83
-100
-98
-83
-76
-73
-60
-54
-68
-89
-105
-117
-114
-125
-126
-107
-90
-72
-80
-66
-53
-44
-31
-40
-30
-15
-3
27
78
119
155
177
194
205
192
173
163
146
153
158
148
142
125
117
106
90
78
71
44
28
31
18
-5
-25
-31
-33
-40
-53
-84
-124
-130
-142
-154
-125
-129
-138
-103
-89
-104
-116
-120
-126
-135
-136
-145
-142
-126
-126
-94
-74
-71
-34
-21
-8
15
27
44
43
53
77
85
108
129
132
135
134
103
66
53
46
67
93
86
95
93
97
108
110
109
102
83
55
56
47
14
-5
-33
-42
-43
-57
-36
-8
17
28
21
30
25
-12
-34
-67
-99
-124
-139
-128
-127
-108
-111
-112
-101
-95
-87
-76
-46
-30
-34
-54
-66
-88
-111
-109
-101
-82
-54
-51
-50
-37
-15
30
65
104
128
105
97
99
124
149
153
169
168
174
181
164
159
146
145
160
147
142
124
104
108
83
63
48
8
-10
-36
-67
-65
-72
-67
-43
-46
-36
-41
-58
-58
-78
-94
-101
-117
-141
-157
-151
-148
-151
-151
-164
-168
-165
-184
-215
-228
-223
-202
-177
-152
-142
-130
-115
-98
-67
-42
-37
-31
-3
14
34
74
108
110
133
159
160
170
185
201
206
202
201
182
164
165
153
169
176
153
155
137
108
98
76
66
91
84
69
65
45
43
49
49
31
11
1
6
9
10
15
-1
-41
-75
-110
-158
-179
-186
-187
-174
-165
-145
-118
-106
-89
-72
-64
-52
-52
-56
-54
-52
-44
-36
-34
-29
-1
20
27
13
-4
-6
-32
-38
-26
-16
9
28
26
40
44
33
34
35
39
16
15
23
-25
-57
-69
-80
-76
-71
-43
-17
15
41
44
39
30
7
-41
-73
-75
-65
-47
-27
5
29
43
45
45
51
54
50
47
43
39
41
51
46
54
63
58
55
48
61
90
124
124
107
91
67
50
28
21
19
14
6
-5
6
10
18
19
-6
-34
-30
-33
-37
-13
2
12
7
-3
-10
-55
-73
-92
-77
-104
-135
49
67
-217
-475
-336
64
-109
-572
-427
-224
-327
-546
-12
397
-301
-888
-462
626
575
-306
-534
-112
234
250
201
219
86
-283
-185
587
224
-385
-947
-534
-216
-955
-1380
-1643
-2184
-2246
-2191
-2119
-1716
-2123
-2581
-2187
-2199
-1426
-1377
1724
8531
4684
-7319
-10650
11334
30799
14342
-14761
-11545
20155
29043
10451
2986
12792
8150
-8072
6175
31141
22231
-13160
-21794
9028
18167
-2260
-14025
-640
4131
-17155
-26892
-10330
4385
-7095
-24254
-24311
-17922
-15929
-14036
-6193
-7626
-19908
-24721
-15343
-141
1838
-5338
-12289
-11579
-2886
2820
3164
1645
2951
2502
-1513
-557
8217
14273
9144
2439
2629
6051
7746
9707
14283
12781
3965
-507
6802
15888
14895
7062
3198
5602
6921
6928
7944
9256
6516
-529
-2513
2699
8112
5341
-2297
-5190
-2609
-204
-1824
-1742
133
-1741
-6869
-8946
-1801
4295
740
-5384
-4922
870
817
-1737
604
4758
2418
-2648
-308
3452
2599
616
2364
3079
-2256
-4362
-5
2971
-601
-5200
-5106
-4687
-4679
-4514
-3983
-4897
-8692
-10286
-9251
-6028
-5756
-9207
-11554
-10067
-7720
-7567
-8295
-8477
-8628
-8261
-8437
-6113
-4490
-3826
-4393
-6457
-4737
-153
659
2568
14320
12167
-2684
-11179
4879
30334
23797
-7114
-13636
12170
29452
16981
5322
11094
11584
-2007
1836
23970
24895
-937
-16476
1051
15291
3964
-8537
-2607
4319
-7652
-19267
-11193
843
-1681
-13554
-16543
-14113
-13335
-11478
-5194
-3370
-11809
-17616
-13816
-3661
1405
-1142
-5570
-8172
-4529
923
3015
2779
3003
3278
-212
-1844
3179
9243
8176
2240
484
1930
2760
3326
6917
8653
3297
-2815
-1497
5877
9202
5517
1322
793
2047
2869
4482
6438
6227
2498
-835
782
5028
7104
3821
-29
992
2259
1149
260
3129
5024
411
-4733
-2242
2697
2483
-242
-1082
-1604
-3506
-3632
641
1796
-2356
-5767
-5613
-3426
-2926
-1807
-1388
-3840
-6876
-6635
-2506
-228
-1851
-4310
-5041
-4281
-3657
-1742
370
-394
-4156
-5822
-3333
-574
656
-933
-3349
-5388
-5956
-1235
833
1883
5712
2395
-9589
-15222
3899
27705
15714
-18261
-22708
7923
25211
12203
-408
4797
3932
-7755
2270
26123
25095
-5187
-19675
2195
19458
9695
-3549
2035
8750
-3297
-14175
-5296
9422
6513
-7645
-14282
-10696
-5570
-2545
1338
-856
-9564
-15250
-11746
-1079
4453
747
-7306
-11663
-6022
2058
4012
1778
1161
1468
-1861
-4276
2112
11698
10840
972
-4544
-765
5444
7879
8920
7881
1468
-4041
-367
9122
12067
4941
-1901
-1829
903
2374
3620
5311
3441
-2937
-6349
-2740
3775
5114
-273
-4753
-5473
-3279
-907
746
1943
-688
-5372
-6412
-2052
2484
2963
103
-2432
-3169
-3068
256
3661
3682
782
-2925
-2452
271
3362
4878
2836
-490
-3100
-1715
1528
2790
603
-3298
-5477
-5203
-2663
-963
-1285
-3813
-6377
-7235
-7009
-3863
-1890
-4187
-10204
-12504
-6833
-977
3750
5694
-378
-13251
-15059
8540
29713
14181
-18694
-19142
12286
28717
15519
3211
7008
4724
-3168
7788
28501
24529
-4463
-15366
3953
18595
9170
-2133
3292
6540
-5370
-14719
-5628
6988
2787
-10814
-17304
-13914
-9606
-6383
-3363
-6119
-13629
-18421
-13252
-3239
953
-3090
-9948
-11088
-6017
-154
1725
1070
1783
1650
-482
-957
4902
12219
12092
5564
980
3779
9066
12119
12708
10640
6310
2248
3681
9595
13093
9381
2311
-1157
460
3687
4858
4058
1471
-2352
-5164
-3934
1067
3119
31
-5282
-7547
-4316
-956
840
-206
-2959
-4625
-4691
-3259
-772
934
585
-1741
-5302
-5839
-1583
1714
1370
-2652
-5083
-3969
-2842
-931
988
714
-3136
-6024
-3234
1235
1061
-2353
-3742
-3129
-3345
-3060
-1588
312
-1458
-5621
-6367
-3995
-1181
-1457
-5273
-6185
-5573
-5004
1246
10588
8526
-10293
-19164
3775
31498
19908
-15186
-20351
9367
28352
15916
4020
8102
5146
-4747
3725
27239
26792
-3630
-18651
-82
18045
8717
-5809
-1176
6025
-4115
-15984
-9084
3855
1699
-11404
-17765
-14139
-10827
-8217
-5223
-6552
-12496
-17737
-14072
-4665
890
-2383
-10041
-11289
-4615
1045
564
244
3650
4340
654
861
8789
14274
11494
7787
8593
9802
8343
10877
17094
16514
7132
1190
6817
13847
11068
4112
3351
5867
3404
-1598
-1004
4624
4805
-2509
-8091
-5578
-127
262
-2737
-4826
-4408
-4956
-5669
-2655
850
128
-5139
-7829
-4192
-139
-136
-2162
-1858
-2410
-4719
-4915
-956
2301
-931
-5046
-5788
-3809
-1959
-150
993
-2764
-7394
-7008
-1513
1551
-1947
-5744
-6694
-4855
-3837
-3299
-2556
-3398
-5039
-7164
-5771
-3640
-3226
-3690
-4546
-3891
-2831
5024
12429
4172
-10786
-7154
20814
31728
4965
-19277
-4269
25909
25953
8286
5667
10987
1568
-5883
13055
29831
12097
-18298
-15258
11698
15963
-2979
-10487
3010
4885
-12103
-17007
-1523
9179
-3200
-17085
-14450
-6043
-4470
-5954
-3594
-4936
-11695
-14794
-7450
3071
2773
-6425
-12898
-7490
2324
2948
-2760
-3953
1851
3645
-889
-855
6177
10293
5920
2360
5171
8143
6955
7218
12161
12933
6448
1899
7053
13559
10289
2035
244
5514
7264
2287
-2174
-885
1853
502
-1786
-2268
-1520
-3277
-4739
-1314
611
-2063
-6202
-4954
529
1071
-2613
-4130
-3114
-1309
-749
-1032
-2102
-3677
-3435
-586
-619
-3201
-3931
-2498
-972
-2860
-3432
-1373
-798
-3146
-5194
-2697
326
-1116
-4550
-5338
-2678
-1080
-2441
-4101
-3003
-2624
-3222
-4742
-3951
-1782
-2722
-3572
-4247
-3214
-2460
4034
11495
3796
-12492
-12858
14810
32767
9732
-20862
-13846
19672
28797
10303
662
6669
3695
-5145
7530
26447
17965
-11117
-17375
6071
17175
3982
-7467
-252
4419
-7752
-14827
-5531
5675
496
-12260
-15824
-10944
-5393
-3531
-3375
-6776
-11888
-13819
-10059
-1151
2341
-3211
-11313
-10705
-783
3090
-1163
-3721
524
3382
-655
-1052
5331
10014
7120
4154
6679
8784
7918
8518
13509
14277
7709
2998
7033
13867
12473
5256
2078
5290
7627
4598
627
911
2869
1642
-1035
-2124
-1350
-2217
-3463
-1431
-1077
-4827
-7606
-4548
231
-1423
-6576
-6647
-3968
-3316
-2760
-1330
-1923
-5582
-6249
-724
1999
-1671
-4950
-3244
-128
-1797
-3130
-626
431
-2921
-6575
-4112
834
151
-4603
-5924
-3951
-2487
-2929
-2849
-1940
-3102
-4703
-5344
-3963
-1739
-956
-3216
-5689
-4854
-2797
4698
12767
7545
-8544
-16685
5814
31612
19008
-15008
-19872
10543
28603
14114
362
5369
3874
-6664
1170
22254
20231
-8922
-21493
-537
15437
4725
-9897
-3668
4142
-6109
-15561
-6914
6558
3098
-9842
-13369
-8124
-4534
-2370
1343
-455
-8234
-12304
-6084
4291
5526
-674
-6491
-5391
812
3120
1778
888
2778
2691
-994
-315
5717
9145
5753
2406
4001
5240
3289
4309
10627
11932
3906
-2858
1317
9742
9379
2283
-1103
1133
2175
-477
-836
2561
3311
-2036
-5963
-3341
1378
909
-3015
-1536
605
-2250
-5247
-2385
4039
2651
-5596
-7319
-2612
771
-118
-1460
-1974
-4256
-6413
-2692
1702
963
-3003
-5687
-3945
-2116
-97
2511
1185
-3268
-5929
-2899
2789
2673
-1658
-2975
-1631
-1246
-1919
-651
1826
68
-4769
-5411
-2392
698
-1509
-4208
-3765
-1647
-1396
-4953
3524
12412
5216
-14559
-15365
16517
31910
2311
-25686
-9796
23918
22821
289
-2419
8430
-161
-9127
8258
26042
10831
-20452
-17353
9681
16589
-1122
-10769
-499
2742
-9000
-11894
-372
7580
-2019
-12810
-11422
-3665
-1442
-1597
-1097
-4168
-8377
-10056
-3177
4832
3134
-4789
-9913
-4491
2936
1646
-2457
-1426
3084
1236
-3623
-69
7774
8553
2853
2033
5395
5391
3132
7743
14474
10577
956
-645
8034
13108
8166
3280
3848
4682
1564
204
4028
7894
4218
-3096
-5228
-1275
3249
2130
-933
-2047
-3160
-5007
-4221
855
3390
-2022
-9091
-7760
-1417
1018
-1499
-3448
-3377
-5004
-5573
-2730
949
714
-3878
-6098
-4610
-1773
780
792
-1619
-4851
-5431
-1799
1710
808
-2709
-3876
-2983
-2286
-2180
-808
-132
-1954
-5065
-5440
-1926
354
-2179
-3290
-3537
-2611
-5122
-5966
9832
15118
-2643
-22558
-11161
23747
28108
-6125
-24034
-2796
20983
15072
1497
4700
5816
-9031
-8451
16170
27152
3746
-22220
-10175
13831
13486
-3309
-6640
4060
2863
-9087
-9239
2508
7820
-555
-9136
-8540
-3777
-1775
950
2400
-1800
-7506
-10072
-2661
5324
3930
-3555
-8415
-3900
1691
809
-353
2029
3669
-133
-3440
1227
7603
7994
4815
3340
2097
801
3606
11018
12596
3890
-3768
-1400
6609
9015
4843
1463
43
-1722
-2423
233
4204
4710
-942
-6301
-6632
-1568
3369
3303
-319
-5175
-6592
-4078
1698
5113
1127
-6259
-8279
-3143
2280
2757
-614
-2570
-3070
-3583
-2036
856
2115
-315
-3754
-3993
-1853
323
1296
1132
-1189
-4330
-3711
445
2627
497
-2887
-4350
-3019
-1429
-56
-132
-1838
-4041
-4227
-3414
-1687
-1450
-2494
-3697
-4857
-5198
-5785
4372
13529
3675
-17043
-18966
12896
32767
7629
-23782
-16018
15513
22637
6424
1399
6575
-4123
-12065
7327
29227
15472
-17675
-19148
8352
18067
843
-8730
2979
7229
-7722
-13211
327
11431
2604
-9820
-9406
-3224
-2464
-1176
2397
189
-7616
-12163
-5695
4252
4453
-3101
-9242
-6281
727
836
-1994
-902
2512
774
-4389
-1735
5942
7545
3583
2121
3118
1258
231
7054
13573
7388
-3793
-4277
6013
11404
5364
-372
368
2284
922
235
2829
4971
1832
-2768
-3233
95
3264
2544
1212
-1270
-3145
-3134
20
4120
2730
-3179
-6260
-3403
1158
2389
-780
-3845
-3827
-2781
-1681
-1095
-594
-1112
-3325
-3938
-2209
-459
-1166
-1805
-1307
-2409
-4145
-2478
1328
2019
-1748
-4710
-2968
224
598
-626
-990
-952
-2541
-4341
-786
1780
425
-3774
-5740
-1789
-2201
3034
11789
4652
-13223
-19007
8086
32165
11834
-21876
-19118
11036
21495
7196
-471
5276
-3756
-14475
778
24156
17035
-15065
-22550
1631
14402
1317
-9536
125
6611
-6438
-14480
-2787
10106
4742
-7182
-9535
-3689
-2412
-949
3942
2794
-4907
-11045
-5746
5744
6947
-1245
-7881
-5061
2310
2246
-1141
-106
3553
2294
-2722
-1349
5500
7160
3654
3064
4505
2783
-134
4846
13412
10365
-1098
-5017
4234
12826
8573
-289
-1403
2978
4231
1631
722
2958
2652
-1633
-3306
-732
1823
1768
-807
-2759
-2385
-1561
164
719
-1234
-2949
-4064
-3197
-825
530
-1889
-4741
-4132
-1246
-275
-2051
-3286
-2715
-1846
-1858
-1326
-1962
-2766
-1699
-562
-1733
-3675
-3771
-867
1421
-1096
-5095
-4463
-734
840
-2122
-3692
-2164
-1325
-3515
-3127
-1110
10
-3710
-5425
-3466
-181
10394
8465
-5599
-17726
-5341
24570
25657
-6714
-23346
-4258
20768
18402
4023
2907
2571
-8612
-5771
16152
25182
2248
-22121
-9259
12382
11374
-5116
-6603
4993
1262
-12462
-10314
4862
9267
-2645
-12672
-8618
-2062
-1197
1285
2306
-2868
-10515
-11236
950
8914
3308
-7348
-10109
-1311
4795
1417
-1673
-279
1266
-1407
-2966
3640
8280
4101
-459
2390
6475
4424
805
6145
12285
7894
-1469
-2436
7320
12881
7053
-1520
-2307
2999
5406
2944
181
8
-1268
-2641
-662
2563
2220
-2686
-5460
-2078
1176
242
-1087
-2272
-3123
-4684
-3663
1437
2944
-1180
-5854
-5393
-1410
695
598
-464
-3100
-5103
-3595
435
2362
-910
-3162
-2574
-1980
-1913
-1336
12
402
-1439
-3480
-3132
-782
1545
1100
-2582
-4164
-2618
-880
-378
-617
-189
-1718
-6104
-4791
130
4020
8057
4251
-4497
-12632
-5104
20070
25291
-1531
-22436
-10202
17936
21730
5572
-1168
-958
-7650
-6062
11312
22901
4450
-20334
-14523
6452
11090
-2311
-6362
996
-2666
-13981
-9915
4326
7828
-5042
-13460
-8221
-3351
-3631
301
4073
-1452
-12247
-12895
1578
10397
3314
-7671
-8773
178
4264
1386
478
2791
3145
-1631
-2510
5451
10978
6886
1152
2909
7715
6465
2896
6875
12387
9509
1021
-1332
5977
11437
8323
1532
-1328
1487
3598
2759
1401
1075
60
-2184
-2323
731
2938
-688
-4332
-3158
8
90
-1721
-2006
-1433
-3477
-4623
-1160
1953
-201
-4586
-4967
-2308
-267
-143
-881
-2903
-4269
-2997
-116
308
-2128
-2160
-1286
-2318
-3940
-3453
-487
464
-2492
-4718
-4090
-1854
-1410
-1985
-3094
-3579
-3950
-4964
-4451
-1417
-700
-2285
-7058
-6762
-685
2502
7866
5388
-3863
-13055
-5578
20069
26812
-365
-21477
-7989
20201
23141
6948
1284
2301
-5941
-5447
13636
24616
5191
-20891
-12988
8860
10700
-4152
-6470
2876
-1562
-14679
-10808
5152
8095
-5105
-13154
-7677
-2446
-3513
47
4253
-679
-10534
-12575
862
11042
5341
-6459
-9518
-241
5440
1578
-1205
2299
4135
-1620
-4659
3521
10907
6416
-389
1884
7607
5741
1013
6135
13215
9169
-783
-2034
6928
11461
6192
1003
1819
3727
1657
-540
877
4215
1961
-3265
-4444
-324
4034
-280
-5111
-3586
13
-181
-3597
-3215
668
-1833
-6283
-4150
997
1645
-3911
-7111
-3560
-39
-315
-1955
-3646
-3084
-1611
-755
-1652
-2841
-760
662
-2500
-6052
-4961
611
2545
-2386
-5412
-2737
289
123
-1949
-2399
-636
-2237
-4044
-2960
-31
142
-2386
-5764
-3525
-278
609
7607
7421
-3201
-15644
-5340
24481
27111
-5907
-25238
-4511
23861
19491
2251
2266
3666
-8592
-8956
15144
27526
2077
-25623
-12512
12660
11666
-7000
-7687
5311
-882
-16444
-11902
6906
10274
-6144
-15772
-8348
-1299
-2334
-857
2519
-543
-10373
-13613
-855
10694
7108
-6940
-12557
-2111
5922
2745
-1559
1425
4938
-859
-5429
2978
12440
9261
-154
-256
6688
7350
2726
5985
12609
10122
590
-1950
6910
12009
7313
1405
1626
4103
2274
-601
745
4386
3120
-2029
-4457
-884
3060
1035
-2739
-3031
-1212
-1049
-2152
-1257
-151
-2566
-5085
-3726
-591
504
-2484
-5213
-5332
-2809
287
-17
-3899
-5735
-2995
172
-1098
-4366
-2459
726
-1294
-5907
-5111
924
3043
-2620
-6523
-3597
741
276
-2828
-3715
-1727
-1309
-3313
-3391
-1047
-46
-1905
-4447
-3304
-585
-514
5128
9832
1629
-13217
-11239
16837
29528
2561
-23805
-11051
19470
21370
2985
570
6988
-3670
-12798
5068
26628
11921
-20136
-19993
6051
14297
-1997
-9654
1076
2242
-11484
-13660
704
9254
-1172
-11905
-9005
-1825
-1468
-1427
1658
1898
-4894
-11688
-5924
6257
9523
-61
-10022
-5914
3844
4775
17
450
5124
2482
-4222
-852
9794
11866
3805
-60
4898
7300
2988
3645
10808
12134
3209
-3937
1459
10156
9935
3809
580
1948
1446
-1044
104
5001
4958
-1386
-6115
-3043
3455
2376
-1457
-3049
-2663
-2585
-3364
-1169
653
-2750
-5502
-3576
-1427
-1136
-2843
-3081
-2557
-3909
-3354
-1470
-2459
-4155
-3632
-990
-1404
-4564
-3367
725
470
-4644
-6237
-1034
2343
-1199
-5039
-3217
-196
-315
-2371
-2307
-1015
-1000
-2544
-2332
-1531
-1015
-1188
-2817
-1792
804
-1284
-2264
6646
12023
2298
-16263
-7331
23340
26305
-6086
-22675
-224
23196
13222
-1279
4936
6240
-9564
-11964
14096
26220
-19
-25662
-12336
12361
11079
-7889
-9061
1770
-1441
-11880
-9039
3197
4594
-6000
-9844
-4355
-2344
-3476
-1199
3100
672
-7751
-9743
-390
8421
6433
-4042
-7665
-589
4147
2034
661
5028
5787
-1949
-4332
5451
12765
7537
462
2969
6892
3100
604
8850
15010
7273
-4972
-4557
6804
11403
6198
371
-344
52
-1901
-1226
3556
5826
640
-6717
-7439
489
4918
1185
-3802
-5431
-2868
-1876
-1481
779
-714
-4691
-5486
-2030
1330
-680
-4246
-3580
-1718
-1079
-1088
-2140
-2198
-1989
-577
373
-1642
-2144
49
1037
-1043
-3819
-2111
1092
127
-2600
-2230
-687
-956
-1926
-1737
-413
-1281
-2530
-2378
-2148
-1989
-2025
-1848
-2490
-2045
-2386
-5033
2505
12913
7556
-11569
-18384
10004
31996
9566
-21070
-14840
14439
20086
3718
621
7717
-4353
-16187
997
26108
15340
-19096
-24174
2615
15894
247
-12126
-2578
3032
-8499
-13166
-1789
7306
-981
-10277
-7168
-1287
-4067
-4736
1739
3935
-4359
-12975
-6086
7483
8499
-2194
-8918
-2256
4873
2071
-743
4007
8048
1059
-5909
1389
12977
11378
2968
2916
7807
6049
1325
7947
17221
12316
-1360
-5459
4889
13046
9899
3051
-330
-349
-1060
-133
3884
6577
2103
-5994
-7880
-562
6400
2781
-3797
-5639
-2928
-1041
-1658
-219
-321
-5112
-7272
-2992
1272
-718
-6030
-5584
-1482
-1131
-3485
-4351
-3038
-2273
-2652
-2338
-2879
-3829
-3162
-1490
-1075
-3618
-5127
-2431
-370
-1250
-2517
-2667
-1450
-880
-1749
-1589
-1880
-1249
-619
-2361
-3180
-884
-271
-1122
-3378
-2214
-18
-1207
7614
12394
961
-15243
-8907
22236
29167
-3594
-23617
-5363
21234
17926
2428
2447
3026
-10248
-10009
14848
27116
3000
-26214
-15300
11720
13560
-4343
-9299
1031
-519
-12083
-8656
4457
5919
-5492
-10736
-5277
-2642
-5450
-492
4956
-1029
-11247
-12373
1899
9502
1942
-6995
-7021
611
2086
-1425
1155
6174
3526
-4600
-4223
7276
12792
6527
2426
4827
5388
1558
3194
14522
16260
3481
-6621
-907
12778
14481
5541
-499
142
1582
764
2159
4940
4634
-2403
-6330
-2023
3471
3974
-2035
-4167
-3064
-2583
-2176
-940
-196
-3358
-6329
-3456
231
-1145
-4384
-4470
-1323
-1137
-3776
-4018
-2216
-1767
-2324
-2272
-1150
-2702
-4364
-2405
777
74
-4845
-5334
-1123
993
-1074
-4050
-3324
-1161
-1286
-3127
-2799
-748
-52
-2552
-5739
-2678
749
-338
-3641
-4912
-1353
-2355
-264
12814
12650
-5806
-20429
-1405
29685
22191
-13633
-23353
3523
23435
12189
312
4655
258
-12715
-4378
21854
23854
-7833
-26367
-5373
15508
8345
-8315
-4746
4447
-3654
-12605
-4623
7580
4193
-7286
-9392
-4409
-4424
-3689
2112
2936
-4794
-12614
-8520
2873
5159
-658
-6673
-5423
-719
-670
-451
2775
4702
165
-4939
-1032
7718
8922
4733
3272
3944
2230
565
7613
15849
10479
-1612
-4690
5877
13836
8512
1448
398
2196
1363
879
3857
5903
1997
-3151
-2994
294
4065
3265
-332
-2371
-2723
-321
933
253
-456
-1992
-3200
-2521
-682
-166
-1962
-3545
-2081
-759
-2000
-3470
-3013
-1520
-1518
-2136
-2513
-3576
-3638
-2051
-365
-2102
-5771
-5252
-1002
632
-2777
-5356
-3449
-1014
-2196
-4129
-2650
-330
-2541
-5531
-4673
-1332
164
-4175
-5520
-3324
-1064
-1811
-3817
5395
10998
-103
-16085
-10265
19507
26769
-2110
-23066
-7289
18715
16804
2384
1810
3927
-8119
-9499
13251
28232
7152
-22931
-15779
11346
17738
1034
-7215
1825
3864
-5231
-6259
4527
9783
1053
-8079
-6989
-572
549
1101
1270
-332
-4519
-9829
-4558
4001
6779
-390
-8719
-6247
-98
2055
1425
2351
1809
-2654
-4710
1845
9774
8369
2511
-940
172
2906
6009
10103
6772
-519
-2984
2393
8117
5284
1561
383
-18
-1438
-1340
1637
2701
1158
-1487
-3365
-4630
-2505
2848
4787
-1371
-7808
-6040
-108
2638
504
-1581
-2614
-5581
-4733
583
3885
1094
-3412
-3991
-1938
-192
848
1773
45
-2726
-3216
-1397
418
1796
1382
-1802
-4103
-2401
1596
2700
-464
-2779
-2213
-1776
-1629
-207
1159
352
-2874
-4855
-2541
366
701
-1148
-3233
-3288
-3480
-2718
-704
306
3085
5048
41
-8957
-10004
8796
22288
6406
-17327
-15003
8840
18348
6496
-1643
-440
-5038
-6976
6403
20713
9397
-15475
-17576
3877
14925
3951
-6358
-354
3656
-5159
-8527
1243
9057
847
-8674
-6955
-2678
-3943
-2021
4269
2525
-8522
-14589
-5043
6279
5853
-2505
-8398
-6340
-1856
1308
3569
4069
1916
-2694
-3486
3373
10617
9274
2188
-153
4388
7313
4936
4653
8146
9141
3404
-1853
1786
8590
9574
3540
-1844
-1206
1134
2958
4590
4708
665
-5894
-6011
1387
7896
4687
-4162
-8373
-4739
1243
3751
1852
-2082
-5351
-6535
-3712
1396
3689
470
-5016
-7284
-3485
949
2055
116
-3134
-4661
-4175
-2129
-326
133
-1284
-3123
-4054
-3159
-821
358
-298
-2755
-4780
-4420
-1553
961
-450
-3350
-3706
-2761
-2472
-2625
-880
1021
-2025
-6059
-6128
-1217
2520
-1034
-442
6207
4498
-8281
-15107
6184
27770
11752
-19214
-20237
8533
21559
6879
-1764
3841
-1413
-11812
-492
24219
20780
-12138
-24456
-983
19678
11303
-4787
-1368
5456
-2275
-8558
227
11829
6490
-7306
-10741
-4580
-676
1291
2696
105
-6987
-12861
-7106
3340
6746
322
-9874
-10205
-2528
3151
3898
1798
941
-1629
-3932
458
8172
9546
5131
1534
1807
2229
2299
8552
13345
8516
-2353
-5976
3447
11765
10545
3404
-2934
-3394
324
4883
6700
3194
-2289
-5247
-4220
1012
5857
3299
-2857
-7044
-5109
-95
1956
1826
-727
-4616
-5981
-3984
-7
2708
1073
-2985
-6070
-5761
-1614
2156
2522
-1695
-6660
-6254
-2376
820
136
-1716
-2493
-3906
-4154
-1694
545
200
-2531
-4829
-4077
-1796
59
265
-1332
-2080
-2745
-4204
-2341
1318
2989
-1255
-6153
-4556
609
2765
-211
-2892
-3996
2058
8768
4334
-7948
-12720
6399
23102
8265
-15914
-15512
8404
18381
7356
-112
1585
-2778
-6388
6959
21342
11486
-12260
-12987
7653
16089
5841
-2891
2577
4179
-3866
-4469
2579
6389
-736
-6406
-6337
-5491
-5651
-1126
2989
-2964
-11285
-13733
-5258
1605
346
-3681
-7346
-6234
-4405
-1208
4285
5278
-691
-7012
-2610
7975
10334
2865
52
5264
6328
2370
2586
10921
11111
251
-3923
4326
12710
7472
-160
841
4055
2510
-320
2371
5832
3589
-2817
-4711
-415
3905
3650
-1783
-2735
-394
-482
-2585
-1764
3951
3866
-4461
-9128
-3179
4133
3542
-2642
-4917
-2431
-1839
-2342
-1122
996
-397
-4983
-6327
-3323
249
652
-1129
-2843
-4540
-4255
-1286
786
-536
-3678
-5646
-4546
-1278
496
-489
-2945
-4299
-2948
-1786
-967
139
-1973
-5854
-5604
-1807
2734
-1158
-7593
-6082
-1008
8485
7392
-4925
-14345
-7710
15213
20607
-1537
-17933
-8139
11686
13781
6220
4894
1937
-8921
-4511
18018
26258
4462
-17500
-4182
16381
14373
1113
2441
10818
1142
-10914
-1569
14131
8772
-9404
-12123
-1927
-89
-7283
-3233
3370
-2735
-15918
-18114
-1276
8346
1932
-10811
-13602
-4035
1445
1619
2055
4425
287
-7304
-5029
8343
15099
6803
-1148
-758
3891
4693
5926
10821
8337
1280
-3145
1060
8029
8425
6034
818
-3472
-3454
1464
5914
4887
353
-3910
-5593
-4545
2569
7706
3347
-6283
-8623
-818
3597
2297
-405
-632
-2346
-6745
-4391
2155
4643
656
-4554
-5593
-3763
-1090
2097
3009
-1827
-5941
-5218
-1614
1222
2047
1581
-1961
-5697
-5655
-825
3265
1855
-2611
-6803
-7108
-2777
2431
2925
-2031
-7121
-7102
-2866
-457
224
69
-3339
-7924
-7510
-1107
4112
52
-7020
-9298
-2115
9425
7429
-6616
-15335
442
20017
10993
-11343
-12658
6984
14822
5115
2413
8390
3225
-5501
5919
23594
15993
-8501
-10030
13143
19854
3734
-5700
6555
11669
-2640
-9432
1566
10131
-250
-10007
-6407
-1562
-6309
-8415
-1011
900
-8502
-17284
-9591
3351
2852
-7300
-11661
-2831
2883
-1338
-3469
2507
5944
-1274
-4865
4129
12494
6716
-1292
1535
7709
6895
2389
4676
7479
4515
769
702
3908
4614
4298
2588
-1905
-4050
-618
4337
3336
-2139
-4462
-2867
-1129
337
2150
1329
-2545
-6271
-2900
3368
4558
591
-4590
-4257
-996
1100
1549
666
-354
-1670
-2634
-2406
164
3377
3056
-1877
-5594
-3249
1723
2760
570
-580
-1709
-3339
-2803
488
2319
-541
-5061
-6240
-3337
659
663
-3094
-6021
-5260
-3232
-3268
-3449
-2633
-1919
-4533
-6842
-4961
-875
-1697
-5033
-6375
-3475
-2698
-5280
4992
10149
-1736
-19487
-10768
22021
25981
-5611
-22773
-3631
18574
13261
6274
11829
7957
-9172
-4850
23775
31472
4607
-16348
313
18083
13204
404
3415
8627
-1839
-8357
-649
6794
-302
-8433
-5196
-3678
-9858
-12011
-721
3101
-7924
-18355
-13597
1130
1966
-4083
-7631
-3679
-754
-4234
-1344
5532
7430
-1055
-5051
2867
10621
7293
2487
6704
8527
2223
-3070
5127
14714
8841
-1398
-4363
2436
6390
4512
3401
-35
-3209
-3627
-95
3327
2414
-455
-3372
-5590
-4451
1855
5106
1019
-6469
-7779
-1996
1599
2254
-357
-2731
-5311
-5614
-560
3719
2698
-2717
-6003
-3169
1737
3684
1596
-1461
-2713
-655
1308
1700
854
-519
-715
-1061
-226
168
-684
-1234
-1193
-779
-2703
-4770
-2890
108
-1643
-5624
-5602
-1465
405
-2828
-5016
-3972
-2576
-2535
-3320
-2633
-3020
-4026
-3968
-2528
-1743
-5147
-326
8543
3701
-12266
-14356
11432
25516
2553
-18868
-6436
16643
13244
2048
9410
15522
-1900
-10534
12995
32238
14030
-13564
-5399
16377
14546
-709
-978
9162
2867
-8931
-4613
4806
1510
-8921
-7280
-2833
-5806
-11170
-5951
-1192
-6148
-10657
-9701
-3064
-1261
-2178
-4371
-5394
-1133
2131
1536
-905
1375
4135
3700
3118
4015
4361
2827
5208
6680
4149
819
1876
5879
4350
1959
951
1421
1427
655
884
-323
-812
129
1212
-856
-2748
-2155
115
1016
-170
-1002
-1887
-1947
-851
452
662
-1239
-2435
-1347
-239
151
-558
-1183
-257
-106
-139
394
201
39
-1033
-160
2525
2014
-714
-1814
813
3571
2145
-1885
-3331
-1501
722
-79
-2451
-3117
-3780
-4837
-4679
-1819
-1223
-5689
-7446
-3492
-610
-4216
-7178
-3858
381
-1906
-5915
-5664
-2173
84
-128
-2876
-5401
-4668
-319
2399
-1428
2493
7302
1439
-10760
-6881
18296
22494
-2573
-15766
813
17936
10251
6438
15525
10785
-10322
-6224
23958
29954
1767
-15751
2316
13983
4803
-2488
5189
5980
-9793
-12051
215
5217
-4456
-10648
-4716
-4567
-10135
-10556
-1235
1543
-4924
-11122
-10303
-800
3189
2115
-3661
-3474
1264
485
832
4519
8357
2510
-2392
2487
8614
5726
1293
5729
6905
1128
-3750
1098
6669
3558
486
-1317
-2199
-2839
431
4341
850
-4657
-5190
-1244
1196
1834
1198
-1722
-5340
-4408
2305
4937
325
-4573
-3035
1149
554
-614
1927
3059
-1067
-4485
-974
3707
2243
726
1028
-251
-2075
-486
4966
4685
-1241
-3724
-2545
-659
840
2077
549
-4484
-7087
-3044
1025
48
-3660
-5945
-5134
-4148
-2901
-2782
-3067
-3103
-4200
-5078
-5251
-3025
-323
-804
-4364
-6240
-4257
-832
671
-1196
-2102
-3219
-2751
-299
1768
2057
-968
-1330
996
1564
3816
7930
6299
-1767
-5116
8055
18880
8457
-3859
2387
13132
9563
2994
12287
16147
-377
-7790
10245
22684
5125
-11456
-1394
10699
2091
-5575
441
3982
-5352
-9365
-340
1513
-5275
-7428
-2169
-1743
-6709
-6504
-2167
-1481
-3173
-2745
-3182
-4282
-2776
830
1891
-976
-865
606
1344
1617
320
-62
577
2668
780
-4360
-3832
2073
3267
-2401
-4930
-1821
-363
-2988
-2085
2244
1292
-3456
-5179
-183
3209
1352
-650
-515
1243
670
-145
1195
2725
2835
1826
1425
1189
1080
2603
4732
2514
-896
303
3633
3313
-1323
-2149
1132
2007
329
-1795
-1676
-955
-1742
-1791
-1066
-725
-1881
-3520
-3581
-2192
-1315
-754
-885
-2894
-4103
-2896
-87
529
-1414
-2467
-2132
-1391
-1420
-1393
-804
-389
-967
-2434
-2834
-449
1870
143
-2678
-2651
278
1772
17
-1093
-594
271
234
-55
786
1248
204
-115
1300
2411
1669
643
1478
2487
1433
685
1966
5170
5955
972
-2797
701
9060
9189
-204
-3405
3290
7576
3332
1203
6210
5874
-1901
-2266
6321
8381
898
-2614
1402
2868
-315
596
2465
547
-2519
-2485
-1261
-2098
-1279
-597
-2709
-5621
-5122
-2694
-2283
-3020
-4112
-5074
-5539
-3547
-1787
-3120
-4486
-3797
-2019
-2587
-3375
-2348
-1297
-683
-1050
-1430
-1532
188
1947
935
-494
1393
3958
1817
-408
1915
5621
4431
833
1468
3589
3576
2388
2965
3799
1704
-729
185
3106
3452
563
-1955
-1249
134
-155
-1000
-1207
-809
-1600
-3085
-3277
-2172
-996
-1850
-3548
-2899
-776
-959
-3735
-3872
273
2362
-1056
-4160
-1906
2349
2499
-177
-1322
-401
677
1306
1953
1487
-231
-900
403
2223
2259
703
-550
-1013
802
2273
986
-1171
-789
1932
945
-2099
-1277
2248
1841
-2403
-2633
1257
1616
-2317
-3190
263
1176
-2486
-4379
-1471
770
-1039
-3795
-3190
-301
166
-1215
-2030
-446
1272
1338
1138
1279
1700
1643
2557
4656
5463
3397
1828
3804
6120
5251
2990
3511
4885
4371
4162
4696
3588
987
1372
4595
4239
309
-1379
-276
498
1226
2905
1299
-4963
-6757
-160
4336
287
-5480
-5631
-3195
-2540
-544
1193
-1715
-6064
-6128
-2084
-267
-1736
-2486
-2883
-3671
-4145
-3372
-1305
-352
-1885
-4692
-6078
-3436
-52
-328
-3374
-5801
-4895
-2566
-1620
-2105
-3294
-3508
-3185
-3159
-1993
-753
-823
-2023
-1881
119
530
-30
1511
3477
2878
715
1131
4328
6114
5715
4016
2728
3554
5528
6503
5635
4482
3654
2485
2530
5250
6441
3127
-847
-245
3468
4049
1444
41
487
227
-1165
-477
2560
3179
-479
-3854
-2361
2027
3361
668
-1683
-1603
-848
-921
-723
569
281
-2370
-3835
-2471
-565
-1715
-3504
-2888
-2310
-3916
-5682
-4040
-1590
-2351
-4638
-4732
-3435
-3606
-3903
-1959
265
-1318
-3966
-3138
-35
1716
1133
1342
1133
-262
107
3020
5515
4096
1497
988
2472
3992
4209
3144
1579
1577
2257
2133
1499
2320
3524
1997
-97
-110
2160
3279
2135
1696
1142
1552
2219
2389
2878
1608
1218
1572
1572
1264
54
558
1897
832
-1794
-3058
-1724
35
-1324
-3530
-4069
-3998
-3069
-3381
-4000
-4248
-4695
-3953
-4544
-4125
-2404
-2705
-4343
-5296
-2835
-731
-1686
-2901
-2525
-1807
-1387
-1155
-1805
-1087
357
1242
-695
-2554
825
3234
1504
-835
672
3444
1696
216
2925
4825
1905
-252
2679
5598
2962
76
3266
5912
3677
301
1499
5335
5043
2612
1521
2263
2903
2002
1393
1778
1886
548
-1058
-1188
9
-43
-1778
-3052
-3407
-2564
-1892
-1889
-2863
-4422
-4289
-2681
-1151
-1156
-2212
-3045
-2742
-1654
-202
921
560
-784
-2055
-771
1838
2712
1178
-836
-279
1543
2529
1769
726
790
815
827
1663
2677
1711
-135
5
1670
1516
169
582
1200
618
-490
-205
268
-181
694
1327
-223
-2013
-595
2259
1820
-356
-350
934
800
661
1644
1737
395
297
1937
1784
169
132
1270
1052
-234
-270
193
-592
-1683
-1481
-1172
-2029
-2655
-2366
-2313
-3541
-4578
-3149
-1592
-2246
-4225
-5178
-3204
-1532
-1517
-2011
-2622
-2774
-3323
-2403
177
952
-1136
-3245
-2663
-480
574
573
743
-683
-2283
-1525
1485
3550
1447
-902
-657
1136
2130
2151
2954
2923
1355
582
2891
5093
4493
3366
3453
3269
1960
3762
7188
6242
1702
476
3601
3986
1654
2263
4656
2024
-3257
-2905
2055
3354
-802
-2798
-1479
-1137
-2629
-2366
682
1253
-1649
-4533
-3451
501
2217
71
-2689
-2172
-127
-125
-1761
-1142
1218
1058
-2635
-5370
-2075
2639
1848
-3823
-6272
-2144
818
-1009
-3142
-1965
-1064
-3167
-3569
-343
1475
-1023
-3206
-1737
602
496
-187
671
802
13
-67
1302
2245
1681
1728
2029
1456
810
1799
3546
3493
1678
161
767
2442
3359
2032
-127
-191
780
831
-124
-32
752
-371
-2316
-2121
135
841
-1502
-3363
-1931
227
-463
-2553
-2058
-97
-457
-2495
-2097
369
668
-1174
-1688
-132
-35
-1099
-419
1527
1121
-1922
-2317
282
2060
625
-1404
-1415
-917
-359
122
238
-633
-1264
-914
-506
-150
427
779
-489
-1001
811
2395
1318
-460
986
3094
2376
526
1155
3148
2475
655
1165
2994
2488
319
28
1470
1786
727
274
286
44
-304
-121
-20
-293
33
-116
-1187
-1707
-399
1027
113
-1411
-1346
-479
-359
-275
260
89
-973
-1274
-89
317
-90
-215
-59
-1
-365
-99
-95
-254
339
812
40
-956
-475
314
269
-93
633
278
-1214
-1018
277
1249
339
-158
178
-573
-1026
-336
1342
1536
-539
-2296
-1637
13
293
-724
-1478
-1157
-2040
-2556
-1209
102
-542
-3005
-2771
-409
340
-789
-1459
-112
534
-696
-1029
976
2752
1810
-692
-1096
1282
3011
2291
387
149
961
254
-401
805
1963
384
-2353
-2086
79
627
-224
-900
-1159
-1604
-1277
489
1904
1049
-1054
-1818
458
3786
3776
896
-915
1116
3787
3182
1749
1889
2602
1334
22
1433
3229
2124
-709
-1296
-204
392
-153
-230
-454
-2120
-2772
-1596
-25
-941
-2445
-1916
-1279
-2057
-2661
-893
165
-1318
-2760
-1482
80
-684
-1304
-609
656
284
-544
-316
268
947
922
1014
1207
1092
426
163
1151
2236
2142
630
56
537
1021
789
154
616
485
-676
-1598
-1090
-42
-472
-1292
-1398
-1278
-1570
-1001
369
741
-413
-1404
-57
1805
2602
1868
483
468
1223
2359
2634
1786
911
10
-97
526
1248
838
-1017
-2507
-1758
83
-168
-1987
-3047
-1901
-690
-1185
-1766
-2007
-1398
-572
-270
-711
-1417
-770
468
471
-358
-90
476
-160
-1062
-76
1809
757
-2023
-2482
-27
1496
-483
-2306
-1433
-195
-821
-1862
-752
939
405
-1257
-1349
362
1940
2140
1618
1179
849
1359
3115
4595
3981
1557
793
2789
4260
3344
1728
1957
2246
662
-409
652
1784
500
-1307
-1594
-1822
-2661
-1987
-41
-503
-3520
-4998
-2966
-928
-1304
-2146
-2218
-2191
-2545
-2217
-692
268
-314
-1254
-1206
123
1091
786
614
1320
1933
1184
532
1906
3431
2641
1094
1393
2576
2335
1285
1734
2443
1535
332
298
991
560
-201
210
438
-928
-2643
-1977
288
679
-1488
-2968
-2318
-1358
-854
-305
-19
-1502
-2965
-1617
601
498
-1148
-1033
-6
-947
-2311
-793
1914
995
-2532
-3261
-319
1384
-260
-1653
-940
-241
-1000
-1429
-311
730
213
-1166
-1496
-367
713
562
28
4
-59
-250
-12
875
1408
925
-76
-761
198
1922
1734
-231
-641
1170
1524
-256
-144
2406
2336
-858
-1260
2486
4205
846
-1360
1268
3733
2176
212
1508
2746
1296
308
1885
2560
558
-701
705
1738
-73
-1556
-536
525
-727
-2527
-1776
-388
-1340
-3060
-2381
-466
-1005
-3251
-3311
-925
-25
-1514
-2370
-1023
309
-680
-1594
-101
2076
1599
-851
-807
1772
2976
1362
303
1488
1977
537
-225
1502
2567
693
-1718
-1465
554
825
-539
-1487
-1376
-1492
-1755
-1017
-417
-894
-1694
-1487
-943
-831
-357
382
384
-495
-532
600
1418
1004
347
906
1598
1019
17
633
2004
1416
-340
-458
815
884
-124
-304
-99
-719
-981
155
617
-921
-2030
-731
846
342
-815
-671
-207
-381
-5
811
368
-920
-760
502
324
-695
-364
352
-417
-1420
-639
429
-541
-1840
-1065
227
-395
-1971
-1552
110
-30
-1213
-988
308
84
-1093
-105
1843
1475
-271
15
2089
2522
1185
1281
2627
2753
1736
1285
2123
2738
2620
2212
1247
731
1163
1821
1671
627
-153
-536
-631
-158
210
-625
-2092
-2432
-1265
-613
-1561
-2193
-1737
-1438
-1948
-1869
-484
-120
-1215
-1615
-647
236
198
429
935
353
-628
41
1928
2451
721
-882
-43
1580
1603
262
-456
214
247
-611
-715
128
275
-1236
-1944
-740
65
-983
-1897
-926
-167
-1140
-1911
-727
145
-837
-1451
-603
30
-754
-958
-85
-187
-958
-638
382
-46
-1229
-952
242
418
-420
-775
-487
81
486
216
-298
18
1179
1206
65
250
1985
2486
920
333
1980
2990
1654
559
1723
2896
1736
24
689
2267
1522
-628
-668
1187
986
-1454
-2143
-276
423
-1390
-2475
-1500
-1004
-1939
-1970
-588
-341
-1882
-2547
-886
908
709
-521
-690
411
1235
1222
1397
2045
1857
605
521
2412
3424
1657
-125
676
1841
891
-181
795
1319
-831
-2501
-677
1421
-287
-3105
-2140
733
98
-2994
-2643
978
1576
-1808
-2925
176
1788
-641
-1931
733
2283
-574
-3014
-561
2852
1594
-2170
-2566
325
1454
-333
-1473
-566
-13
-768
-908
-144
-200
-1018
-659
571
215
-1454
-1524
557
1629
117
-1394
-785
505
556
243
604
528
-597
-1022
466
1862
1030
-817
-939
694
1468
385
-490
463
1503
577
-868
-180
1794
1931
143
-854
-103
719
767
706
383
-602
-1179
-252
819
233
-1056
-1045
-138
-153
-862
-810
-127
16
-361
-459
-425
-524
-217
534
742
49
-456
29
795
854
328
118
565
887
350
-387
-103
934
1060
-61
-803
-253
458
299
1
362
606
33
-375
358
1332
1067
-46
-348
555
1353
949
-105
-451
87
359
-261
-869
-622
-299
-840
-1567
-1378
-653
-558
-1129
-1477
-1265
-679
-52
56
-528
-864
-89
915
866
206
62
405
634
883
1105
702
-88
-248
488
1046
580
-385
-737
-60
650
359
-393
-518
-116
120
409
808
391
-597
-377
1257
1919
571
-508
221
1239
1037
438
474
460
26
-90
78
-156
-529
-300
-245
-1184
-1829
-1195
-382
-682
-1498
-1711
-1525
-1243
-950
-846
-830
-805
-955
-1274
-1026
-136
164
-275
-345
-52
-377
-717
426
1784
1032
-730
-630
1047
1457
618
773
1383
549
-570
489
2344
1810
-212
-562
837
1509
715
15
219
588
287
-340
-188
470
213
-780
-745
293
272
-878
-951
251
584
-442
-886
55
772
259
-324
136
810
467
-151
370
1233
817
-246
-50
977
828
-27
216
840
111
-885
-9
1314
438
-1172
-749
561
237
-679
-14
694
-492
-1531
-304
1264
527
-1121
-1034
17
74
-491
-209
407
-314
-1635
-1362
402
1009
-751
-2257
-1297
295
61
-1188
-1171
-234
-270
-921
-693
192
394
-215
-375
270
637
233
133
1056
1484
133
-949
469
2357
1465
-853
-827
951
1041
-329
-263
910
446
-1288
-1410
178
774
-395
-1372
-1114
-795
-1184
-1313
-437
259
-806
-2735
-2616
168
2008
216
-2366
-1819
622
1376
697
830
1050
73
-213
1549
2853
1780
363
528
1159
1197
1292
1459
831
-93
36
818
822
103
-172
200
320
-12
-42
360
379
49
352
1008
665
-182
357
1755
1567
119
139
1610
1778
308
-158
1088
1744
705
-477
-526
26
318
246
-225
-1090
-1593
-1036
-57
-64
-1110
-1683
-1002
-116
-168
-743
-873
-491
-195
-190
-254
-273
-418
-813
-946
-274
429
-243
-1689
-1714
-307
166
-784
-1082
-372
-582
-1673
-1201
737
928
-1170
-2079
-193
1312
57
-1416
-385
1222
511
-1139
-822
793
1062
8
-331
240
296
-166
168
1216
1165
-440
-1208
401
2014
939
-1135
-828
987
980
-510
-607
433
125
-943
-409
756
-22
-1573
-930
848
477
-1410
-1427
357
775
-618
-1127
24
656
-96
-505
309
904
334
-248
253
1013
890
433
590
828
329
-43
807
1702
867
-700
-538
1079
1505
209
-492
337
812
-44
-463
630
1404
411
-812
-389
890
1189
499
48
134
183
194
612
1099
713
-359
-579
540
1281
341
-787
-259
827
337
-1031
-882
509
635
-769
-1363
-383
224
-385
-724
-213
-186
-876
-745
258
333
-758
-1109
-119
510
-161
-922
-689
-120
-126
-379
-305
-317
-870
-1106
-198
627
-281
-1828
-1541
263
782
-687
-1609
-641
314
-206
-789
-98
555
-134
-815
9
1069
600
-431
-158
911
931
-4
-165
669
946
133
-352
279
765
114
-562
-105
386
-198
-704
-103
267
-657
-1193
-259
376
-464
-1096
-383
53
-616
-875
39
542
-199
-843
-418
460
695
309
-29
206
678
603
316
638
1312
1016
39
11
1061
1576
816
138
266
650
636
485
612
699
420
-167
-151
598
1038
390
-422
-121
498
320
-263
-35
447
49
-554
-292
364
2
-753
-422
595
438
-886
-1077
320
1111
-6
-973
-142
882
365
-604
-213
546
296
-183
96
225
-432
-483
396
565
-524
-949
-14
328
-566
-865
128
362
-801
-1179
105
760
-581
-1489
-188
1121
66
-1583
-995
674
636
-686
-825
54
-66
-866
-360
942
550
-1225
-1431
423
1271
-79
-950
13
587
-365
-546
906
1366
-110
-805
476
1311
548
115
825
961
-38
-440
460
1222
615
-670
-1082
-262
463
-91
-1015
-913
-451
-905
-1326
-410
393
-548
-1678
-883
603
520
-464
-496
174
421
319
243
32
12
588
785
-93
-606
310
931
-28
-674
370
987
-289
-1059
377
1510
265
-1100
-281
1039
700
-225
2
599
245
-305
128
812
528
-147
-29
435
91
-384
325
1169
283
-1214
-733
979
975
-499
-660
510
455
-836
-793
844
1427
-66
-1380
-672
818
1001
53
-323
59
-98
-660
-64
1256
962
-920
-1495
63
1121
336
-458
-113
6
-734
-772
457
1072
-79
-1355
-1032
120
471
46
-231
-418
-811
-754
93
590
-81
-812
-582
-170
-308
-282
255
198
-721
-1021
-141
479
-34
-600
-305
126
-153
-600
-321
423
521
-312
-907
-325
631
619
-114
-405
-154
13
107
361
303
-199
-297
268
492
-52
-264
403
726
-63
-655
50
857
416
-376
-140
451
272
-143
80
410
106
-196
134
481
152
-306
-93
408
434
-3
-262
-65
285
380
76
-211
-45
360
343
-53
-81
298
332
-61
-6
499
447
-220
-319
444
735
20
-436
147
585
28
-328
351
762
-106
-712
189
1041
335
-613
-121
691
264
-415
132
910
247
-903
-517
871
978
-367
-976
-59
631
-2
-592
-51
355
-395
-967
-172
596
-140
-1119
-664
263
-15
-842
-700
-51
-212
-750
-567
-107
-383
-869
-489
152
-168
-918
-677
223
275
-431
-555
7
235
-60
-139
145
288
107
-113
-11
390
583
237
-81
177
563
480
258
368
448
259
291
610
550
18
-175
306
686
375
-218
-376
50
476
296
-264
-460
-66
264
-37
-468
-256
212
-22
-655
-471
346
285
-673
-771
250
528
-431
-830
56
603
-86
-667
-218
351
266
-69
-253
-271
-4
358
239
-260
-317
137
257
-39
0
311
169
-262
-146
357
348
-105
-91
335
235
-292
-217
503
695
15
-496
-200
357
545
369
-28
-357
-172
383
548
104
-184
31
125
-76
17
360
215
-245
-162
250
113
-282
3
549
278
-476
-527
144
506
172
-264
-318
-170
-133
-133
65
264
-15
-662
-838
-135
611
424
-501
-1035
-556
224
332
-107
-352
-309
-405
-504
-100
382
96
-625
-671
-45
177
-198
-275
123
139
-382
-518
37
397
74
-250
-110
-17
-242
-188
308
378
-315
-696
-83
498
74
-565
-346
184
94
-236
-159
-57
-285
-311
101
245
-176
-501
-313
63
257
208
-108
-434
-253
327
506
95
-166
100
305
87
66
539
739
179
-241
287
993
827
204
200
693
797
461
388
685
786
573
475
602
624
473
424
589
734
563
166
-4
300
686
544
-20
-264
13
228
92
-53
-80
-241
-405
-254
-97
-351
-584
-349
-203
-665
-1046
-659
-152
-336
-878
-1073
-887
-619
-404
-427
-771
-1073
-984
-648
-403
-368
-556
-874
-961
-608
-184
-128
-363
-545
-579
-473
-150
200
164
-240
-435
-79
349
323
139
240
380
210
131
504
791
557
273
404
588
495
460
613
640
525
502
462
324
459
877
831
159
-155
358
829
545
39
-5
209
279
191
108
79
70
36
-21
31
117
-56
-275
-57
245
-59
-557
-320
296
209
-384
-456
-25
100
-133
-203
-105
-138
-173
-94
-129
-251
-155
54
-77
-374
-254
137
114
-279
-289
137
190
-262
-327
236
437
-210
-616
18
663
217
-551
-353
389
407
-182
-291
84
62
-249
-39
386
82
-587
-416
403
507
-238
-572
-67
357
128
-240
-228
33
165
8
-214
-154
123
137
-188
-259
88
231
-81
-236
19
141
-70
-117
118
82
-251
-218
245
368
-61
-272
88
376
126
-129
110
366
149
-177
-66
250
241
22
-7
90
20
-107
2
207
174
-47
-152
-75
42
126
144
-24
-247
-180
114
181
-64
-163
-41
-101
-249
-61
249
18
-495
-428
48
128
-138
-142
-23
-265
-455
-30
453
228
-376
-547
-120
426
502
-53
-522
-192
430
333
-219
-121
394
192
-407
-187
558
484
-274
-376
233
400
-33
-171
144
222
-71
-190
63
254
81
-138
-46
146
58
-156
-46
238
114
-274
-195
261
237
-263
-303
206
286
-221
-336
129
256
-138
-205
177
172
-262
-239
277
329
-206
-399
39
342
80
-214
-78
191
150
-84
-88
142
203
-3
-109
73
177
22
-105
-29
74
20
-62
-70
-59
-17
8
-84
-201
-109
114
94
-179
-278
-71
114
88
-21
-124
-187
-104
93
158
11
-129
-120
-60
2
118
139
-56
-217
-103
103
118
-6
-50
-23
-59
-89
13
132
71
-87
-120
-31
20
40
118
92
-114
-204
25
230
107
-74
-36
30
2
68
202
131
-88
-91
105
156
15
-48
68
161
47
-128
-86
157
248
10
-195
-54
143
56
-80
66
196
-49
-281
-54
273
164
-152
-180
-5
41
21
72
37
-128
-160
31
133
4
-126
-90
7
52
-10
-119
-83
65
72
-118
-160
50
128
-40
-113
30
58
-89
-54
159
169
-66
-190
-39
176
192
-8
-165
-83
84
45
-104
-75
59
19
-110
-93
6
-16
-96
-54
35
22
-81
-116
-15
90
46
-117
-181
-61
77
44
-112
-170
-78
10
-19
-56
-2
19
-80
-103
88
253
118
-137
-124
145
285
130
-16
63
185
139
28
83
274
281
32
-68
190
418
239
-48
51
307
246
52
88
202
124
54
155
163
-28
-79
114
154
-76
-205
-87
3
-101
-217
-253
-281
-271
-229
-260
-376
-400
-304
-302
-416
-403
-263
-267
-414
-411
-210
-131
-267
-352
-248
-118
-96
-93
-87
-120
-111
43
202
195
100
69
150
291
394
317
193
252
443
476
316
312
507
544
341
275
446
501
331
223
321
374
213
94
207
298
108
-160
-124
118
133
-136
-327
-244
-151
-233
-306
-246
-285
-534
-630
-382
-185
-389
-703
-635
-358
-354
-513
-443
-233
-289
-503
-414
-41
82
-161
-223
95
292
110
10
328
636
452
109
198
628
815
589
364
384
474
552
664
670
407
89
132
490
599
234
-116
-66
113
56
-116
-127
-125
-322
-504
-435
-297
-373
-563
-587
-540
-580
-591
-509
-474
-528
-539
-453
-430
-456
-344
-124
-59
-211
-297
-160
56
159
130
50
-1
56
216
395
412
268
179
268
433
472
390
337
352
332
246
253
392
429
283
147
189
328
344
259
209
170
142
152
208
194
68
14
70
107
13
-61
-32
-47
-134
-168
-126
-160
-261
-281
-258
-339
-412
-332
-276
-421
-558
-462
-343
-421
-499
-396
-305
-400
-478
-348
-192
-189
-262
-281
-244
-179
-81
-4
-24
-73
-45
46
143
201
216
202
176
226
333
382
347
321
355
403
406
375
395
446
417
339
309
357
392
337
250
219
224
209
160
112
95
55
-32
-87
-59
-28
-88
-151
-131
-100
-158
-197
-132
-104
-180
-242
-181
-140
-209
-214
-111
-91
-198
-219
-102
-52
-138
-193
-138
-73
-59
-89
-108
-88
-62
-51
-42
-12
30
5
-20
3
59
69
48
93
83
16
-16
64
156
108
2
-31
14
63
76
71
50
-12
-55
-31
22
50
-4
-87
-109
-54
-8
-18
-9
-9
-33
-55
-22
29
-6
-42
-20
-14
-44
-35
22
33
-7
-18
7
6
-8
6
20
1
-4
35
63
39
3
21
74
78
19
-14
1
42
53
50
74
89
59
20
77
154
95
-15
-6
111
130
9
-46
52
131
35
-66
-6
91
37
-99
-83
51
72
-31
-109
-70
-12
-42
-88
-83
-64
-80
-114
-109
-67
-53
-99
-122
-96
-91
-107
-91
-30
-15
-99
-135
-49
40
10
-74
-64
31
62
-12
-61
-15
70
81
13
-7
40
71
32
-8
35
89
52
-13
15
86
59
-14
-5
65
92
50
28
56
76
72
74
84
80
56
47
68
92
96
56
16
4
-7
21
72
67
-4
-57
-30
0
-19
-17
12
-23
-118
-132
-34
16
-54
-119
-86
-72
-118
-84
30
42
-109
-192
-83
28
4
-67
-80
-78
-125
-127
-14
67
2
-131
-123
18
95
36
-56
-46
13
11
-32
-9
55
56
-7
-36
50
121
74
17
59
124
90
15
60
179
178
59
-1
79
157
113
48
62
87
46
2
46
121
106
22
-27
-12
46
68
40
-10
-61
-68
-42
-14
-30
-71
-102
-122
-103
-70
-54
-72
-115
-107
-61
-60
-97
-96
-37
-25
-100
-136
-58
19
-14
-93
-58
37
20
-67
-57
48
73
16
8
81
105
36
16
68
76
14
-19
21
50
24
13
33
23
4
29
57
28
-15
11
92
103
33
-18
-1
28
1
-39
-15
13
-37
-97
-95
-27
10
-35
-78
-69
-37
-22
-35
-36
-35
-47
-29
17
31
2
-15
15
49
24
-8
1
37
32
-3
-8
7
3
-13
-1
21
6
-18
0
41
79
70
15
-15
-10
14
18
3
-1
-13
-19
0
43
50
32
32
39
38
31
59
106
81
11
-10
47
108
95
41
1
22
59
63
29
-13
-29
-21
-32
-60
-71
-60
-62
-83
-101
-115
-96
-63
-62
-86
-119
-109
-58
-30
-27
-32
-28
-4
4
-2
8
11
-6
-29
-29
6
16
-2
-16
3
8
-7
18
56
35
-20
-22
28
75
58
27
29
33
22
11
36
51
1
-35
-14
13
6
-26
-11
17
-9
-47
-22
29
26
-36
-44
10
16
-27
-48
-2
38
15
-3
25
50
40
32
56
57
20
30
72
76
14
-16
20
28
-24
-43
2
9
-32
-57
-24
26
7
-36
-39
-28
-28
-38
-50
-58
-55
-41
-52
-60
-36
-7
-3
-22
-16
18
31
20
22
51
61
14
-12
29
54
40
23
25
51
53
35
45
74
83
36
13
41
75
47
-8
-1
39
35
-9
-26
-16
-24
-58
-47
-22
-15
-22
-44
-27
-2
-19
-23
-14
-36
-70
-85
-74
-48
-48
-60
-36
-43
-52
-19
-7
5
6
-9
7
3
-10
16
31
20
8
-22
-33
-5
6
-7
-22
-31
-6
16
10
29
41
21
5
-3
17
57
32
-28
-41
-4
51
50
-3
-5
21
25
20
12
32
41
1
-18
23
55
17
-41
-48
-19
-24
-51
-38
-22
-39
-27
9
12
-36
-77
-42
-4
-40
-65
-40
-12
-21
-58
-36
26
43
34
58
89
106
93
60
77
78
38
22
17
30
45
32
38
59
71
83
100
99
89
82
70
71
55
38
30
20
11
11
12
6
-9
-47
-61
-51
-42
-50
-63
-66
-64
-64
-79
-85
-102
-122
-130
-131
-128
-142
-136
-116
-98
-86
-69
-59
-30
-15
-32
-27
-10
8
15
10
15
22
13
4
5
1
-10
-5
17
24
21
29
49
53
35
27
24
22
24
13
6
4
-7
-5
-4
-8
-10
-3
9
17
23
37
58
61
45
41
48
56
59
59
57
63
82
101
105
83
75
96
106
90
78
81
74
60
54
52
28
-7
-21
-18
-30
-53
-55
-45
-61
-83
-73
-60
-73
-92
-101
-87
-82
-90
-89
-75
-81
-109
-104
-79
-68
-71
-55
-21
-24
-43
-28
-5
6
-6
-23
-15
1
9
7
-2
2
9
3
-3
7
23
31
24
18
36
32
19
11
12
19
9
10
16
15
18
8
7
22
23
12
9
19
23
14
6
9
25
28
23
34
36
38
46
51
53
55
69
84
77
73
85
90
69
40
36
36
15
-7
-23
-10
3
2
14
13
8
4
-2
-9
-29
-45
-53
-63
-68
-68
-62
-60
-67
-72
-67
-66
-78
-78
-71
-81
-98
-89
-72
-80
-98
-102
-92
-93
-88
-70
-59
-66
-75
-60
-45
-40
-53
-61
-45
-22
7
32
52
46
39
43
51
66
79
86
90
95
106
119
123
119
120
126
119
116
115
119
127
116
118
126
119
93
68
67
71
66
63
58
37
18
13
10
18
15
-5
-25
-30
-28
-34
-49
-59
-64
-70
-80
-94
-92
-90
-95
-95
-97
-103
-102
-108
-119
-132
-133
-135
-116
-106
-122
-98
-105
-122
-100
-68
-52
-60
-45
-35
-10
11
0
30
42
19
6
22
63
71
57
53
80
118
113
90
108
122
108
95
112
118
80
63
39
33
39
26
18
9
8
1
-3
-6
-16
-12
0
5
-3
-10
7
14
-3
-25
-15
11
3
-12
-15
-14
-10
2
2
12
6
-9
-9
-27
-39
-33
-44
-47
-42
-61
-61
-42
-32
-41
-51
-43
-31
-31
-25
-14
-17
-24
-20
-8
-2
-1
-4
18
28
12
15
25
28
18
9
24
51
51
33
43
64
65
47
56
76
60
26
7
31
51
28
8
24
50
41
21
12
4
-8
-9
4
0
-33
-56
-47
-30
-44
-72
-67
-55
-63
-75
-72
-50
-44
-69
-82
-78
-83
-84
-86
-80
-45
-33
-28
-10
13
24
26
33
53
69
64
55
53
53
43
38
45
56
60
55
56
65
72
69
61
55
44
31
33
34
36
27
3
2
10
11
17
3
-1
-7
-35
-44
-49
-50
-68
-97
-94
-70
-56
-57
-60
-48
-34
-34
-19
3
2
-27
-43
-31
-23
-21
-19
-10
-5
-9
-6
5
26
26
18
13
14
13
-4
-13
-17
-18
-12
-15
-14
10
14
5
22
38
31
28
44
66
72
60
59
68
63
41
29
31
33
46
57
49
51
47
33
17
5
21
33
20
2
9
22
11
-20
-32
-7
-18
-49
-62
-56
-44
-54
-76
-74
-65
-67
-78
-60
-41
-53
-58
-55
-28
-7
-20
-36
-9
13
-8
-24
-26
-25
-42
-49
-19
4
-10
-23
5
26
22
12
19
31
15
13
36
49
52
53
52
59
74
46
33
42
40
37
21
25
38
35
21
9
10
17
24
21
31
29
-1
-22
-23
-26
-39
-52
-49
-34
-38
-39
-25
-18
-28
-45
-60
-61
-61
-73
-69
-59
-59
-52
-36
-18
-7
-22
-16
20
18
3
-6
3
6
-17
-18
9
20
19
32
44
58
74
95
105
116
124
123
124
111
92
80
68
61
45
43
28
-4
-5
-6
-6
0
-4
-3
-1
6
14
-3
-25
-47
-62
-72
-76
-74
-81
-80
-70
-54
-35
-39
-50
-48
-44
-35
-58
-80
-76
-73
-71
-74
-62
-46
-46
-45
-40
-39
-36
-31
-21
0
8
4
11
26
28
20
16
26
30
27
41
50
56
56
51
52
55
62
47
27
21
13
6
12
28
39
45
37
37
45
48
48
40
33
16
-3
4
23
30
28
26
14
4
4
-5
-2
-3
-22
-30
-30
-20
-19
-23
-3
3
-16
-26
-24
-25
-38
-44
-35
-28
-35
-18
-15
8
1
7
10
-13
-20
-59
9
-23
-38
3
-21
27
15
0
24
-11
-12
-31
-12
-11
-43
-37
-53
-15
-3
-25
-27
-26
-9
9
17
32
21
33
23
8
37
34
26
21
6
23
23
-5
-1
14
23
14
-8
-18
5
3
-15
-24
-10
13
26
33
40
58
39
29
38
47
45
34
21
2
26
14
-3
15
21
14
10
21
26
31
14
-16
-9
-2
-4
7
-12
-9
-8
-33
-35
-50
-74
-74
-70
-77
-91
-91
-81
-91
-81
-68
-68
-69
-83
-59
-36
-43
-45
-39
-43
-52
-44
-32
-15
-12
-12
20
40
29
14
18
37
49
60
80
102
107
100
115
134
140
128
123
134
138
138
117
96
92
85
70
59
41
20
-3
-16
-11
-15
-19
-23
-24
-37
-62
-72
-68
-76
-88
-108
-126
-121
-142
-153
-137
-115
-92
-86
-68
-40
-25
-30
-35
-31
-36
-24
-11
-7
8
-4
5
28
36
53
54
65
85
76
83
91
96
102
97
91
87
76
49
36
33
23
4
-16
-10
-3
-22
-36
-39
-25
-20
-47
-69
-56
-50
-55
-61
-79
-74
-71
-73
-68
-63
-56
-56
-43
-36
-19
-6
-10
0
-4
1
2
-4
-13
-6
16
12
4
-3
-2
14
21
27
42
44
49
49
49
56
51
38
39
48
47
49
49
47
44
46
49
51
39
38
36
25
8
-6
-4
-8
-20
-11
3
-1
-12
-19
-12
0
5
5
8
5
-2
-1
3
-2
-18
-30
-35
-39
-43
-44
-27
-13
-6
3
-3
-3
-12
-3
8
4
-9
-19
-12
-20
-31
-36
-33
-40
-52
-43
-35
-27
-8
8
21
26
13
3
3
11
14
15
20
26
31
33
24
-2
-16
-28
-31
-31
-28
-13
-7
-6
-8
-12
-14
-15
-24
-16
-13
-15
-19
-8
2
9
12
-1
7
12
4
-9
-23
-25
-32
-28
-15
-3
9
6
10
2
-10
-14
-9
1
6
10
20
32
32
38
53
63
63
43
37
48
45
43
49
52
35
14
-10
-22
-16
-11
-1
1
2
2
8
5
-11
-11
-15
-18
-17
-11
-7
4
23
25
34
46
45
52
52
43
36
15
-5
-12
-14
-22
-29
-14
1
-9
-13
-12
-23
-30
-40
-43
-33
-35
-34
-23
-17
-34
-54
-57
-51
-43
-37
-40
-32
-25
-25
-17
-9
-1
-1
4
-2
-8
-22
-36
-51
-56
-47
-36
-19
-12
-14
-5
12
30
32
22
25
21
4
-8
-6
-8
-18
-22
-22
-12
5
14
20
37
39
34
36
44
35
22
14
10
22
26
23
28
31
37
35
33
45
55
62
64
81
82
56
44
45
45
41
32
33
38
35
44
40
32
31
20
21
12
-1
-23
-44
-42
-58
-70
-73
-80
-80
-78
-76
-71
-72
-76
-73
-77
-84
-100
-104
-97
-97
-90
-85
-88
-77
-69
-64
-38
-16
-4
9
19
24
24
32
40
45
40
51
60
60
70
69
75
78
62
56
64
65
58
67
74
64
52
45
50
49
53
46
42
33
29
23
25
35
26
32
29
23
16
-8
-23
-39
-51
-54
-59
-65
-76
-91
-97
-76
-50
-35
-29
-21
3
23
24
32
28
16
0
-23
-19
-20
-26
-27
-34
-35
-36
-35
-27
-22
-18
-23
-41
-41
-37
-32
-34
-49
-56
-47
-30
-26
-19
-18
-27
-18
-3
18
36
28
31
39
44
42
41
35
15
3
-1
5
19
30
32
24
20
42
56
54
57
53
54
61
64
57
48
39
18
1
2
-1
4
11
-3
-3
11
9
9
7
-8
-1
-4
-15
-4
-5
-2
7
16
27
29
26
9
-8
-23
-38
-42
-32
-13
-3
-6
-4
11
25
22
6
1
-8
-28
-41
-45
-55
-66
-67
-63
-59
-55
-57
-47
-41
-43
-50
-56
-34
-31
-33
-33
-43
-48
-51
-49
-49
-47
-44
-42
-8
2
-1
17
15
26
31
19
35
44
46
62
85
100
99
92
87
101
96
79
93
104
106
96
76
63
40
29
20
-2
0
6
-3
4
9
16
18
14
9
-3
-5
-13
-13
-28
-53
-65
-83
-96
-96
-91
-85
-83
-72
-65
-65
-61
-69
-77
-82
-84
-81
-69
-68
-82
-83
-58
-47
-49
-29
-13
1
2
-8
1
16
23
25
31
42
53
39
39
47
52
54
48
60
55
55
61
61
62
71
90
102
104
93
86
81
81
93
95
87
80
89
88
77
77
69
58
49
38
43
50
48
33
17
13
-2
-14
-18
-34
-47
-60
-70
-71
-84
-96
-100
-104
-120
-140
-158
-161
-152
-144
-127
-122
-139
-145
-139
-136
-128
-115
-105
-88
-87
-85
-78
-78
-74
-82
-78
-59
-45
-33
-20
-3
21
47
64
76
93
98
111
123
124
126
112
120
131
128
127
112
108
102
99
109
113
116
104
99
84
55
48
46
49
43
35
28
18
6
-8
-11
-12
-18
-25
-17
-13
-15
-19
-27
-21
-24
-40
-43
-31
-24
-40
-49
-35
-30
-36
-26
-19
-17
-17
-22
-19
-29
-30
-29
-20
-15
-25
-24
-27
-25
-9
-4
1
7
5
9
30
47
43
31
27
21
30
34
28
35
20
12
22
23
20
8
-2
-16
-36
-48
-62
-66
-68
-72
-87
-88
-68
-63
-55
-62
-69
-67
-74
-79
-83
-85
-93
-85
-76
-58
-34
-37
-39
-33
-15
8
24
29
24
6
-8
-5
-9
-13
-8
15
38
58
60
57
80
94
105
125
138
140
145
139
141
143
126
124
122
106
87
70
63
55
44
48
34
15
10
3
-9
0
15
7
-6
-18
-29
-44
-54
-50
-51
-48
-56
-62
-56
-52
-55
-59
-63
-72
-68
-74
-76
-59
-72
-82
-74
-73
-81
-92
-98
-98
-87
-66
-39
-13
-6
0
13
24
35
39
28
28
19
19
27
15
14
13
9
17
22
24
52
69
58
48
38
35
36
19
-3
-21
-27
-27
-24
-25
-11
-11
-30
-25
-14
-6
-4
-19
-27
-17
-13
-16
-11
5
10
12
27
29
33
29
33
45
50
55
74
89
91
100
105
114
125
125
118
105
86
62
35
24
17
12
-7
-24
-24
-35
-41
-39
-43
-61
-83
-95
-87
-83
-87
-101
-121
-124
-126
-139
-151
-160
-173
-174
-184
-189
-171
-154
-150
-139
-112
-75
-50
-50
-46
-45
-47
-21
8
20
27
30
54
109
145
165
177
166
164
173
192
214
216
212
204
196
202
207
197
179
160
144
133
135
125
115
117
98
69
46
16
-19
-41
-58
-58
-67
-93
-91
-91
-97
-98
-98
-110
-115
-120
-130
-134
-146
-163
-177
-176
-183
-178
-164
-151
-142
-129
-130
-135
-115
-103
-78
-66
-63
-47
-36
-23
-6
10
19
28
30
35
50
57
79
92
94
110
119
129
134
133
113
95
79
81
92
90
99
94
93
94
86
82
57
41
42
33
34
39
38
33
11
-21
-45
-58
-68
-75
-76
-88
-86
-96
-100
-97
-112
-113
-124
-131
-129
-129
-104
-79
-71
-57
-35
-16
-1
-5
-13
5
15
-4
-7
-5
0
4
17
38
46
75
100
97
96
91
92
95
97
105
105
105
103
94
86
79
74
60
34
31
36
27
38
32
34
46
34
34
23
13
9
-5
-9
-14
-31
-52
-75
-88
-93
-89
-88
-81
-74
-92
-91
-70
-63
-61
-67
-77
-75
-89
-100
-92
-83
-69
-53
-30
-18
-3
23
39
42
49
54
47
41
31
23
10
7
19
20
19
11
7
20
29
41
42
32
33
39
51
48
44
33
27
26
17
10
2
-24
-46
-45
-33
-22
-22
-32
-46
-39
-29
-29
-32
-34
-42
-59
-53
-42
-49
-56
-68
-73
-67
-43
-26
-10
22
33
23
36
54
57
59
47
46
56
58
82
90
91
93
90
94
86
76
68
69
69
55
39
28
15
-5
-18
-26
-29
-25
-23
-20
-20
-34
-53
-59
-69
-65
-52
-61
-62
-67
-73
-68
-63
-61
-49
-44
-49
-33
-30
-25
-3
2
15
27
35
42
48
72
85
84
84
88
93
95
105
111
109
96
72
49
29
18
4
5
7
1
8
10
11
-4
-7
-16
-22
-14
-27
-24
-24
-34
-45
-74
-86
-84
-103
-116
-131
-147
-145
-153
-142
-140
-148
-128
-112
-114
-116
-96
-88
-79
-69
-74
-75
-69
-57
-44
-38
-31
-20
-3
14
20
37
53
64
80
93
112
120
113
112
117
140
144
134
147
146
153
164
161
163
175
189
183
184
181
152
113
76
51
32
12
9
2
-9
-18
-30
-18
-15
-22
-18
-21
-26
-41
-51
-72
-97
-103
-107
-112
-125
-139
-157
-168
-169
-150
-126
-96
-63
-49
-27
-16
-19
-22
-15
-10
-18
-34
-42
-39
-29
-25
-23
7
15
27
41
53
87
97
103
100
77
54
37
26
21
13
5
8
-3
-16
-12
-2
11
7
-8
-12
-23
-42
-46
-65
-97
-99
-99
-119
-136
-136
-106
-88
-68
-38
-25
-7
17
34
44
38
24
12
10
11
12
21
33
36
46
61
71
85
90
95
93
85
85
88
92
103
101
83
72
64
57
39
27
34
38
37
53
58
35
31
23
11
11
5
-10
-21
-23
-33
-33
-38
-44
-62
-68
-66
-72
-65
-73
-86
-84
-69
-75
-84
-73
-68
-77
-78
-68
-64
-44
-35
-27
-16
-16
-6
0
13
14
14
18
18
19
10
18
20
23
36
33
32
40
48
48
36
39
43
32
41
48
46
32
29
33
40
55
45
41
61
58
39
29
22
17
6
-6
-15
-30
-47
-55
-67
-80
-84
-89
-80
-67
-61
-65
-65
-56
-48
-48
-38
-15
-3
8
4
-7
-4
-4
-11
-3
-4
-1
15
19
17
14
19
20
12
15
22
13
13
17
22
22
23
37
37
24
20
3
-11
-11
-14
-1
-5
5
19
24
42
37
38
33
16
-1
-15
-15
-1
16
22
16
13
4
-2
7
-3
-1
-2
-4
8
12
10
11
17
13
6
6
-1
0
-2
1
6
1
12
19
16
4
-5
-11
-23
-40
-58
-58
-57
-42
-31
-44
-51
-41
-26
-18
-4
5
11
13
13
2
-3
1
3
12
10
-2
-2
2
-11
-27
-27
-13
-6
15
39
46
58
51
35
23
29
22
1
1
-10
-12
-16
-9
8
12
19
