SAMPLES:
11145
BITSPERSAMPLE:
16
CHANNELS:
1
SAMPLERATE:
16000
NORMALIZED:
FALSE
-16
-24
-21
-26
-23
-13
-11
-23
-18
-9
-14
-22
-17
-3
-13
-13
-6
4
4
-1
2
7
11
17
19
22
21
15
10
14
12
3
6
14
23
15
11
6
1
-1
2
2
1
9
19
18
14
20
23
11
-3
-2
-10
-13
-16
-12
-4
-9
0
7
2
0
-3
-3
5
14
5
-4
0
5
3
-11
-11
-10
-6
-10
-14
-7
-3
-2
-4
-1
13
22
12
13
23
18
16
22
12
4
6
2
-2
2
-6
-7
0
-4
3
-2
-8
-16
-21
-6
-1
-6
-14
-18
-22
-19
-15
-26
-27
-24
-17
-14
-18
-14
-18
-3
3
-10
-5
-5
-2
0
0
8
20
26
16
12
17
11
11
0
-12
-7
0
11
7
13
24
8
2
4
8
17
12
6
12
18
10
-5
-1
-8
-12
-11
-10
-5
-3
3
10
11
14
10
4
14
21
9
1
0
-8
-7
-14
-15
-7
-8
-3
0
-3
12
9
0
11
7
8
2
3
2
-4
-1
-7
-5
-6
2
-7
-17
-9
-12
-2
1
-8
-5
-2
-5
-2
-7
-18
-15
-19
-24
-28
-23
-17
-24
-7
-9
-2
6
-4
0
-9
-2
3
-5
9
15
12
10
10
13
12
19
17
19
21
27
10
4
13
6
19
12
15
21
12
7
11
7
3
8
9
15
14
14
10
12
7
-1
-2
-9
-3
-5
-12
-8
-10
-17
-12
-14
-18
-21
-29
-27
-17
-5
-5
-2
-4
-5
-5
-7
-1
-16
-18
-10
-16
-11
-14
-8
-2
-1
1
-4
0
1
-5
-13
-12
-6
-3
12
2
8
6
-1
8
2
-4
-4
-2
1
5
3
16
10
7
19
25
24
15
8
4
1
4
2
7
19
8
6
11
6
13
12
4
18
7
17
24
4
15
12
6
4
1
3
-2
-2
-15
-19
-14
-19
-9
-10
-13
-10
4
7
-5
-8
-23
-15
-8
-14
-12
-16
-18
-18
-11
-19
-28
-21
-5
-8
-10
-11
-13
-9
-4
-7
-8
10
7
4
4
4
13
7
3
0
-1
2
6
11
1
10
10
1
4
10
13
20
27
19
21
21
20
14
6
3
1
-6
-9
-13
-5
10
-5
3
5
0
16
8
5
5
11
15
-4
2
9
-1
-1
-8
-12
-9
-7
-14
-22
-14
-12
-7
9
0
-5
0
-10
-4
-6
-3
2
-6
-8
-11
-8
-8
-4
-8
-12
-2
-1
-6
-2
-5
-8
10
-4
-4
2
2
9
3
7
3
4
4
4
10
6
10
3
-6
6
9
-6
3
9
3
5
5
6
3
7
8
2
8
4
2
8
8
11
3
-2
0
-10
-13
-11
-16
-5
-7
-10
-8
-7
6
-1
-7
2
-1
2
-4
-15
-20
-20
-8
-14
-13
0
11
8
2
3
4
10
2
-5
2
4
-2
4
4
4
8
11
10
1
0
-3
3
-2
-4
8
8
5
8
-10
0
16
7
2
0
15
16
8
14
8
5
6
2
4
4
1
-6
-2
4
-2
-6
-13
-8
-4
-4
-2
-12
-11
3
-1
-7
-7
-9
-4
2
1
15
10
-7
12
19
12
13
-1
-6
0
-6
-14
-11
-1
3
-5
-18
-13
-1
-12
-6
-6
-9
-13
-12
-6
-7
-3
-11
-11
-7
3
-8
-3
6
-4
-1
-1
1
1
1
-4
-2
1
0
9
11
6
-4
-1
-6
0
7
0
11
6
13
14
16
27
8
4
9
9
10
12
16
8
4
11
5
3
2
2
8
10
-7
-21
-17
-16
-20
-12
-7
3
6
9
9
5
8
6
9
9
6
-5
-12
-5
-5
5
-2
-8
-8
-6
4
-3
-2
2
2
-6
7
7
-12
-2
0
-1
2
-2
-3
0
-2
-4
-8
-7
-10
-7
8
15
5
15
15
3
3
-6
-10
-14
-20
-21
-16
-28
-25
-30
-19
-7
-7
-1
-4
-2
5
11
1
0
-1
0
4
1
-2
-9
-11
-5
2
-4
0
15
17
16
9
17
24
16
16
16
19
17
12
9
13
22
23
19
15
12
10
4
-1
-2
8
-5
-9
-2
1
4
-8
-2
0
-8
-11
-14
-12
-11
10
13
14
9
-6
-6
-11
-21
-22
-18
-13
-16
-24
-15
-7
-10
-10
-8
-12
-4
-14
-17
-12
-22
-19
-10
-9
4
-4
-14
1
-2
-5
4
0
-5
-1
6
11
4
4
5
-2
-4
6
13
15
12
25
25
14
22
18
19
20
11
10
10
6
24
15
18
25
21
24
18
20
14
7
-1
1
13
9
4
7
2
-3
-2
-12
-22
-21
-7
-16
-24
-2
3
-12
-13
-6
-6
-2
-13
-15
-12
-21
-20
-32
-33
-25
-26
-31
-30
-20
-17
-19
-25
-24
-26
-22
-16
-14
-4
-4
-14
-11
-10
0
-2
-3
-1
-4
-2
9
18
10
17
15
15
22
15
23
20
20
28
30
31
28
27
26
25
15
20
27
21
10
14
23
15
7
21
26
22
28
15
9
-1
-1
6
2
4
17
14
8
2
9
13
-6
1
-3
-11
-10
-14
-18
-13
-9
-8
-13
-22
-9
-19
-29
-31
-26
-22
-31
-28
-21
-12
-13
-21
-12
-13
-31
-43
-44
-52
-46
-27
-19
-11
-13
-14
-12
-16
-18
-18
-12
-7
0
13
11
4
7
7
5
9
14
14
9
13
20
21
18
18
24
20
32
37
37
49
36
23
14
17
8
5
21
17
19
29
28
26
23
12
16
13
10
13
10
21
14
6
5
-3
3
-10
-10
-9
-12
-7
-10
-6
-7
-14
-15
-3
-4
-4
0
-4
-8
-10
-17
-14
-10
-22
-22
-30
-31
-32
-41
-31
-21
-32
-21
2
-4
-2
-3
-2
-3
-15
-5
-9
-12
0
-11
-18
-19
-20
-18
-10
2
1
-6
6
7
-8
-5
-3
-3
7
20
15
23
31
19
13
7
12
14
5
14
19
18
21
19
15
13
15
8
10
14
15
15
14
28
23
38
24
3
4
3
13
6
-3
-2
-3
-12
-2
-4
-7
8
-4
1
7
-5
-7
-13
-6
1
-10
-3
-4
-11
-15
-27
-29
-30
-31
-29
-15
-14
-15
-1
-4
-4
4
-16
-10
-10
-22
-14
-18
-5
-5
-5
-5
-9
-4
-13
-13
-18
-14
6
3
14
15
18
17
3
9
-3
2
8
5
15
17
16
13
20
14
5
-9
-5
6
3
-2
-6
3
3
19
29
28
31
14
12
28
14
9
7
12
14
-3
0
1
0
6
0
-7
1
1
2
1
2
2
7
10
3
2
-5
-10
-10
-14
-18
-22
-21
-25
-28
-18
-10
-6
-3
-12
-4
-1
-12
3
0
-1
-11
-22
-5
-19
-21
-5
-8
-7
-9
-17
-5
-5
-4
-7
-15
-11
-10
0
2
-4
3
2
-4
2
0
-5
4
-3
-3
6
4
3
6
9
0
11
13
9
14
12
20
23
12
18
14
15
28
20
13
14
13
13
16
14
15
17
18
25
15
7
5
-3
0
6
-6
5
13
4
-2
1
8
-2
-2
-6
-9
-4
-4
-7
-4
-9
-16
-13
-23
-26
-12
-16
-25
-19
-20
-6
-9
-7
-4
-21
-26
-32
-24
-30
-31
-24
-17
-17
-15
-5
-4
-1
-7
-10
-7
-8
-9
-3
1
14
15
12
17
15
15
11
17
20
8
2
10
10
11
17
9
8
26
23
7
13
14
14
21
16
20
22
18
13
7
13
13
3
11
22
6
-3
-2
3
0
-11
-5
3
-15
-9
-3
-14
3
8
6
1
-8
-12
-11
-9
-15
-23
-33
-25
-14
-10
-14
-14
-6
-13
-15
-7
-10
-11
-4
1
-6
-7
0
-13
2
-3
-19
-7
-10
-6
5
4
12
17
5
0
3
14
5
5
17
5
8
4
0
2
13
12
-4
2
2
1
2
9
4
3
15
16
7
7
12
17
12
10
18
4
7
3
-2
-3
-12
-7
-16
-9
-2
-16
-12
-10
2
6
5
4
-2
5
2
2
3
3
-2
-8
3
4
-9
-7
-10
-22
-21
-16
-16
-7
2
-5
1
-2
-4
8
-2
-8
-5
-11
-10
-2
3
1
2
-7
-15
-14
-15
0
-1
1
7
6
9
3
5
17
10
10
5
7
17
6
18
18
8
4
2
-13
0
9
-12
-4
7
10
9
15
21
16
15
8
10
15
10
11
1
-2
-6
-4
-3
-6
2
1
0
1
4
1
4
8
-10
-7
-11
-22
-6
-14
-11
-11
-25
-19
-18
-23
-7
-2
-12
-11
-12
-10
-16
-8
-7
-22
-17
-20
-14
-11
-7
-6
-10
-9
-10
9
6
2
10
9
7
12
19
15
22
26
22
33
33
29
30
19
16
22
6
8
15
-4
-2
2
7
5
2
15
16
4
3
17
2
-5
0
-7
-2
0
-5
-9
-6
-9
-11
-5
-3
2
-10
-12
-5
-9
-8
-15
-19
-14
0
-11
-21
-15
-17
-19
-13
-23
-26
-21
-17
-15
-31
-20
-19
-29
-8
-1
3
9
11
13
0
5
17
14
9
9
6
4
16
18
12
18
15
15
18
16
21
16
12
26
25
17
17
22
18
14
21
7
7
12
11
16
7
12
7
2
3
-7
-23
-17
-13
-13
-15
-24
-7
0
-8
-15
-11
-17
-26
-24
-26
-6
-3
-14
-16
-11
0
-12
-3
1
-2
-4
-11
-7
-1
-3
-17
-16
-8
0
9
0
-3
8
0
0
6
7
11
12
8
3
8
17
6
1
2
-7
-5
-12
-13
-8
-8
-2
2
10
16
16
13
10
13
8
0
0
-1
0
6
3
-8
6
4
6
7
-2
0
-4
-13
-11
-2
2
2
12
18
14
15
-3
-12
-7
-4
6
3
0
2
-7
-9
-3
-3
-7
-11
-2
5
4
7
15
19
8
7
5
4
3
-2
-2
-5
-11
-8
-5
-7
-3
7
9
7
13
11
0
6
-2
10
14
-3
5
-11
-9
-8
-18
-21
-26
-21
-8
-8
-9
5
0
-9
-7
-9
-9
-2
-9
-8
-1
-17
-17
-13
-21
-9
-8
-16
-7
-19
-13
-2
-4
1
4
7
5
0
9
17
7
6
6
11
20
22
20
17
19
14
21
20
13
23
9
1
13
14
16
15
19
22
23
15
9
14
11
-2
-4
-16
-17
-4
-13
-3
2
-10
-11
-9
-8
-5
-6
-9
-10
-17
-18
-3
-8
-13
-10
-9
-12
-18
-15
-17
0
-4
-4
-8
-8
7
-1
-1
-9
-16
-6
3
-1
-7
0
-1
-3
-3
4
8
9
16
5
10
5
-4
10
17
20
12
6
14
13
8
13
-5
-10
16
10
-5
2
6
-3
1
-3
-13
-1
-2
-11
-4
-5
-15
-9
-12
-10
-3
-5
-1
-3
-4
-6
-11
-15
-10
-15
-10
-14
-15
-4
-15
-5
-6
1
10
4
-1
2
1
5
10
7
10
-3
-3
-3
-12
4
12
6
13
19
22
29
29
22
29
23
11
9
11
20
13
3
-3
0
1
1
7
-5
-3
-4
0
4
-5
-4
-5
0
2
6
5
-4
-6
-7
-20
-15
-2
-11
0
9
2
3
-2
-8
-12
-19
-18
-14
-13
-8
-6
-1
3
0
-2
-19
-15
-6
-23
-22
-13
-11
3
6
5
4
1
7
-5
-8
9
-11
-13
3
-7
-4
-9
-5
12
0
0
4
-2
5
3
3
13
7
5
7
-1
-2
1
2
2
4
9
1
-2
5
-4
-4
9
7
8
9
10
18
12
17
26
18
17
6
-2
12
14
8
0
-3
1
-1
-3
-2
-7
-5
6
8
-7
3
14
2
-3
-6
-6
-12
-16
-13
-13
-12
-14
-12
-1
6
-3
-2
3
-5
8
8
-5
-6
5
9
-10
-1
-1
-8
-16
-24
-19
-19
-14
-11
-9
-3
1
4
-4
-3
-4
-7
-1
9
19
18
18
22
13
8
9
-8
-8
-5
-5
3
-2
-2
-4
3
3
6
22
4
1
10
8
2
1
1
2
1
1
3
-1
1
2
-9
-8
-9
1
-2
-4
3
0
14
13
3
1
-2
8
9
-3
-7
-13
-9
-1
7
-10
-28
-22
-24
-30
-33
-22
-11
-4
-2
-2
7
7
6
2
1
0
-9
-11
-2
7
3
1
0
-3
13
15
11
18
15
25
16
3
17
17
23
24
16
18
17
21
21
24
18
8
4
6
11
12
10
14
11
13
17
-3
7
8
-14
-16
-17
-23
-11
-6
-7
-9
-14
-11
-27
-32
-26
-22
-13
-28
-29
-22
-26
-20
-25
-24
-15
-10
-15
-15
-20
-26
-22
-15
-11
-9
-3
-9
-15
-10
0
-1
13
23
12
17
31
23
19
22
10
9
6
6
13
13
21
33
28
32
31
22
22
14
16
11
5
-1
10
12
1
11
-4
-5
1
-8
-10
-8
-11
1
-5
-13
6
4
-5
-6
-13
-20
-25
-30
-29
-27
-15
-6
0
-1
-5
1
-7
-9
-4
-14
-5
-3
-1
16
14
22
19
14
3
2
13
7
10
-1
5
8
6
17
13
9
20
19
7
10
9
10
-2
-6
-4
-13
-1
5
1
2
-9
-15
-5
1
6
5
2
-2
-14
-9
-12
-12
-11
-13
-14
-14
-17
-29
-20
-20
-26
-15
-15
-14
-12
-7
-1
-1
1
2
10
6
1
-7
-15
-2
0
3
4
-1
0
-5
-1
10
15
13
18
24
22
31
24
12
9
-7
-3
3
-6
-4
2
1
4
4
6
6
0
5
15
7
13
23
13
21
16
7
0
-1
1
4
2
-9
-3
-7
-10
2
-7
-13
6
4
0
11
11
10
14
1
-2
38
75
38
-33
-30
25
68
54
-23
-103
-133
-102
-69
-51
-20
-54
-152
-224
-201
-108
-18
-89
-287
-377
-362
-289
-185
-202
-324
-374
-397
-552
-625
-435
-248
-257
-236
-129
-95
104
503
509
402
625
669
406
691
1021
1184
3569
6747
3387
-4730
-5040
3912
7094
825
-1520
1408
-1663
-8200
-4706
5336
7184
113
-6205
-7542
-6069
-3311
837
2706
-1956
-9245
-8537
-20
3723
-709
-2897
-273
-2185
-6470
-2443
4679
2447
-4069
-2982
1782
1003
-2263
-1943
-1163
-3726
-7661
-7820
3087
20076
21179
-1659
-22662
-12772
18713
32214
12261
-12040
-12257
2405
8324
5862
11863
22949
16408
-8665
-21757
-3670
25169
30655
6919
-19304
-21896
-3148
12228
8383
-4454
-9232
-6756
-9393
-17251
-16352
-2861
6292
-3258
-20258
-23173
-11510
-2794
-4287
-6376
-2931
-1346
-8332
-15981
-10423
7514
19063
9915
-8940
-13934
357
15036
13950
4548
2240
6218
4430
-2871
-2566
8275
15721
8886
-4706
-9630
-1816
7961
9163
4084
671
-563
-2752
-1880
5592
12083
9432
2608
343
1681
3599
7717
11798
8674
132
-2931
1953
5717
3317
195
730
934
-3428
-8169
-6980
-2412
-1919
-6208
-9673
-9879
-8589
-7502
-7621
-8563
-8574
-8081
-9028
-10552
-9735
-3978
8314
18382
8859
-13158
-18211
4783
29824
27134
3958
-9868
-3346
7723
10512
12004
19871
22191
5674
-16398
-16602
8214
29837
22442
-7260
-28135
-21035
722
11091
3030
-9376
-14086
-13760
-15761
-17702
-10956
1481
3642
-9985
-22982
-19708
-6215
1697
151
-2524
-1715
-2803
-9181
-11878
-1262
15187
19191
5384
-10622
-10361
5568
17786
13430
3072
1897
5655
1936
-5040
-1566
10937
16023
5253
-9749
-11690
764
12247
11466
3190
-2476
-2462
221
2756
5792
10746
12979
6108
-3828
-3046
8166
15974
14443
8015
370
-4025
-268
6435
7195
4411
2776
-2276
-11132
-13231
-4813
3951
3437
-6062
-16328
-17797
-10238
-3177
-2035
-4213
-8201
-13121
-13956
-8359
-1157
2518
759
-5517
-10270
-7758
-1233
2155
1032
-837
1653
10726
16989
7232
-10381
-10222
12791
31838
23670
-1346
-14352
-5285
8736
12446
11784
14845
12816
-2677
-18459
-13840
10049
27256
15889
-14463
-31534
-18913
5617
14785
3144
-12560
-17082
-12783
-10907
-11833
-6336
3244
2352
-11336
-21197
-15084
-1026
5799
2019
-3086
-2855
-1958
-5560
-7301
1817
16493
19795
4498
-13589
-11961
8446
22116
14028
-1033
-4413
1052
3014
522
1358
7591
11353
4647
-7392
-9752
2038
13859
12156
1715
-3815
-1166
2182
2739
4983
10495
12447
5238
-5070
-4895
8806
19091
11302
-3026
-4982
663
449
-925
3130
3057
-6119
-12636
-9863
-5040
-3631
-4645
-7553
-11407
-13340
-11655
-6989
-3384
-5434
-9857
-8420
-2556
-1292
-4158
-3136
1595
3316
686
-2229
-2735
-758
2883
8492
16408
20954
11692
-6606
-12331
4966
28036
29924
8417
-11584
-11314
614
7948
10628
15428
15846
1356
-19828
-24020
-2807
21561
21733
-3715
-28791
-29100
-7671
11458
10701
-4324
-15898
-16364
-12815
-11150
-7323
886
5290
-1656
-14086
-18348
-9758
2224
6639
3678
142
-2532
-6771
-9077
-2284
11987
20801
13300
-4787
-14349
-4371
13487
19484
10544
-295
-3883
-2653
-720
2663
8220
11438
6392
-4397
-9522
-2757
8028
11478
6257
-837
-4198
-3157
237
4737
9547
10650
4365
-3420
-3115
3637
7666
7198
5744
2470
-2541
-4415
-1884
563
979
672
-1289
-5882
-10224
-9975
-4643
669
-251
-6795
-11727
-10960
-7116
-3178
278
1252
-2555
-8093
-8576
-1918
5741
7133
2020
-3995
-5938
-2185
6096
15012
18922
13083
-892
-11198
-3949
17802
31531
21353
-1705
-14889
-10392
2760
14436
19834
15481
43
-18297
-23460
-7747
14810
20240
1495
-24110
-32219
-16844
4051
9954
-279
-12361
-16809
-15928
-13893
-9497
-1506
4979
2462
-8772
-17777
-14478
-1817
7925
7886
2329
-2414
-5260
-6427
-2492
8123
18034
16506
3129
-9113
-7564
5777
16834
15693
5759
-3424
-6889
-5206
316
7838
12091
7113
-4928
-12204
-6171
6968
13347
7872
-1649
-5578
-2466
2997
7532
10386
10416
7747
4475
1501
372
4764
11894
11874
3720
-2931
-4523
-4419
-1749
3355
3991
-2389
-9802
-13197
-11561
-6136
-1776
-2365
-6357
-11469
-15154
-12268
-3282
2473
676
-3320
-5837
-6929
-4511
1967
7601
7689
2313
-3788
-3823
4963
17304
23577
15962
-2833
-14555
-2813
21533
30537
15610
-5303
-14198
-9463
1654
12578
18305
13340
-3969
-22345
-23318
-3635
17008
16950
-4769
-27645
-29485
-10235
7264
6124
-5589
-12432
-12664
-12718
-13393
-10130
-1519
6003
3302
-8964
-18046
-14026
-1347
8071
7784
949
-5274
-7407
-6051
-541
9268
16432
12567
470
-7636
-3960
7549
15842
13681
5099
-1021
-2888
-3322
-468
7357
13307
9336
-2003
-9440
-4977
7092
14024
9546
204
-4711
-2617
3242
8317
11340
12867
8975
-1102
-5425
3308
11877
9427
4190
1639
-3690
-8779
-5273
2170
4171
140
-6528
-12017
-12324
-8808
-5163
-1897
-2320
-9811
-16343
-12618
-4257
-450
-525
-2151
-5662
-7534
-4423
678
3328
1992
-1681
-2810
2064
10044
16690
17320
7264
-6570
-5942
12207
26432
21136
4981
-6424
-7886
-1969
7216
15937
19335
10685
-9026
-23527
-16787
6143
21974
13628
-12528
-31690
-25057
-2726
10273
5128
-7215
-15683
-17886
-15925
-11625
-4704
2879
3770
-5578
-16229
-17048
-8099
2347
6908
3752
-3000
-8161
-10344
-7662
2976
15445
16363
3524
-9315
-9103
3814
16965
17195
5959
-2240
-1076
1407
1369
4513
10718
11607
4246
-4303
-5314
3060
13124
14580
6197
-2777
-3949
1549
7753
12687
15650
11729
1046
-4466
2001
10442
11659
8156
2194
-6138
-10112
-5215
1501
2506
-1687
-7547
-11771
-12636
-11905
-9698
-4708
-2487
-8961
-16996
-16379
-9449
-3642
-758
-751
-3705
-6865
-7343
-4096
1996
6138
3484
-2544
-3523
4051
16604
24015
15472
-3546
-10465
5548
26726
29466
12074
-6798
-10291
-159
9953
14005
15320
12392
400
-14248
-17034
-3433
14111
16592
-2016
-24278
-27351
-10963
4639
5529
-4127
-13396
-16789
-16280
-14770
-10658
-3423
667
-3658
-12004
-16036
-12733
-5082
1026
1791
-773
-3526
-6992
-9697
-5495
6000
15051
12951
1887
-7037
-3843
8646
16441
13133
6924
4086
971
-2816
-514
8662
15788
12832
1374
-7655
-3966
9101
17142
12686
2666
-2811
-945
5059
11433
15977
15352
7195
-2222
-2135
6975
13224
10906
3965
-3693
-8874
-7266
-736
2519
-1103
-7844
-12927
-13939
-11529
-9163
-8900
-10053
-11954
-13769
-13373
-10920
-9232
-8073
-4985
-1563
-1981
-5507
-6313
-1445
4904
6232
1761
-1807
2282
13629
23480
20605
3997
-9208
-1576
20553
32579
20853
-2077
-14754
-9254
6184
18466
19850
10684
-3812
-15839
-16752
-3919
12371
15571
-59
-21331
-28492
-15608
3241
9671
482
-12211
-17165
-14744
-11281
-8731
-4306
1322
1344
-7485
-17037
-16262
-5349
4754
5837
-157
-6396
-8947
-7936
-3522
4534
12073
11205
660
-8995
-6280
7048
16957
13482
2749
-1863
1818
4622
3112
3832
9470
12582
6963
-2203
-4009
4771
15134
16032
6897
-1967
-1193
6740
11998
11905
11523
10057
3292
-2598
881
8404
10130
5641
-1988
-9699
-10993
-4706
-3
-2437
-7676
-11358
-12611
-12046
-12140
-12428
-9045
-4997
-7755
-14538
-15681
-9878
-3211
-78
-1055
-3428
-4123
-3852
-3324
361
6461
9601
9528
11067
13204
10315
3300
911
9735
23363
25850
11319
-5811
-9624
-1465
9002
16816
18218
8954
-7406
-18699
-14611
3100
18296
13152
-10429
-29626
-26167
-5690
10548
7783
-8614
-20576
-18783
-10724
-5899
-4190
-2787
-3232
-7403
-12519
-13105
-7150
539
3017
-689
-5730
-7856
-6437
-2913
1518
6317
9099
5410
-3650
-7814
301
13054
16479
8191
-1520
-3702
807
5844
7943
8286
7888
4745
-484
-1292
5774
13941
14170
6594
-84
1565
8330
10521
7590
8195
11736
8538
1067
930
6802
8015
3787
372
-1162
-2974
-5361
-6793
-5803
-4366
-6850
-12010
-14135
-12683
-10854
-9107
-8563
-11543
-14350
-11315
-5649
-4757
-8053
-8650
-3643
1954
1544
-3658
-5178
355
7267
12245
17286
19043
10142
-3424
-4399
11909
29841
29849
10634
-9137
-12000
450
14076
19168
15277
5277
-7532
-16857
-14230
1868
17651
14633
-8391
-29918
-28376
-6929
11172
9169
-6970
-18977
-18200
-11706
-7970
-5617
-769
2662
-2198
-13412
-19570
-12275
2835
10760
4757
-6204
-10961
-9135
-5043
1552
10330
14174
6343
-8245
-14709
-4223
13639
20379
10581
-3327
-8283
-4047
1863
5601
8792
11108
7545
-2493
-8656
-1243
13726
20450
13580
3277
-962
421
5090
13052
19059
15059
3869
-3159
-1348
4648
9813
10936
5764
-3518
-10026
-8822
-2522
1068
-2164
-8152
-11979
-14063
-15023
-12277
-6755
-4409
-7740
-12780
-14729
-11877
-5859
-666
385
-2201
-5110
-5414
-2574
1419
5204
9871
15152
15895
8208
-1523
-1186
12537
27363
27315
11079
-5776
-8580
1222
12231
17110
15298
7232
-6080
-17642
-16276
203
16570
13589
-8950
-29799
-29174
-9538
8479
8121
-7266
-20440
-20802
-13376
-7149
-3377
-126
165
-5351
-12637
-13808
-6539
2986
6571
2484
-3893
-6938
-6140
-3517
1233
8408
13083
8250
-4266
-11809
-4752
10756
18737
11549
-2582
-9980
-6032
2604
7924
8182
5470
653
-4834
-5692
1893
12389
15389
9300
2889
2264
5199
8815
13113
15854
13662
8117
3957
2830
3764
6469
9524
8765
1768
-6747
-8876
-3724
799
-1308
-7174
-11621
-13756
-14390
-12779
-9283
-7017
-8700
-13380
-16449
-14140
-7959
-3067
-2496
-4793
-6782
-6268
-3278
427
5240
12875
20542
17837
2921
-8043
-488
20634
32767
22578
925
-10420
-4589
7830
15617
16625
12445
2624
-10813
-18495
-11128
6754
16809
5892
-17492
-31072
-22718
-2696
8694
2656
-11434
-19621
-18345
-13153
-7557
-973
4186
2075
-7600
-15652
-12919
-1014
9196
9472
1989
-5147
-6948
-4329
576
6885
12204
11704
3527
-6133
-7560
1623
12529
14896
8181
-494
-5661
-6156
-1966
5458
11130
9103
-1249
-11530
-10553
2124
13436
12940
5079
-693
-1791
843
7268
14501
16610
11747
4083
-466
1061
6611
11140
10967
5289
-3376
-8709
-6280
-86
2451
-162
-5181
-11224
-16283
-15724
-8159
-353
-1073
-10283
-18292
-17163
-9370
-2689
-1198
-3786
-7389
-9170
-7913
-3866
2969
11866
17937
14018
726
-8471
-445
20030
32683
24206
3827
-8864
-5757
6286
17525
22279
17515
3307
-13215
-19446
-8355
11241
19253
4599
-20691
-32609
-21029
-122
8861
213
-14046
-20898
-18749
-13326
-7924
-2380
1517
-307
-8060
-14850
-12913
-2496
7681
9658
3830
-3593
-7589
-6494
-74
9628
16463
13819
2375
-7801
-6238
6170
17071
16360
6796
-1687
-4140
-2519
1043
6213
10424
8475
-1111
-11003
-10624
1074
12177
11585
2182
-5293
-5593
-156
7803
13517
12401
5975
692
530
4462
9019
10795
8177
2454
-3258
-5406
-2741
1270
1993
-1037
-5633
-10455
-13333
-11402
-5845
-2175
-4476
-11219
-15917
-13269
-6041
-1914
-3474
-6808
-8820
-8931
-6731
-2770
2109
8548
14113
11135
-1122
-8855
1124
21851
32192
21661
2322
-7107
-2415
7777
17076
23325
21245
6799
-12156
-19481
-6520
15262
22841
5773
-21430
-32494
-18490
3417
10966
-187
-15881
-21936
-18070
-12021
-6878
-1768
483
-4013
-12391
-16423
-11284
-660
6363
4684
-1488
-5303
-5868
-5256
-1758
6360
13975
12793
2265
-7206
-4737
7661
16783
14643
6641
1299
-193
-225
1901
7527
12783
10496
-355
-9836
-7136
5023
12794
8659
-655
-5378
-3951
-134
4268
8615
9719
5111
-1557
-3669
485
6565
9549
7368
1287
-4407
-5411
-1968
1382
1547
-544
-3703
-8171
-12032
-10753
-4043
1102
-1580
-9426
-14089
-11352
-4782
-495
-951
-4189
-7157
-8001
-6348
-2837
2280
8872
13031
8113
-4050
-9474
1782
20026
26528
16156
1421
-4731
-1584
5593
14365
21968
20665
6192
-12028
-17316
-3306
17310
22757
4314
-21692
-29840
-14377
5382
9095
-3322
-16674
-20232
-16446
-11987
-7909
-3064
-913
-5430
-13304
-16495
-11434
-2444
3053
2016
-2060
-4934
-6717
-7704
-4172
5324
13548
11397
229
-7880
-3384
9274
16807
13360
5895
2455
2501
2480
3570
8298
13325
11527
2074
-5788
-3067
7159
13033
8797
999
-1739
242
1392
1838
5257
8990
6668
-246
-4233
-2410
2351
6275
6055
653
-5698
-7572
-4468
-339
936
-1293
-4710
-7806
-10657
-10745
-5335
827
-277
-7606
-12491
-10290
-3858
1100
939
-2753
-5566
-6227
-5689
-3129
1860
7207
11006
10206
1885
-7618
-5031
10857
23835
20703
6129
-5449
-6095
948
9437
16882
20345
13411
-3538
-16788
-12304
7297
22870
16311
-8856
-27807
-22168
-1678
10513
5404
-7808
-16695
-17342
-14111
-10840
-5969
-91
-278
-8985
-17190
-16024
-7466
368
2269
-834
-4650
-7305
-9766
-9395
-1700
9394
12907
4889
-6049
-8269
1210
13341
16738
10879
4436
1989
1443
2612
7579
13901
15027
7969
-1683
-4005
3894
12755
12646
5947
1695
1657
1111
343
3916
9784
9856
2816
-3602
-4070
-638
3085
4909
2740
-3005
-8007
-8544
-5307
-1762
-839
-3024
-6912
-10798
-12128
-8215
-1448
620
-4644
-10355
-9883
-4905
-953
-274
-1380
-2481
-3427
-4228
-3456
-323
3941
8411
11859
9667
406
-6534
-279
15087
23529
16394
1493
-7269
-4887
3414
11750
17299
15957
4559
-10606
-15783
-4330
13732
19181
3639
-18462
-24781
-11252
4985
7795
-2232
-13112
-15695
-11783
-8733
-8040
-5511
-1929
-3280
-9770
-14065
-11365
-4705
-161
-190
-2456
-4606
-7321
-9885
-7368
1853
10309
9131
-654
-8471
-5321
6017
13824
12154
6840
4294
3148
1475
2695
8961
15301
14170
4742
-3793
-1545
8982
15183
11041
3860
1847
3131
2579
2471
7202
11706
7998
-313
-3769
-1668
1210
3775
4719
752
-6001
-9466
-8187
-4949
-2191
-1750
-4484
-9331
-13909
-13895
-6616
1431
387
-8009
-12634
-9109
-2855
533
125
-1608
-2309
-2782
-3871
-3100
1108
6121
10097
12659
10097
1305
-5339
-265
14074
24300
19504
2863
-9915
-8165
3017
13497
18419
14967
1802
-13416
-17174
-5149
11890
16872
3138
-16809
-24104
-14072
853
6868
906
-9645
-15194
-13918
-10823
-7841
-3079
925
-1488
-8971
-13741
-11442
-4678
915
2083
-347
-4110
-8149
-10550
-7013
2837
11572
10668
261
-9400
-7864
3662
13076
12830
7685
3858
1030
-1327
501
8064
15610
14968
4890
-4858
-3280
7460
14740
12319
6392
3670
2635
888
2207
8980
13769
9193
573
-3085
-1568
1375
4427
4933
140
-5912
-7943
-6851
-5387
-4133
-3498
-4699
-8113
-12411
-13540
-8286
-1786
-1832
-6897
-9488
-7524
-4760
-3095
-1683
6
1200
-213
-3540
-4271
-65
5791
9164
11076
12224
9006
545
-4859
3243
20000
26519
13179
-6420
-12433
-3190
9163
15759
14750
6870
-5433
-15042
-14314
-2512
10783
11800
-2272
-19459
-24407
-13373
1975
7017
-1061
-11472
-15224
-14149
-11562
-6350
911
3736
-2086
-11331
-15190
-9949
-421
5382
3792
-2514
-7730
-9073
-6803
-1109
7103
12737
8622
-3290
-10481
-4208
9176
16270
13034
5310
-893
-3380
-1269
5772
13789
15674
7944
-3237
-6240
1956
12149
14576
9673
4440
2001
988
1524
6348
12933
12290
3886
-1801
-377
1395
1239
3676
5307
-31
-7889
-10229
-6663
-2082
-492
-3714
-8975
-11704
-11829
-9663
-5230
-2560
-4762
-8098
-8463
-7928
-6732
-2678
1273
1213
-1993
-4102
-2541
1715
4889
4173
3411
5589
9025
11649
10382
4244
-591
4931
15613
16624
6902
-1980
-2726
785
2862
3937
6489
8251
1019
-13489
-18764
-6529
10138
11467
-4882
-22324
-23295
-7552
5820
3530
-7132
-12819
-11265
-8839
-7879
-5958
-1440
1807
-2229
-9729
-10582
-3786
1199
-309
-2483
-1294
560
-940
-4539
-3348
5127
12610
8993
-2004
-6335
1719
12832
13974
4951
-1790
1202
6604
5709
2637
4288
7609
6222
1502
24
3534
7651
7788
4804
3387
4291
4142
2425
3199
7242
9162
6029
1104
-1277
-241
2194
3252
1096
-2581
-4548
-4266
-3558
-4117
-5351
-5409
-4627
-5820
-9376
-10470
-6703
-2965
-3963
-7778
-9093
-6553
-3556
-2814
-2857
-910
1256
204
-1846
-305
4081
5814
2814
-316
2062
10746
17904
13716
-12
-8831
-1454
14852
22205
12653
-3691
-11128
-7058
-123
4632
8403
9180
892
-13425
-20031
-10184
7588
14130
1547
-17090
-22480
-11321
1750
4247
-1687
-6537
-7472
-9089
-11897
-9711
-513
6794
3220
-7761
-14619
-10959
-1439
4773
4265
1210
-636
-3055
-6028
-3703
5894
14293
12084
1470
-6238
-3052
7034
12792
10126
5426
3683
1910
-1597
-1484
5135
11995
10697
1571
-5773
-3800
4628
10505
9245
3893
-566
-1781
-145
4137
9740
10930
4556
-2918
-3734
18
3112
5726
6115
405
-7204
-8346
-3504
140
87
-1845
-4525
-7526
-10184
-9905
-5265
-926
-2585
-7770
-9354
-7088
-5026
-3479
-1110
1551
2417
223
-3557
-4677
-1
7231
10503
6425
-1561
-4769
1199
11931
17857
12744
-341
-9807
-4727
9978
17385
9600
-3906
-10549
-8702
-2796
4278
9658
8242
-2589
-14931
-15955
-3681
8907
8416
-3385
-14044
-14348
-6165
996
1240
-2402
-4154
-4708
-8001
-11739
-9544
-1247
4653
1726
-5748
-9330
-7211
-3720
-791
2869
5868
4356
-2427
-8587
-5991
5757
15677
13068
1718
-5092
-1532
5873
9378
8901
7665
5232
-81
-4615
-2175
6266
11873
8459
-66
-4799
-2296
3099
6231
6497
5228
2236
-1887
-3207
1687
9100
10805
5333
-271
-1614
-475
2627
7130
7126
158
-5898
-5015
-1590
-761
-1604
-2424
-3577
-5709
-8608
-9654
-6378
-2083
-2301
-5855
-7551
-6477
-4691
-3000
-1466
118
1879
1751
-1361
-3397
-653
4383
6871
4843
-83
-3162
-881
4032
7639
9837
8310
-309
-9541
-7315
5523
14686
10575
-2310
-11630
-10374
-2676
4269
8695
9309
1847
-10646
-15821
-7064
7978
14984
6368
-10174
-17893
-10192
2150
6889
2953
-3798
-8513
-10205
-9760
-6244
1038
5673
319
-9763
-12633
-6897
-1197
53
-36
1238
1705
-2285
-7855
-5851
5711
15495
12850
1800
-5371
-2395
6085
10880
9430
6771
4980
617
-4473
-2269
7209
13374
9193
-408
-5461
-2436
3333
5847
5445
4496
1926
-2007
-2713
2129
8414
10455
6935
1250
-1761
-443
2748
5064
5059
2136
-2322
-5095
-4740
-2753
-665
371
-1418
-6063
-10028
-9356
-4623
-1028
-2548
-6759
-7906
-5179
-2895
-2956
-2954
-1468
-142
-547
-2119
-2627
-421
2749
3542
1778
-38
-836
-1005
-314
1151
1994
1465
1159
2990
4923
2149
-4178
-5321
2571
10501
8609
-605
-7269
-6878
-2268
3293
8630
10779
5112
-6378
-12561
-5326
8982
15679
7622
-7449
-14978
-8681
3064
7677
2537
-5117
-8951
-9353
-9013
-7464
-3295
252
-2055
-8311
-10915
-7719
-3662
-1691
54
2388
2850
-445
-4994
-4478
3879
13199
13513
4634
-3106
-1881
5264
10082
9797
7982
6114
1919
-2815
-1463
6405
11638
7417
-1620
-5746
-2222
3126
5045
4465
3547
978
-3304
-4594
472
7441
8668
3286
-2144
-2645
-163
2311
4498
5220
2308
-2569
-4927
-3645
-754
1437
982
-2260
-6115
-7958
-6870
-3581
-764
-1809
-5804
-8839
-8322
-4864
-1212
114
-1940
-4569
-4947
-2745
875
2943
2229
-126
-1019
409
1827
2860
2812
1507
-377
-1086
905
2776
3634
5064
6937
4679
-4043
-8873
-1097
11783
13979
2791
-7717
-8766
-3750
1394
6316
11255
9577
-1623
-13631
-13127
1290
14944
13907
-1483
-16106
-16205
-4179
6162
5599
-1289
-6695
-9382
-11075
-10495
-4894
1919
2522
-3860
-9724
-8795
-4034
-702
1048
3645
6008
3542
-3315
-6724
75
12353
17083
9394
-1564
-4242
1644
7572
9196
8615
6955
2015
-4360
-4937
2039
8877
7818
673
-4713
-4746
-1673
1496
3838
4120
789
-3902
-5327
-1738
3948
7381
6704
3027
-946
-2833
-1068
4023
8058
6434
272
-4922
-5777
-3369
-17
2316
1901
-2099
-7880
-10632
-7488
-1569
1540
-476
-5850
-10667
-10447
-4279
2704
4550
545
-4787
-6130
-2015
3740
6052
4299
1972
1625
2622
2945
2539
3156
4798
4881
1851
-2212
-3659
-1301
1774
1788
694
2127
1849
-5363
-12240
-6720
6666
11059
1022
-10923
-11903
-3970
2799
5176
7251
8322
2671
-6895
-8679
1648
13849
14358
1851
-11040
-11402
-1119
6553
4716
-1537
-5147
-6109
-7831
-9269
-5717
1987
4734
-1716
-9006
-8402
-2642
708
678
1241
3082
2087
-3743
-7975
-2709
8593
13399
6474
-3020
-4223
2102
6697
5841
5328
7756
6441
-1691
-7274
-2127
7095
8770
2471
-3195
-4008
-3272
-3005
-582
4089
5307
-317
-6691
-5471
2190
7585
6714
3403
464
-2093
-1676
3527
8337
6681
810
-2856
-2202
329
1956
2011
883
-1777
-5247
-6195
-3345
-642
-1062
-2453
-2914
-3741
-5144
-4751
-1539
1902
2092
-862
-3473
-2737
478
3687
4798
3417
1289
-123
53
1183
2815
2876
1089
-1210
-2307
-2272
-2667
-3595
-4337
-3361
-2910
-2741
-2906
-2897
-3288
-2194
-712
-2261
-3157
198
4957
2851
-2703
-4835
-376
5313
7480
6303
5172
4530
883
-1394
2998
11811
12483
3620
-5673
-6008
280
4660
3200
-2099
-5533
-7234
-7404
-6814
-4389
-2502
-3406
-6466
-7784
-5100
-2603
-3325
-4705
-1760
2293
2682
-1024
-3729
-1843
3746
8146
6728
2144
-926
-161
2642
5916
6950
4200
-26
-2181
-1224
711
1954
1880
1140
-733
-2969
-2942
324
2783
1528
-241
557
2511
2347
994
1387
4564
7057
5943
3230
2053
2597
3632
5386
6336
4583
759
-1964
-1710
1091
3702
2780
-1920
-6658
-7217
-3742
-261
-750
-4235
-6834
-6287
-4163
-2533
-1714
-908
-95
-78
-740
-708
1001
3109
3590
2081
1212
2068
2629
961
-611
-398
153
-617
-2555
-4692
-6010
-5355
-4324
-3932
-4716
-6316
-7936
-6435
-3031
-2789
-5556
-5720
-1417
1680
1396
-390
-588
360
2328
5198
8142
8605
4986
1048
1655
7205
11132
9740
4792
1346
899
2444
4126
4152
2020
-1326
-3048
-2939
-2212
-2737
-4063
-5262
-5240
-4156
-3797
-5089
-6741
-6088
-3529
-1392
-2017
-4176
-4871
-2552
525
1542
607
-378
119
1411
2447
2523
2465
2382
2179
1839
1715
1981
2497
2676
1808
1330
2064
2506
1135
365
1656
3006
2673
1999
1995
1925
2021
2744
3814
3943
3154
2274
2725
4109
4558
3274
1815
1978
3144
3530
2045
454
689
2053
1681
-609
-2034
-985
937
1189
-453
-2338
-2880
-2590
-2397
-2347
-2273
-3032
-4989
-6502
-5813
-3422
-1999
-3352
-6139
-7082
-4933
-2163
-1778
-4102
-6373
-5690
-2397
-33
-1116
-3784
-4982
-3733
-1767
-405
-403
-1560
-3274
-4193
-2733
523
2822
1731
-540
-942
1503
4815
7049
6085
3085
2524
5517
7567
6008
4637
5134
5262
3702
2861
3612
4677
4245
1786
-632
-572
1502
1954
-334
-3402
-4886
-4859
-4225
-3615
-3495
-4225
-6025
-7543
-6740
-2803
275
-1978
-7318
-7955
-1986
3397
2916
-510
-1635
-146
1640
2479
2959
3291
2796
1336
326
898
2133
2730
2072
687
-291
150
943
830
536
928
1479
1839
2432
2936
3628
5030
6053
5566
5282
6343
6990
6503
6559
7503
7793
7010
5515
3974
3398
3724
3149
1309
-157
-1250
-3532
-6358
-6911
-4864
-3553
-5877
-10212
-12252
-10380
-7430
-6544
-7477
-8306
-8384
-8067
-6972
-4605
-1915
-922
-2149
-3460
-2371
764
3251
3451
2084
841
1044
2682
3896
2973
961
13
151
291
551
910
-111
-2748
-4646
-3690
-793
1019
-297
-3340
-4631
-2928
-389
1072
1656
1360
93
-465
1380
4160
5766
6472
6512
4623
1845
2081
5676
7652
4849
557
-927
-76
146
-385
177
1156
-194
-3761
-5604
-3572
-441
99
-1708
-3385
-4068
-4271
-3838
-2325
-484
53
-1450
-3462
-3540
-1079
2024
3452
2240
-163
-652
1712
3926
3647
2852
3400
3660
2272
972
1391
2822
3655
2761
597
-798
-345
722
1356
1591
1205
261
-297
-194
383
1726
2706
1429
-659
-379
1506
2150
1535
997
698
909
1669
1499
170
-207
1023
1704
445
-1402
-1760
-524
252
-589
-1379
-660
33
-940
-2360
-2270
-785
417
0
-1851
-3409
-3285
-1991
-1002
-1223
-2667
-4434
-5139
-4310
-2915
-2211
-2805
-4233
-4826
-3318
-991
-428
-1726
-2293
-896
604
400
-543
-329
934
1627
1124
543
1074
2128
2141
1216
1101
1916
1864
779
433
962
658
-847
-2197
-2410
-1820
-1554
-2614
-4429
-5280
-4337
-2712
-2137
-2743
-2841
-1881
-1382
-1108
1083
4053
4138
2122
2121
4877
7510
8146
7310
6902
7926
8733
8079
7587
8171
7987
6395
4624
3351
2877
3059
1952
-1221
-3658
-3419
-2326
-2685
-4806
-7329
-7715
-5410
-3676
-4875
-6640
-6097
-4257
-3376
-3291
-2307
-623
-393
-1826
-1910
596
2701
2055
465
647
2389
3347
2061
-51
-253
1695
3044
1677
-1311
-2961
-1796
351
592
-924
-1682
-1174
-1031
-1574
-1353
116
1451
1235
-99
-548
685
2215
2910
3086
3030
2536
1794
1346
1736
3049
3828
2430
22
-578
950
2153
1564
47
-887
-859
-771
-1356
-2112
-2133
-1598
-1438
-2084
-3072
-3471
-2980
-2548
-2966
-3572
-3422
-2862
-3006
-4092
-4824
-3718
-1508
-645
-1805
-3181
-3385
-2592
-1214
163
410
-850
-2257
-2155
-592
804
986
450
-184
-853
-931
217
1712
2241
1994
1735
1369
1101
1952
3989
5272
4009
1212
244
2263
4057
2939
937
721
1157
624
44
546
1539
2064
1583
449
268
1844
3611
4028
3459
2615
2115
2674
3850
4260
3870
3192
1843
675
1406
2753
1897
-304
-1134
-964
-1643
-2798
-3076
-2467
-2098
-3060
-5003
-5885
-4839
-3645
-3576
-3739
-3665
-4113
-4668
-4044
-2235
-349
459
-427
-1793
-1072
1820
3971
3803
2683
2015
2159
3179
4185
4040
3351
3309
3291
2348
1154
707
839
821
103
-1186
-2037
-2164
-2639
-3564
-3478
-2310
-1993
-3353
-4847
-4657
-2671
-609
-307
-1494
-2279
-1765
-673
301
963
1204
1185
1125
757
117
245
1714
3276
3110
1144
-641
-398
1390
2668
2353
932
-724
-1692
-1164
203
514
-762
-2121
-2629
-2978
-3397
-2930
-1610
-1124
-2352
-3942
-4126
-2704
-850
127
-395
-1601
-1695
-391
781
1096
1434
1887
1613
1081
1372
2234
2719
2551
2003
1593
1810
2224
1784
818
727
1724
2356
1520
52
-568
243
1725
2578
1885
62
-857
295
2158
2702
1897
791
163
804
2346
2783
1641
1121
1896
2125
1337
1052
1433
1681
1781
1478
344
-740
-727
-263
10
16
-755
-2264
-3112
-2651
-1777
-981
-614
-1496
-3219
-3856
-2553
-485
561
-383
-2281
-2670
-1019
478
488
-127
-455
-437
-44
255
-199
-798
-491
185
-45
-936
-1265
-737
-65
72
-464
-1011
-821
-181
-154
-756
-999
-680
-567
-1084
-1757
-1957
-1484
-788
-673
-1492
-2550
-2612
-1231
363
546
-559
-1371
-1058
-88
1076
2008
1978
1031
445
1011
2037
2539
2277
1636
1170
1140
1218
1024
634
333
259
270
36
-478
-687
-303
-49
-494
-1037
-1075
-938
-904
-768
-682
-1029
-1375
-945
92
733
495
153
769
2193
3116
2788
1997
2023
3278
4776
4740
2749
817
1079
2768
3336
1867
-189
-1234
-1331
-1508
-2000
-2183
-2218
-2996
-4357
-5016
-4496
-3557
-3110
-3461
-4124
-4190
-3240
-1968
-1181
-827
-321
496
1221
1576
1879
2707
3927
4599
4074
3096
2984
4012
5018
4651
3055
1812
2109
3109
3208
2177
1026
420
347
688
1061
905
4
-873
-683
412
757
-413
-1398
-634
705
440
-1182
-2183
-1665
-483
35
-610
-1903
-2893
-2941
-2147
-1401
-1680
-2874
-3849
-4007
-3848
-3816
-3656
-3255
-3087
-3465
-4050
-4120
-3277
-1980
-1041
-784
-940
-1220
-1340
-750
631
1986
2285
1346
56
-373
559
2078
2912
2315
700
-488
-81
1411
2205
1596
817
935
1286
872
231
584
1808
2579
2096
972
388
865
2018
3036
3261
2596
1634
1136
1333
2039
2900
3196
2159
171
-1065
-422
1101
1536
314
-1303
-2023
-1917
-1804
-1918
-1848
-1500
-1444
-2102
-2944
-2916
-1816
-622
-305
-651
-779
-437
-78
-5
52
365
774
941
693
95
-458
-448
232
1044
1338
923
149
-343
-84
917
1999
2296
1586
562
265
1086
2309
2763
2086
1124
877
1337
1740
1629
1268
1040
891
590
162
-191
-418
-526
-574
-849
-1583
-2388
-2500
-1934
-1656
-2291
-3135
-3150
-2446
-2013
-2328
-2842
-2809
-2192
-1512
-1232
-1377
-1532
-1339
-886
-538
-418
-276
51
306
197
-25
173
802
1239
1087
673
546
791
1139
1407
1497
1257
848
897
1629
2261
1929
1035
790
1410
1850
1381
647
629
1154
1239
513
-336
-562
-219
-3
-370
-1014
-1372
-1438
-1680
-2001
-1730
-936
-777
-1892
-3156
-2939
-1350
-190
-701
-2095
-2670
-1920
-880
-628
-936
-919
-538
-614
-1300
-1506
-522
757
920
-44
-840
-580
282
814
884
1044
1464
1640
1210
837
1521
3029
3938
3502
2788
3052
3876
4012
3516
3611
4565
5101
4196
2553
1738
2385
3559
3809
2652
997
-60
-396
-368
49
627
163
-1941
-4088
-4135
-2397
-1258
-1936
-3348
-4081
-4010
-3597
-2979
-2229
-1731
-1779
-2142
-2317
-1947
-1152
-384
23
103
-67
-581
-1162
-1061
-118
686
330
-940
-1972
-2091
-1550
-966
-820
-1296
-2087
-2532
-2292
-1654
-1087
-795
-747
-837
-848
-522
184
1034
1588
1469
839
568
1360
2634
3049
2183
1040
823
1678
2649
2698
1767
846
753
1219
1443
1172
834
721
617
268
-177
-422
-332
-8
158
-188
-882
-1295
-1099
-639
-371
-334
-437
-820
-1465
-1815
-1320
-359
21
-674
-1801
-2327
-1844
-790
13
40
-577
-1212
-1260
-561
451
1164
1222
703
107
3
530
1210
1526
1497
1359
1065
510
149
681
2028
2994
2480
892
-179
366
1987
3165
2893
1427
-140
-618
419
1999
2364
849
-1079
-1410
-27
1234
1013
-99
-723
-513
-140
-17
34
88
-136
-625
-900
-751
-601
-787
-955
-754
-588
-1028
-1760
-1852
-1065
-220
-182
-951
-1822
-2033
-1256
14
609
-181
-1589
-2036
-980
391
691
-96
-866
-864
-424
-223
-314
-221
138
213
-357
-1116
-1243
-512
398
608
-132
-1135
-1411
-673
390
808
317
-451
-658
-104
717
1160
976
542
514
1035
1444
1228
887
1187
1819
1740
759
19
419
1302
1362
432
-420
-492
-303
-560
-988
-916
-524
-694
-1609
-2335
-2114
-1430
-1218
-1565
-1760
-1477
-1280
-1676
-2182
-1813
-486
623
363
-938
-1700
-872
835
1824
1478
678
502
942
1307
1414
1733
2364
2656
2128
1275
1059
1696
2431
2577
2268
1963
1703
1278
939
1244
2159
2758
2207
829
-177
45
1126
1927
1650
500
-634
-977
-465
212
276
-380
-1128
-1338
-1101
-1025
-1363
-1634
-1322
-747
-770
-1619
-2435
-2215
-1066
-101
-245
-1319
-2253
-2150
-1076
33
201
-687
-1758
-1995
-1231
-298
-43
-520
-1133
-1362
-1220
-963
-690
-358
-98
-160
-579
-934
-670
245
1099
1115
384
-207
37
863
1450
1342
829
485
534
795
974
927
715
555
641
829
706
168
-239
74
823
1011
184
-859
-1005
-238
380
52
-834
-1311
-1048
-631
-665
-1033
-1223
-1034
-715
-583
-712
-895
-868
-537
-106
69
-121
-435
-496
-206
175
318
150
-165
-343
-168
271
642
637
298
27
232
919
1612
1753
1266
765
993
1943
2733
2587
1846
1521
1934
2404
2323
1926
1778
1848
1670
1162
813
886
953
580
23
-145
33
-94
-731
-1225
-1007
-491
-535
-1271
-1899
-1813
-1339
-1178
-1437
-1692
-1747
-1817
-2000
-1969
-1536
-1130
-1282
-1836
-2047
-1529
-757
-450
-720
-1036
-886
-370
18
40
-17
195
547
581
193
-77
296
1092
1469
903
-135
-639
-121
911
1449
943
-258
-1184
-1070
-26
1039
1154
141
-1158
-1521
-477
1107
1737
845
-508
-733
536
1939
2043
1032
368
888
1813
1899
1054
365
618
1290
1291
354
-714
-1020
-554
-89
-343
-1316
-2331
-2690
-2238
-1564
-1508
-2360
-3450
-3765
-3067
-2129
-1870
-2345
-2835
-2752
-2152
-1441
-823
-293
82
226
314
712
1538
2412
2908
3013
3019
3081
3143
3278
3643
4104
4141
3493
2656
2367
2729
3103
2896
2195
1514
1143
927
743
705
823
772
175
-761
-1309
-993
-221
109
-368
-1178
-1672
-1664
-1294
-671
-39
60
-761
-1962
-2322
-1327
37
257
-958
-2408
-2842
-2311
-1787
-1776
-1970
-2041
-2242
-2837
-3311
-2857
-1559
-544
-699
-1632
-2202
-1748
-624
429
968
879
257
-387
-185
1164
2685
2934
1711
508
801
2225
3072
2477
1390
1156
1719
1906
1164
288
267
906
1129
421
-633
-1167
-981
-517
-217
-261
-707
-1481
-2096
-1924
-982
-130
-216
-1114
-1865
-1719
-873
-112
91
-110
-343
-421
-352
-135
240
636
834
712
414
251
435
893
1228
1142
791
624
809
979
768
378
351
793
1113
737
-98
-529
-51
867
1287
781
-128
-530
-7
1019
1662
1346
346
-328
125
1356
2110
1571
324
-227
508
1596
1682
675
-193
18
762
772
-185
-1027
-784
22
26
-1135
-2298
-2240
-1240
-666
-1266
-2390
-2898
-2464
-1750
-1391
-1582
-2016
-2427
-2491
-1895
-948
-483
-1088
-2016
-2098
-920
377
592
-219
-864
-415
648
1348
1298
983
1029
1408
1691
1715
1705
1888
2067
1993
1667
1340
1213
1245
1230
1020
638
217
-126
-330
-356
-305
-273
-313
-444
-612
-742
-660
-272
269
604
439
-73
-408
-160
594
1252
1220
431
-557
-917
-379
498
773
37
-1171
-1913
-1726
-993
-523
-785
-1572
-2266
-2378
-1913
-1312
-1044
-1247
-1637
-1716
-1274
-622
-234
-183
-70
392
964
1216
1177
1325
1939
2676
2927
2600
2249
2379
2858
3133
2903
2400
2011
1863
1822
1737
1539
1215
805
468
348
392
364
61
-371
-557
-324
20
6
-464
-969
-995
-520
-20
-14
-559
-1170
-1337
-1048
-744
-752
-996
-1262
-1596
-2120
-2557
-2373
-1588
-1084
-1703
-3085
-3814
-3076
-1667
-1076
-1710
-2538
-2595
-2088
-1716
-1491
-935
-214
-137
-926
-1595
-1077
360
1381
1157
227
-334
-131
506
1193
1729
1836
1253
328
34
929
2313
2882
2195
1148
879
1526
2355
2771
2804
2662
2344
1875
1544
1725
2365
2848
2542
1416
133
-432
9
833
1018
65
-1478
-2586
-2707
-2114
-1468
-1242
-1626
-2556
-3533
-3714
-2611
-852
155
-355
-1616
-2135
-1238
375
1613
2069
1912
1313
542
347
1379
3109
3920
2811
735
-357
342
1747
2286
1620
566
-180
-622
-903
-742
60
929
817
-523
-1960
-2067
-630
1126
1742
880
-548
-1328
-902
401
1743
2230
1423
-201
-1361
-980
622
1847
1406
-322
-1803
-2062
-1495
-1025
-991
-1186
-1612
-2494
-3533
-3832
-2898
-1491
-970
-1807
-3111
-3604
-2841
-1382
-135
234
-448
-1599
-2046
-1021
871
1978
1357
-137
-814
-28
1262
1840
1549
1084
855
656
376
446
1140
1856
1632
379
-768
-699
479
1538
1456
384
-648
-788
-66
932
1562
1505
867
149
26
813
2074
2810
2364
1142
346
791
2023
2785
2330
1170
400
481
898
1000
713
375
98
-320
-905
-1294
-1195
-853
-800
-1254
-1902
-2300
-2286
-1983
-1568
-1221
-1174
-1521
-1925
-1814
-982
70
599
404
0
4
583
1420
2070
2266
2011
1610
1480
1786
2244
2403
2098
1599
1230
983
732
501
433
453
201
-503
-1298
-1562
-1159
-674
-725
-1304
-1856
-1954
-1676
-1334
-1055
-800
-691
-947
-1411
-1491
-831
132
524
4
-823
-1081
-581
76
315
159
-58
-252
-566
-930
-937
-381
286
316
-510
-1533
-1871
-1278
-322
198
-102
-994
-1844
-2025
-1338
-256
316
-172
-1308
-2028
-1623
-456
434
379
-328
-855
-697
-29
591
835
829
841
972
1094
1119
1176
1473
2013
2421
2273
1649
1153
1375
2184
2766
2470
1504
714
679
1171
1507
1266
582
-110
-492
-549
-430
-303
-333
-646
-1154
-1499
-1338
-740
-219
-210
-562
-720
-380
183
527
642
847
1217
1355
1003
614
900
1835
2439
1880
586
-132
390
1381
1550
619
-458
-762
-408
-173
-398
-717
-761
-706
-889
-1166
-1078
-577
-185
-321
-714
-728
-195
349
345
-97
-366
-115
327
415
23
-486
-725
-714
-728
-912
-1164
-1373
-1642
-2069
-2442
-2477
-2187
-1958
-2117
-2496
-2665
-2436
-2010
-1648
-1350
-1008
-695
-544
-489
-254
327
1047
1543
1627
1420
1202
1209
1521
2016
2367
2185
1415
558
318
871
1582
1576
659
-449
-863
-365
430
711
193
-647
-1046
-671
125
599
374
-179
-331
199
890
1078
724
498
911
1629
1872
1346
636
591
1382
2259
2272
1211
-93
-507
324
1543
1841
735
-942
-1829
-1317
-86
596
69
-1225
-2222
-2245
-1526
-815
-695
-1151
-1728
-2003
-1860
-1520
-1258
-1115
-959
-780
-777
-1010
-1160
-803
42
797
863
293
-179
98
1025
1874
2037
1610
1152
1127
1533
1991
2193
2085
1799
1509
1329
1275
1303
1308
1182
890
509
166
-57
-165
-214
-259
-366
-583
-916
-1254
-1355
-1115
-775
-701
-1010
-1408
-1517
-1252
-832
-563
-568
-728
-861
-825
-599
-298
-97
-77
-169
-268
-323
-378
-395
-273
-68
-24
-381
-1005
-1367
-1121
-531
-259
-667
-1426
-1878
-1692
-1062
-476
-297
-543
-953
-1122
-793
-45
719
1067
885
503
357
653
1236
1764
1969
1759
1249
744
597
897
1347
1477
1055
313
-291
-446
-229
67
178
-21
-476
-1013
-1312
-1080
-421
144
128
-437
-999
-984
-279
667
1205
1020
386
-37
241
1118
1926
2016
1360
571
302
668
1209
1376
1004
339
-274
-592
-577
-329
-85
-126
-573
-1235
-1628
-1415
-733
-110
0
-389
-851
-953
-535
248
994
1260
954
449
269
696
1515
2147
2165
1616
1005
822
1105
1487
1566
1318
959
582
154
-264
-393
-87
300
151
-732
-1733
-1999
-1351
-515
-330
-948
-1779
-2155
-1922
-1353
-816
-599
-839
-1402
-1837
-1679
-958
-234
-66
-467
-954
-1093
-871
-498
-132
161
172
-299
-1000
-1271
-710
219
581
-43
-1084
-1574
-1132
-227
363
273
-283
-803
-885
-407
394
1045
1127
663
156
124
680
1435
1912
1875
1414
824
475
667
1331
1911
1784
875
-137
-461
30
758
1008
571
-205
-814
-889
-428
200
526
311
-239
-669
-661
-249
268
634
656
261
-386
-844
-634
205
975
843
-273
-1485
-1710
-746
467
743
-202
-1478
-1973
-1350
-296
250
-13
-632
-1014
-968
-660
-264
185
567
614
203
-309
-319
418
1419
1908
1542
731
235
495
1342
2137
2312
1772
925
443
749
1618
2326
2271
1515
741
615
1147
1771
1968
1659
1156
800
635
602
628
679
654
319
-388
-1185
-1616
-1472
-1095
-1086
-1779
-2899
-3725
-3735
-3041
-2340
-2369
-3215
-4210
-4474
-3687
-2402
-1557
-1647
-2357
-2849
-2488
-1330
-10
727
601
-26
-429
-60
983
2029
2349
1819
996
585
847
1436
1806
1667
1108
473
79
26
203
385
424
285
9
-318
-557
-503
-61
566
898
573
-165
-597
-166
879
1637
1414
415
-397
-252
640
1390
1302
516
-201
-278
180
577
504
128
-124
-90
0
-92
-295
-305
2
346
331
-56
-383
-216
392
935
991
630
326
423
817
1161
1226
1089
966
918
866
763
708
800
944
922
644
282
94
209
474
637
549
253
-47
-150
-4
243
394
320
75
-192
-344
-326
-182
-11
6
-238
-680
-1036
-1053
-788
-573
-728
-1219
-1697
-1828
-1600
-1347
-1351
-1604
-1852
-1865
-1671
-1478
-1403
-1359
-1202
-949
-763
-756
-802
-669
-304
96
224
14
-251
-211
191
633
719
361
-78
-121
331
860
920
451
-56
-66
448
990
1082
710
327
357
752
1134
1235
1104
970
971
1010
982
942
970
1028
955
648
240
-33
-50
39
-32
-374
-822
-1111
-1131
-1054
-1105
-1298
-1471
-1459
-1292
-1213
-1306
-1396
-1239
-814
-403
-270
-374
-406
-149
317
707
840
812
809
885
954
991
1090
1231
1279
1097
747
510
560
782
899
736
370
49
-30
110
326
442
354
103
-128
-108
186
531
678
561
358
315
486
743
902
911
833
754
694
631
609
647
684
622
387
74
-153
-205
-136
-100
-249
-612
-999
-1168
-1014
-740
-706
-1074
-1568
-1724
-1421
-999
-921
-1269
-1673
-1694
-1328
-982
-965
-1183
-1280
-1111
-839
-692
-688
-652
-467
-214
-58
-49
-70
77
396
700
770
584
374
425
775
1122
1118
740
337
261
511
774
745
426
84
-73
-68
-29
-11
-17
-40
-134
-312
-472
-460
-237
9
61
-132
-381
-450
-293
-42
122
80
-116
-297
-316
-161
8
70
5
-111
-163
-128
-54
17
80
134
175
180
138
122
235
454
632
648
541
474
565
791
1020
1118
1049
939
924
1016
1161
1276
1306
1241
1107
954
863
874
957
977
795
422
37
-122
3
178
62
-413
-939
-1131
-918
-638
-681
-1075
-1459
-1487
-1222
-967
-948
-1103
-1164
-1057
-887
-781
-738
-678
-545
-379
-296
-307
-346
-310
-138
90
213
127
-90
-199
-53
224
378
250
-13
-148
-71
95
141
39
-79
-115
-102
-125
-186
-191
-107
-14
4
-57
-97
-46
96
248
330
324
280
298
400
517
567
526
488
527
596
616
555
479
448
450
428
346
254
179
90
-48
-198
-318
-393
-442
-550
-718
-883
-982
-986
-895
-836
-875
-941
-965
-859
-629
-411
-291
-266
-247
-147
40
260
445
531
485
403
421
568
733
770
665
516
423
393
394
445
520
527
386
166
48
169
422
551
463
282
179
209
316
444
571
625
517
289
127
200
424
551
442
188
-14
-85
-81
-55
-40
-60
-157
-354
-555
-604
-472
-308
-275
-407
-571
-626
-553
-442
-359
-296
-282
-334
-414
-430
-313
-125
-14
-78
-246
-353
-294
-123
-22
-69
-222
-329
-306
-201
-112
-121
-195
-242
-209
-129
-69
-40
-21
14
80
133
158
186
237
299
352
354
311
274
275
334
383
325
159
-14
-51
71
201
161
-64
-298
-338
-146
96
164
5
-200
-243
-76
159
284
252
136
68
119
225
286
286
249
222
195
119
16
-33
9
75
59
-79
-271
-390
-351
-229
-167
-226
-345
-428
-427
-346
-235
-150
-125
-125
-122
-82
-2
96
193
272
321
324
294
293
346
412
454
419
320
201
121
91
96
76
-18
-171
-317
-406
-425
-394
-385
-439
-532
-610
-606
-523
-420
-340
-308
-303
-294
-250
-149
-13
106
164
163
126
114
179
310
422
433
351
237
205
267
364
422
386
275
157
119
193
313
366
310
198
108
111
205
337
423
399
286
175
173
307
487
557
470
281
127
107
219
334
343
191
-57
-243
-274
-171
-76
-94
-241
-445
-566
-553
-446
-308
-255
-329
-452
-535
-500
-347
-179
-103
-159
-276
-346
-300
-160
-21
24
-45
-170
-253
-221
-108
-13
-4
-91
-203
-265
-252
-187
-141
-138
-186
-258
-298
-305
-262
-199
-159
-153
-171
-189
-185
-120
-23
53
87
70
43
61
127
218
273
272
225
175
173
212
256
275
242
178
117
98
119
151
167
151
111
59
36
60
115
170
175
130
70
44
86
154
182
152
82
14
-8
10
49
88
84
36
-37
-73
-38
50
134
136
77
25
24
87
193
280
296
228
141
129
211
327
368
303
194
109
113
169
201
169
83
-24
-111
-133
-110
-99
-137
-234
-339
-384
-366
-346
-347
-373
-402
-414
-425
-417
-385
-322
-255
-216
-204
-210
-178
-105
-15
57
91
72
21
-11
9
85
131
93
-13
-124
-176
-142
-101
-107
-169
-277
-354
-379
-368
-322
-291
-311
-352
-395
-396
-328
-258
-210
-193
-185
-167
-130
-66
-2
58
110
127
121
123
155
192
213
217
214
205
192
186
192
194
195
201
199
190
185
195
212
210
195
211
249
270
274
254
241
254
291
332
356
356
337
325
319
344
388
433
446
417
379
377
435
505
553
579
565
546
557
584
654
732
752
713
647
596
608
652
647
585
472
347
251
178
130
77
-18
-157
-332
-468
-538
-559
-574
-644
-772
-906
-984
-992
-957
-928
-948
-1001
-1060
-1072
-1009
-912
-837
-821
-843
-839
-795
-706
-607
-561
-544
-533
-517
-492
-470
-453
-444
-432
-443
-464
-490
-526
-548
-552
-550
-544
-543
-561
-582
-586
-544
-473
-414
-369
-335
-299
-240
-170
-92
-11
65
123
164
184
227
302
368
421
454
465
472
512
571
637
678
684
692
708
756
815
858
880
888
906
926
953
971
974
981
976
973
967
947
940
943
933
891
842
810
794
758
689
609
542
484
419
343
249
163
83
4
-82
-168
-229
-267
-305
-349
-378
-390
-389
-370
-359
-344
-319
-310
-300
-277
-246
-234
-249
-253
-246
-235
-228
-253
-290
-323
-331
-340
-376
-429
-468
-471
-476
-493
-522
-538
-544
-541
-514
-483
-483
-487
-465
-418
-352
-316
-310
-302
-275
-233
-217
-228
-260
-278
-268
-254
-269
-328
-404
-435
-422
-419
-458
-536
-589
-583
-543
-504
-494
-495
-457
-373
-275
-181
-108
-49
44
159
274
361
414
470
537
629
705
719
699
669
676
708
703
646
556
482
454
451
429
360
283
233
223
232
228
208
183
183
216
253
274
283
305
337
368
381
374
377
378
386
398
382
338
290
257
239
218
161
86
17
-28
-61
-97
-141
-195
-227
-255
-290
-317
-328
-323
-317
-316
-309
-298
-266
-222
-201
-180
-155
-126
-106
-94
-68
-44
-28
-30
-36
-28
-14
1
7
11
12
-2
-16
-5
17
25
14
-5
-14
-8
15
13
-4
-26
-62
-81
-90
-94
-117
-150
-187
-212
-223
-241
-263
-296
-322
-334
-344
-361
-380
-383
-373
-365
-354
-343
-332
-307
-283
-257
-218
-191
-168
-140
-104
-53
0
37
56
75
120
160
175
184
204
230
255
263
262
263
265
278
286
278
265
255
258
269
283
278
271
285
303
323
335
329
318
321
333
329
318
299
280
261
237
217
178
156
135
95
68
37
7
-7
-19
-33
-46
-66
-73
-73
-65
-68
-83
-79
-70
-58
-54
-64
-70
-69
-64
-68
-70
-84
-109
-127
-133
-132
-134
-162
-196
-206
-217
-227
-236
-245
-252
-244
-251
-264
-270
-269
-248
-228
-222
-215
-207
-199
-166
-128
-108
-97
-88
-66
-34
-2
26
47
61
71
85
112
139
144
131
122
127
133
115
110
104
94
78
56
52
37
26
20
13
9
-4
-26
-34
-22
-14
-16
-26
-32
-36
-33
-3
19
21
26
32
43
59
83
110
114
106
101
100
117
141
141
119
103
101
107
97
74
52
37
26
5
-12
-17
-24
-40
-56
-68
-67
-68
-76
-86
-93
-86
-84
-89
-82
-68
-52
-35
-27
-29
-20
-7
16
49
54
48
47
64
87
88
78
51
51
66
60
43
15
12
12
-4
-25
-51
-55
-45
-43
-66
-83
-88
-82
-72
-67
-53
-55
-65
-73
-64
-30
1
-5
-27
-40
-18
15
19
16
12
23
39
34
26
31
41
31
26
19
4
3
4
12
15
6
1
-4
-6
5
18
20
20
8
-2
-2
0
14
16
12
-3
-13
-13
-9
4
7
3
-13
-21
-21
-10
-3
-11
-18
-26
-27
-25
-27
-27
-19
-13
-20
-26
-22
-19
-17
-20
-11
2
-4
-12
-17
-6
24
35
29
19
11
21
38
46
48
50
56
51
44
48
57
61
65
69
55
36
28
31
43
47
39
13
4
2
2
2
-2
-18
-35
-40
-46
-44
-40
-43
-50
-49
-41
-36
-37
-39
-34
-22
-4
-11
-21
-21
-9
4
2
-4
-16
-17
-14
-10
-22
-30
-31
-31
-32
-43
-38
-33
-42
-45
-49
-51
-50
-51
-44
-37
-34
-36
-36
-32
-22
-8
-11
-10
-5
9
22
36
49
46
45
46
55
59
63
75
76
76
75
76
76
71
56
55
58
43
36
17
1
12
6
-5
-25
-31
-13
-11
-21
-27
-27
-22
-15
-19
-27
-25
-18
-7
-6
-9
-8
2
19
19
22
33
39
25
30
37
43
52
31
19
23
18
10
9
-2
-10
-3
-10
-18
-19
-21
-19
-26
-36
-39
-40
-39
-44
-53
-55
-53
-46
-42
-46
-44
-38
-32
-37
-44
-40
-27
-24
-26
-32
-34
-33
-31
-31
-26
-30
-37
-29
-25
-23
-19
-19
-15
-5
-1
8
23
32
32
36
40
41
56
54
62
70
71
65
60
63
70
75
58
42
40
45
38
23
21
14
3
11
9
11
14
11
8
0
-7
-3
1
4
10
5
-1
-9
-19
-7
12
10
12
4
-1
12
3
-11
-17
-20
-13
-20
-38
-42
-47
-40
-21
-21
-39
-52
-53
-30
-15
-18
-9
-20
-40
-40
-36
-27
-21
-30
-30
-25
-15
0
16
26
30
35
35
34
39
51
52
47
45
37
26
25
37
40
47
43
33
29
27
27
35
29
6
-11
-11
-6
0
-21
-44
-53
-53
-54
-68
-79
-94
-88
-88
-97
-94
-85
-71
-69
-66
-60
-55
-39
-29
-20
-17
-12
-6
-4
7
17
20
11
13
4
5
25
24
21
16
16
22
32
33
23
24
26
23
20
19
23
34
34
34
48
54
63
71
85
97
103
106
93
96
97
94
110
106
85
76
64
55
51
39
23
6
-13
-22
-27
-30
-27
-35
-47
-54
-54
-56
-54
-49
-58
-56
-61
-65
-36
-17
-19
-15
-12
-16
-8
5
13
5
-7
-7
-10
-4
-3
-10
-10
-22
-28
-33
-34
-26
-32
-38
-36
-33
-29
-21
-33
-34
-26
-33
-33
-34
-31
-18
-13
-6
-1
-2
4
14
21
18
13
3
11
16
19
16
-2
-9
-14
-20
-20
-15
-22
-26
-30
-32
-29
-26
-16
-7
-10
-21
-22
-16
-7
-7
-3
6
4
6
14
32
43
46
41
30
42
61
67
60
57
59
53
52
57
57
55
52
49
37
31
48
51
41
23
13
25
27
34
34
17
23
24
23
26
17
15
1
-10
-7
-20
-29
-35
-46
-38
-42
-49
-63
-76
-60
-50
-46
-53
-61
-53
-31
-23
-32
-47
-52
-45
-47
-35
-34
-35
-32
-33
-26
-23
-18
-18
-16
-14
-13
-7
-9
-6
0
-11
-19
-12
-19
-20
-16
-22
-9
0
-8
-11
-8
2
14
28
25
17
22
24
31
39
41
35
28
32
38
40
29
20
17
11
17
16
17
19
27
30
23
22
23
30
33
27
18
14
19
27
29
25
14
10
8
1
9
9
7
7
-5
-17
-22
-13
-11
-16
-29
-36
-41
-38
-26
-18
-14
-13
-19
-33
-19
6
11
13
12
16
19
31
39
41
46
41
34
27
22
18
17
21
15
5
-17
-33
-39
-35
-30
-35
-48
-74
-84
-66
-44
-37
-39
-50
-53
-41
-28
-21
-20
-27
-24
-17
-12
-5
5
17
20
23
21
21
17
22
36
35
22
14
14
16
14
20
21
-1
-4
-4
-6
8
4
-15
-23
-25
-13
-3
-1
2
-4
2
8
8
14
17
18
14
12
11
8
5
11
16
6
-4
-8
0
1
6
7
3
4
-5
-3
6
2
7
4
4
1
0
20
17
11
0
8
26
21
26
28
26
25
26
28
24
26
26
29
29
23
19
16
21
26
14
-6
-16
-14
-1
11
6
-1
-8
-15
-15
-11
-12
-19
-29
-33
-30
-28
-35
-40
-36
-26
-36
-41
-43
-47
-41
-41
-35
-41
-44
-34
-34
-31
-37
-44
-50
-54
-46
-40
-37
-29
-26
-31
-27
-19
-6
-4
-8
-11
-15
-5
11
20
25
29
24
32
39
40
42
40
39
48
51
59
58
47
56
57
58
59
50
36
38
45
37
30
29
26
22
32
25
21
20
9
7
-2
-8
-3
-16
-16
-8
-19
-15
-14
-18
-14
-12
-14
-15
-13
-3
-1
-4
7
4
