SAMPLES:
17873
BITSPERSAMPLE:
16
CHANNELS:
1
SAMPLERATE:
16000
NORMALIZED:
FALSE
9
12
4
2
1
-2
-10
-3
-1
-6
-7
9
13
2
5
8
3
7
5
3
5
6
4
5
0
-7
-12
-10
-4
-10
-1
-5
-10
3
4
-8
-5
1
-3
8
16
14
17
15
24
18
21
14
0
-6
-11
-1
-6
-2
4
7
19
26
14
4
11
10
8
6
10
9
2
6
-5
-8
-5
-10
-2
-10
-17
-15
-20
-17
-16
-16
-13
-8
-6
-16
-10
-12
-19
-15
-11
-22
-27
-16
-14
-16
-26
-16
-13
-15
-3
-9
-4
-3
-2
-1
7
10
5
12
16
16
20
21
19
31
18
9
10
2
16
6
6
21
19
13
11
5
14
18
7
-5
12
21
10
16
13
12
9
9
4
3
-7
-7
-8
-23
-15
-20
-14
-3
2
4
3
8
12
11
-3
1
-2
0
4
1
1
-10
-5
-14
-14
-10
-19
-19
-15
-10
-6
-1
2
-5
-13
-5
-13
-19
-16
-21
-24
-16
-6
-3
-3
-15
-5
-7
-20
-24
-21
-22
-23
-8
-21
-13
12
10
7
10
23
19
8
5
6
7
6
17
12
8
26
30
25
30
29
21
22
29
27
28
32
29
23
15
14
11
11
2
0
21
19
12
7
12
14
3
-7
-2
-11
-28
-20
-20
-18
-25
-21
-7
-19
-12
-7
-19
-21
-18
-19
-13
-19
-22
-19
-32
-30
-19
-27
-27
-20
-13
-5
-13
-8
0
3
3
-5
-4
0
4
-2
-8
1
-1
-6
-5
-5
-4
-7
2
4
8
20
20
30
28
11
18
12
10
21
15
12
11
7
7
4
7
25
26
22
26
21
30
20
14
14
0
2
5
4
4
3
6
9
9
8
2
2
-10
-11
-6
-14
-4
-14
-16
-18
-27
-19
-29
-28
-23
-33
-20
-30
-36
-23
-24
-20
-19
-19
-11
-19
-23
-7
4
0
-1
-2
2
7
3
3
3
14
10
6
7
4
19
24
12
23
20
14
17
16
15
9
13
15
16
17
26
44
36
22
19
8
6
10
0
-6
-11
-5
-4
-11
-10
-13
-17
-17
-13
-5
-6
-14
-16
-10
-7
-11
-7
-4
-8
-13
-12
-5
-8
-3
-3
-11
-11
-10
-9
-11
-14
-6
-4
0
-1
-9
-10
-6
-5
-6
6
8
8
11
8
8
18
12
4
7
-3
3
7
4
8
8
7
18
14
9
22
3
-1
7
-9
-10
5
-1
-3
8
-2
0
5
0
-1
-5
-3
-2
2
-2
-5
6
-4
-2
5
-9
-4
-7
-18
-8
-12
-15
-4
-2
5
8
2
-1
-10
-11
1
-4
3
7
-16
-5
9
3
9
12
6
2
6
-2
-5
5
-5
-6
-6
-4
1
-1
-8
-10
-2
-2
-1
-4
-2
0
1
-5
-11
1
4
2
-4
-7
10
11
7
1
-1
-4
3
18
-2
5
13
13
14
6
14
6
-4
8
3
9
20
25
26
20
7
-4
-2
-4
-8
-1
9
6
11
5
-1
8
0
1
0
-7
-5
-10
-7
-4
-3
-6
-7
-1
-1
-6
-15
-6
0
-2
3
-14
-12
-7
-16
-19
-20
-32
-31
-23
-27
-22
-11
-4
-9
1
0
-15
-7
-3
-5
-3
5
7
1
1
-1
-8
0
-6
-9
10
7
1
9
5
5
11
8
8
3
6
2
4
1
1
1
-4
6
11
11
20
22
10
16
23
23
19
13
6
12
10
-2
2
0
-1
0
3
-3
-3
6
7
15
8
8
21
17
17
15
15
22
10
-7
-7
-15
-6
-12
-17
4
-3
2
12
8
10
7
1
-10
-19
-12
-8
-16
-7
8
-6
-13
-6
-3
-6
-19
-19
-14
-16
-20
-28
-23
-22
-23
-20
-18
-14
-7
-6
-8
-4
0
-8
-16
-15
-21
-13
-13
-25
-19
-7
2
10
8
4
17
11
8
15
6
7
4
-2
1
1
-12
-15
0
1
6
10
8
23
28
17
21
12
13
18
11
16
17
15
20
20
21
27
11
0
5
14
14
2
0
8
15
10
18
19
5
2
3
6
4
8
11
10
8
5
0
2
1
-19
-18
-6
-7
-12
0
-4
-18
-14
-13
-19
-12
-16
-20
-13
-20
-18
-17
-21
-22
-19
-18
-20
-18
-29
-29
-27
-28
-12
-4
-4
0
3
-5
-1
-6
-6
3
-1
0
1
-2
4
11
13
17
13
16
12
10
18
14
17
25
18
18
27
20
22
34
21
19
23
25
24
16
13
2
-4
4
6
3
0
-6
-11
-2
-6
-2
0
-13
-6
-9
-11
-7
-10
-15
-6
-9
-23
-18
-23
-25
-28
-23
-23
-27
-23
-19
-9
-4
-3
-3
7
1
-8
-9
-11
7
3
2
-1
-6
7
4
-7
3
10
6
11
10
9
8
3
5
6
-3
3
10
6
13
18
19
18
21
27
15
13
11
1
-7
0
6
4
3
4
7
18
12
7
11
-1
2
1
0
9
14
13
13
11
10
13
-1
3
-1
-11
-10
-7
2
-7
-11
-22
-20
-10
-15
-16
-32
-26
-17
-19
-17
-16
-11
-18
-12
-14
-18
-15
-20
-20
-17
-11
-6
4
4
-6
-4
6
-7
-12
1
2
4
19
17
21
11
10
19
1
19
19
13
12
6
16
8
9
10
12
12
15
15
9
8
8
2
3
-2
-5
-4
-2
-10
-21
-12
-12
-15
-12
-2
-1
-5
2
-3
-8
2
-9
-11
2
-4
-2
2
3
-2
-6
-7
-3
4
7
15
13
11
7
-2
0
0
-2
3
5
8
8
8
11
7
19
20
2
12
10
0
-3
-5
-4
-5
7
1
0
-8
-11
0
-11
-13
-12
-6
-9
-11
-6
-20
-26
-16
-10
-5
-1
1
-4
-7
-1
4
0
7
2
0
-2
0
-1
-11
-2
3
4
-3
0
-2
-8
6
10
-2
6
8
0
-2
-3
4
13
7
12
12
5
7
0
-6
0
-9
-6
4
-3
14
24
20
14
14
-7
-18
-7
-11
-2
-6
5
10
2
6
2
7
1
-3
2
-4
-4
-5
1
2
-1
-3
2
4
-5
-1
1
5
8
-3
-1
-1
-8
-18
-7
3
-7
-9
-12
-12
-13
-9
-9
-9
-4
-3
0
0
3
5
-11
-17
-10
-14
-13
-10
-5
-11
-10
-9
-12
-7
0
12
10
10
12
10
1
9
2
-7
7
8
3
8
26
30
13
16
16
19
17
6
6
13
19
21
32
26
18
15
15
23
9
12
18
15
18
19
13
-3
-15
-19
-21
-20
-16
-19
-16
-7
-6
-9
-11
-13
-23
-26
-30
-23
-17
-29
-18
-11
-14
-13
-15
-12
-17
-16
-14
-15
-15
-8
-10
-15
-6
-8
-20
-21
-11
-11
-5
1
0
-7
4
21
12
9
18
21
9
8
16
3
-13
-11
-9
-14
-3
14
14
19
25
26
28
28
23
14
13
20
13
13
15
19
24
12
5
2
7
12
9
13
14
4
5
5
0
-2
-4
-8
-12
-8
-8
-7
-13
-12
-3
-3
-4
-12
-23
-7
-7
-13
0
-6
-10
-4
-8
-11
-6
-18
-19
-12
-7
-1
-5
15
12
0
5
-8
-13
-10
-6
-8
-12
-10
-3
10
-1
11
24
9
9
12
12
8
10
11
6
2
-2
2
-6
1
12
5
5
1
-8
-10
-9
-7
-2
-1
-1
3
2
2
-6
-13
-27
-13
-14
-19
-9
-10
5
8
0
0
2
1
1
9
5
-5
-6
1
6
5
5
7
8
-1
3
5
2
3
2
-7
1
8
2
13
14
17
18
6
-8
0
0
-1
-9
-6
-2
-6
4
-10
-3
8
7
14
9
10
6
5
4
-3
1
2
8
10
8
8
-2
-1
3
0
1
-1
-5
-5
2
-3
-6
-12
-14
-12
-7
-3
5
8
11
7
10
6
-12
-3
-15
-15
-20
-24
-28
-18
-14
-13
-2
-1
0
-7
0
-3
-8
-6
-5
2
6
1
5
12
4
2
-2
-5
-5
-7
-11
-8
-4
4
5
7
18
22
15
17
15
5
11
1
-1
4
9
3
0
8
8
1
-4
2
2
0
20
26
21
15
12
12
7
11
2
-4
-8
-22
-23
-16
-21
-15
-13
-19
-9
-6
-6
3
5
-2
-4
-7
-13
1
-5
-11
-6
1
7
8
1
-1
-6
-9
-3
2
10
6
4
10
0
-6
1
-5
-4
-1
7
13
4
6
13
13
13
13
7
6
4
5
6
1
4
-6
1
-3
-6
-3
-6
1
-15
-4
2
-8
3
14
3
-2
-3
-15
-6
-6
-22
-26
-14
-7
-18
-9
-13
-15
-3
-14
-12
-8
-8
-3
-7
-1
11
2
-4
13
22
18
8
6
4
4
6
10
1
-4
5
12
8
2
7
5
8
0
-4
1
0
3
5
19
24
26
21
9
3
-3
2
-2
-5
2
2
-10
0
18
6
6
3
-2
0
-12
-9
-6
-4
-1
-14
-11
-16
-13
-5
-9
5
4
-4
4
8
0
5
4
3
5
-6
-3
-10
-7
-5
-7
-4
1
7
5
14
3
-9
-1
-3
-13
-21
-11
-4
-5
1
2
-7
-6
-3
-7
1
1
9
5
1
3
-1
3
-5
-10
-12
-7
1
-5
-3
2
2
8
7
8
9
10
4
-2
0
0
7
-3
-2
10
-4
-8
-9
-9
11
0
-12
-7
-6
5
-1
-3
9
7
12
18
9
16
18
2
-3
-7
-12
2
-5
-7
0
2
1
-6
-2
-3
0
2
7
14
9
9
10
17
8
-6
9
3
-7
-2
0
0
5
14
9
14
13
8
8
0
5
3
-7
-1
-13
-17
-14
-15
-17
-22
-15
-16
-17
-15
-11
-5
0
1
2
0
4
12
0
-8
2
-4
-7
-6
-12
-15
-19
-8
-7
-4
7
4
15
14
11
8
4
-2
-2
2
2
-2
7
3
8
19
-4
7
6
-9
-3
-1
-8
1
-3
-3
1
-3
3
-8
-1
7
1
0
1
-1
-3
0
7
10
-1
-5
4
9
6
-3
3
4
1
10
11
15
13
17
18
11
7
4
-10
-10
-6
-11
4
-6
1
6
7
24
11
11
5
2
-4
-15
-5
-13
-9
-3
-9
-4
-4
-4
1
-13
-9
-4
-14
-18
-24
-18
-10
-11
-17
-6
0
-5
-5
-6
-9
1
1
-6
6
9
-6
-4
3
1
2
-6
-8
-9
-8
4
6
10
12
17
14
9
13
17
16
28
23
5
11
13
4
9
11
-6
4
7
11
11
7
22
13
18
9
-3
6
-2
-10
-16
-20
-13
-12
-15
-9
-2
1
5
-6
-7
-8
-14
-19
-28
-16
-19
-17
-11
-13
-12
-1
-4
-13
-4
-18
-8
-3
-10
3
-3
2
10
10
14
5
8
6
3
9
8
8
2
6
16
10
13
12
1
0
-4
-1
8
3
-4
5
4
-1
3
-1
-6
-8
-7
-10
-10
0
-2
6
7
11
8
2
11
-5
-4
7
2
8
8
20
13
16
31
16
10
0
1
11
4
-2
7
5
4
4
5
7
-7
-10
-3
0
-14
-10
-15
-23
-22
-25
-27
-30
-17
-29
-30
-23
-30
-13
-6
-15
-12
-3
0
1
-3
0
-1
-1
-10
-7
10
0
11
14
11
16
14
16
7
11
4
-2
5
7
13
13
13
9
11
19
17
15
24
16
6
7
1
5
7
8
16
12
15
3
-8
-1
2
-9
-10
-2
-1
2
1
0
0
4
3
-2
-4
-2
0
-4
0
-1
-6
-2
-6
-13
-15
-8
3
-7
-18
-20
-10
-13
-21
-11
-9
-16
-17
-8
-8
-8
-1
3
-10
-8
0
-11
0
-6
-13
-4
4
0
-2
2
-7
-7
4
0
-2
10
5
8
9
-6
-6
-4
-6
-1
10
26
29
22
15
2
9
7
-11
-8
-6
2
9
8
12
10
8
15
17
13
9
17
18
14
11
11
12
5
7
4
0
2
-1
1
17
12
13
29
3
3
-7
-13
-1
-16
-23
-21
-20
-16
-18
-13
-8
-21
-15
-5
0
-3
-12
-3
-4
-1
-6
-12
2
-1
4
1
3
-1
-6
6
-5
-6
-15
-19
-9
-10
-12
-6
-1
-3
-4
-9
-8
-11
-9
-11
-7
-3
5
12
2
13
4
-8
-4
-18
-15
-9
-10
-9
-15
-11
-7
-13
1
9
3
5
18
21
22
19
19
12
9
23
5
10
19
20
21
22
21
14
13
18
25
25
16
10
16
20
13
12
8
-6
-5
-9
-11
-4
-1
12
10
8
11
1
0
-3
-6
-15
-18
-17
-22
-29
-22
-15
-29
-23
-28
-23
-10
-12
-7
-15
-9
13
11
1
-8
-15
-20
-21
-16
-13
-12
-23
-13
-1
-6
17
13
-4
2
5
8
9
5
3
-1
5
20
11
1
4
10
13
11
15
17
9
15
7
4
9
9
7
4
9
5
10
6
-7
-1
-6
-14
-12
-15
-18
-4
-14
-8
-4
-5
11
2
6
11
3
4
13
7
7
12
-10
-9
3
-11
-20
-17
-11
-8
-6
7
12
10
0
6
17
10
2
-2
-3
-8
-4
-5
-4
-7
-10
-6
7
6
4
12
15
6
-2
-1
-5
-3
-20
-25
-12
-21
-9
-6
-11
4
11
17
9
11
15
8
13
7
6
5
0
9
-3
-6
4
-2
-5
-15
-8
-3
7
12
18
18
14
13
10
9
7
4
-10
-12
-6
-14
-13
-9
-14
-2
-6
-7
9
6
12
7
-1
10
6
-7
-10
2
11
8
0
-7
-12
-5
-17
-16
-6
-15
-19
-2
-3
0
1
-2
10
2
3
-2
-5
-8
-22
-16
-11
-7
-20
-17
-6
2
4
6
18
12
28
37
34
38
22
11
0
-8
-14
-21
-19
-25
-22
-7
-7
-10
4
14
17
26
36
38
28
20
12
4
-1
-1
-3
-10
-16
-16
-14
-22
-12
2
-5
-10
-4
5
-4
-2
7
3
-7
-14
-12
-5
-18
-34
-24
-20
-26
-25
-13
-5
-8
1
3
2
6
6
7
16
12
13
18
18
14
8
13
15
5
11
14
4
0
8
19
9
18
13
8
7
8
27
1
-2
11
3
17
9
1
7
6
-3
10
7
-7
-2
-16
-15
-14
-20
-10
-10
-12
-3
-1
-11
-13
-4
-13
-12
-3
-5
-4
1
-5
-4
1
-4
-9
-6
-9
-12
-1
-15
-21
-19
-16
-13
-13
-7
-17
-15
-10
-13
-1
1
-1
6
12
16
14
22
15
5
7
1
-3
-15
-10
-10
-5
2
-4
5
5
9
14
4
15
26
21
26
20
15
23
16
2
-3
-6
-12
-7
-10
-1
17
14
32
40
16
9
6
1
-7
-34
-31
-19
-11
6
-4
-7
8
-6
-2
24
11
-12
-6
-5
6
8
-7
-7
-17
-17
-10
-25
-22
0
4
9
25
16
10
11
6
-1
-2
-11
-26
-25
-24
-18
-19
-18
-10
-3
8
7
2
8
11
6
8
5
9
3
-16
-3
-2
-11
-10
-7
-3
-3
-5
-3
-10
-7
9
10
17
10
15
23
5
4
6
-6
-10
-2
-12
-10
6
7
7
15
16
8
12
15
11
11
9
14
12
6
3
7
5
-7
-8
-10
-6
-5
-11
1
-3
-5
0
-4
7
0
-10
1
8
1
10
8
-7
-5
-8
-17
-18
-6
-5
-13
-12
-1
-5
-10
1
-7
-11
6
2
-1
-2
-7
-1
-16
-25
-12
-23
-26
-9
-7
11
10
-2
6
-1
-8
-3
-4
-7
12
16
21
36
33
16
12
22
13
-1
2
-3
2
-1
-5
5
-10
-5
4
11
13
21
26
25
34
26
23
9
-8
-19
-14
-4
-23
-26
-15
-20
3
23
13
8
2
-2
3
0
1
-8
-17
-15
-25
-23
-17
-27
-28
-28
-26
-27
-17
-13
-12
11
21
25
22
15
14
12
4
2
-10
-21
-13
-15
-16
-5
-4
0
10
15
25
20
15
20
11
26
15
-3
3
-9
-2
8
0
-2
3
3
12
15
5
5
10
10
7
4
0
-4
-11
-4
0
-14
-19
-26
-24
-17
2
5
2
9
3
13
21
19
7
6
20
1
-10
-10
-29
-13
-14
-19
2
3
-5
-16
-11
4
5
2
3
2
-2
-12
-5
-7
-12
-8
-19
-10
-11
-15
-7
-14
-8
-1
-15
-5
2
-4
0
7
15
5
6
15
12
5
14
19
8
13
15
1
-3
1
-1
2
-3
1
2
2
8
11
12
-1
8
14
7
18
19
24
21
13
18
13
1
3
-3
0
-1
-4
1
-1
18
11
3
16
14
7
3
-3
-1
-12
-20
-11
-8
-4
-6
-9
-7
-5
-5
-13
-2
1
-15
-19
-11
-11
-22
-20
-13
-22
-12
-4
-21
8
26
8
7
-5
-16
-18
-25
-39
-49
-63
-48
-25
-20
1
-14
-11
8
11
24
24
2
5
0
-8
7
-4
-13
-14
-19
-15
-4
-9
10
29
27
45
49
44
47
49
41
41
23
14
8
-14
2
14
11
4
2
22
26
26
32
20
10
18
9
-12
-10
-13
-13
7
5
-1
13
12
8
18
16
9
2
-4
-5
-16
-12
-11
-20
-15
-5
-15
-17
-25
-35
-33
-32
-22
-24
-30
-29
-22
-24
-16
-3
-1
-3
-11
-14
-5
-12
-13
-3
-17
-18
-21
-9
-7
-12
6
7
6
2
1
9
17
15
13
19
24
15
7
7
6
21
19
3
23
18
12
24
8
6
0
-2
-7
-16
0
-1
-7
-5
4
9
2
4
11
9
10
10
7
-4
-3
-7
-9
-8
-15
-13
-21
-17
-17
-22
-15
-1
0
11
19
15
23
28
23
10
9
1
-7
3
0
5
16
10
13
5
-5
-5
1
0
-5
2
0
-3
0
6
-7
-20
-24
-19
-7
-10
-11
-12
0
-8
-11
-8
-12
-6
-14
-4
3
2
-1
-8
-6
6
2
-5
-4
-7
6
9
14
15
24
26
10
13
3
-3
-2
5
6
0
-3
2
14
17
24
25
28
29
9
20
29
19
18
5
-12
-16
-27
-40
-35
-35
-26
-19
-12
-1
-2
-5
5
-3
-10
-7
-18
-24
-20
-29
-34
-23
-30
-39
-34
-21
-12
-4
6
18
20
17
21
24
17
17
13
-7
-8
-8
-16
-15
-15
-18
-9
-2
0
15
24
32
32
26
35
30
22
26
9
7
18
10
13
7
-4
-5
-10
-6
-2
3
19
21
9
15
18
10
15
13
9
6
-5
-3
-3
1
14
11
-3
-4
-3
-8
-6
-13
-9
-6
-2
-2
-12
-3
-2
0
-2
-5
-4
-10
-9
-19
-9
-13
-27
-21
-24
-16
-23
-26
-14
-20
-7
3
-7
-4
7
11
-2
4
2
-16
-15
-8
-28
-21
-15
-23
-4
-6
-2
19
19
25
32
23
14
4
2
-6
-17
-15
-16
-24
-14
-4
2
8
10
17
26
25
27
35
19
21
25
9
12
6
0
12
8
14
20
4
13
14
13
22
25
22
11
0
-13
-13
-22
-29
-32
-28
-17
-8
5
9
8
7
12
7
-2
-9
1
14
12
8
2
-13
-13
-9
-10
-16
-24
-18
-14
-11
-5
-1
2
16
16
18
16
12
16
0
1
-3
-18
-23
-21
-22
-20
-19
-22
-23
-29
-26
-29
-32
-20
-6
3
9
13
9
9
2
4
9
2
-7
-10
0
-3
-8
-1
12
7
9
3
-2
2
2
19
19
16
27
31
35
33
19
14
11
6
14
10
1
11
9
5
13
12
10
0
-2
-1
-7
-11
-10
-2
-2
0
-10
-7
1
-8
0
7
-4
-5
2
2
-4
-11
-16
-13
-14
-17
-11
-6
-8
-10
-1
14
11
4
12
2
-3
-6
-12
-9
-14
-9
-2
-22
-17
-4
-13
4
7
-2
1
9
1
5
4
-2
14
4
-3
8
-4
-7
-14
-30
-14
-9
2
11
-4
14
9
12
27
5
5
13
4
-3
-9
-19
-10
-16
-16
-3
-9
3
11
16
35
30
24
17
4
-7
1
8
-6
5
3
-6
8
1
-3
4
-1
2
11
4
1
0
-7
-5
-7
-4
-3
-10
-6
-4
-8
-9
1
2
4
3
-9
-13
-15
-18
-18
-26
-19
-14
-14
-12
-10
-3
4
5
-1
6
-4
-6
0
-10
2
3
-1
6
5
19
18
24
29
18
19
17
24
24
21
23
17
20
33
29
25
21
13
13
8
7
0
1
-2
-2
-5
-27
-20
-15
-23
-25
-17
-17
-18
-19
-14
-13
-19
-24
-36
-19
-13
-29
-13
-17
-31
-14
-10
-14
-18
-13
-3
-5
7
14
15
18
14
10
14
14
7
-1
1
1
6
2
-16
-4
7
-7
0
19
14
22
28
18
18
11
7
3
-4
-13
-16
-19
-17
-7
-17
-10
-9
-8
-7
-6
9
12
13
15
9
7
4
-4
0
-10
-10
-2
-5
-14
-6
5
-4
2
0
6
21
24
16
17
26
23
18
25
33
24
20
12
14
9
0
5
5
5
7
1
-2
13
13
7
3
9
10
-8
-3
-14
-20
-12
-26
-26
-25
-24
-24
-23
-17
-16
-16
-16
-32
-29
-25
-26
-12
-5
-1
0
-3
-15
-6
-15
-26
-11
-19
-24
-12
-6
-9
0
-3
-7
5
9
6
2
4
13
23
25
16
17
19
13
12
5
-5
1
8
3
4
12
13
16
25
27
24
10
8
16
9
9
8
5
14
14
9
9
-2
-6
-11
-22
-13
-19
-13
-7
-15
-3
2
8
7
2
8
10
3
-1
-5
-5
-5
-12
-6
5
4
-7
-4
3
2
-1
-5
10
16
3
-5
6
5
-4
-4
-9
-11
-6
-6
-14
-6
-9
-10
-2
-3
1
-7
-18
-9
-6
-3
1
-3
-1
9
12
8
5
5
9
3
-4
-3
-5
-11
-10
-2
-7
-18
-9
-8
-13
-8
3
9
5
1
13
22
21
21
12
14
17
4
-3
-2
-7
-15
-11
-6
-2
0
1
7
7
4
4
14
12
3
8
10
8
1
-6
-4
-6
-8
-8
-9
-7
-5
-18
-10
-3
-12
-9
-7
-7
-5
-8
-9
-5
0
7
2
6
9
17
14
12
21
-1
-11
2
-1
-5
-15
-19
-19
-12
0
-6
3
1
0
5
8
16
16
19
9
3
1
6
6
7
11
3
1
5
1
3
7
5
12
12
14
5
1
9
-2
3
-1
-10
5
2
-7
-5
-4
-10
-8
-17
-19
-15
-11
-1
0
-7
-4
-2
-8
12
1
-10
-2
-9
-6
-7
-4
-5
-1
-2
-10
-16
-15
-13
-16
-15
-15
0
8
2
14
24
23
18
15
16
15
7
-6
-4
-10
-19
-11
-18
-14
-7
-9
10
16
9
17
7
17
20
5
17
14
8
7
7
13
4
-20
1
2
-18
6
14
15
11
16
24
4
-4
14
1
-12
2
-5
-3
-7
-23
-17
-12
-3
-6
-6
1
-3
-6
-7
-13
-12
-3
-7
1
3
-4
1
-10
-6
-2
-5
1
-12
-9
-9
-4
-5
-17
-14
-15
-9
-3
-11
-1
4
10
20
16
11
11
10
3
-4
-2
6
-2
-17
-13
-7
-16
-14
0
3
7
7
9
18
15
15
16
16
18
6
9
7
-3
7
-1
-13
-12
-5
-1
-1
2
9
11
-1
5
11
12
19
12
-2
-4
4
10
7
8
18
16
2
1
-8
-14
-15
-19
-11
0
4
8
15
9
6
0
-6
-11
-10
-10
-11
1
-4
4
3
-4
1
-14
-10
-8
-17
-15
-18
-9
-13
-10
-10
-11
-8
-8
-5
-6
-2
-14
-17
-22
-17
-10
-16
-11
-8
-1
-8
2
0
-2
2
6
14
13
13
13
19
2
8
14
14
21
15
21
8
6
10
8
12
8
3
-1
2
10
19
16
1
1
7
2
10
16
19
21
10
15
5
-6
-1
-11
-6
-3
-15
-19
-18
-10
0
-2
0
-4
3
11
10
10
4
9
1
0
-5
-10
-8
-14
4
-3
-9
0
-2
-6
-4
-7
-5
-11
-21
-21
-21
-19
-22
-20
-14
-8
-17
-16
-3
-5
0
-5
-3
0
-6
-6
-6
-4
-7
-4
0
2
-3
-9
-7
-7
-2
9
8
9
21
24
25
22
19
22
15
4
6
13
17
15
23
23
12
22
12
9
23
17
13
5
-2
0
9
3
-9
-7
-6
1
0
-9
-6
-3
-5
1
-4
-16
0
-7
-13
-18
-32
-19
-22
-24
-20
-14
-17
-22
-15
-16
-8
-4
-4
-10
-13
-6
-5
-7
2
-1
0
16
20
18
7
10
3
-1
7
12
22
20
15
11
9
8
8
-2
0
11
1
2
22
13
14
14
12
14
12
10
-5
-10
-7
-7
-1
2
-5
5
-1
-2
1
-5
-1
-2
-16
-16
-13
-22
-22
-12
-1
-7
-16
-6
-1
-8
-7
-11
-10
-11
-16
-8
-16
-19
-2
-8
-2
2
-6
-8
-11
-9
-7
0
-8
-5
2
4
2
12
21
12
22
27
19
22
31
24
21
26
16
7
1
-1
-4
1
5
2
12
4
6
15
-2
-8
-6
-3
0
-7
-2
10
4
11
12
2
6
-1
-3
-2
-1
-6
-3
2
-3
0
-11
-9
-9
-4
-6
-14
-5
-13
-8
-7
-19
-10
-3
2
7
1
4
5
-8
-9
-3
0
-10
-14
-20
-26
-17
-20
-14
-10
-7
3
4
-1
6
8
10
12
2
4
10
-5
-10
-9
-17
-16
-2
-2
-3
16
13
17
27
23
18
13
4
2
1
-8
-6
-1
1
3
1
2
6
0
10
10
6
11
7
12
7
3
6
13
10
5
10
8
13
6
-3
3
1
-7
-2
-2
-19
-12
-3
-5
-5
-2
5
6
4
1
-2
-3
2
9
0
-7
-3
-13
-8
0
-11
-3
-6
-12
-10
-13
-11
-4
2
5
-1
-2
4
6
-2
-7
-6
-16
-10
-5
1
-2
-13
-4
2
1
5
11
3
1
-4
-3
-10
-15
-11
-7
-13
-18
-3
-3
8
16
16
22
17
23
26
10
8
9
-9
-10
-3
-14
-9
-4
-4
2
-3
6
10
2
0
2
-2
0
9
5
2
11
6
-9
0
0
-3
-5
-11
-5
-1
2
8
9
-6
-1
4
-2
1
3
7
4
-2
7
-5
-4
21
18
10
7
6
4
1
9
19
7
2
14
5
12
16
0
2
1
-8
-2
-1
-6
5
4
-7
-5
-12
-19
-24
-29
-25
-17
-16
-13
-1
5
-6
-12
-15
-11
-3
-6
-9
-17
-12
-10
-16
-15
-17
-24
-13
-4
-13
1
1
-10
-2
2
-3
4
5
-2
3
15
23
8
32
34
6
9
17
17
15
16
17
25
23
17
22
24
16
3
16
21
13
10
14
21
14
17
8
7
9
6
4
-7
-4
-13
-16
-16
-15
-16
-17
-11
-11
-10
-12
-13
-8
-12
-16
-14
-13
-21
-29
-24
-17
-15
-20
-24
-25
-14
-10
-10
-1
3
8
13
7
4
14
4
-6
-4
4
-4
-8
5
3
4
13
18
17
18
14
15
10
10
12
6
7
3
-9
-12
-9
-10
-18
-16
-8
-12
-1
2
-1
10
12
2
2
12
11
7
15
11
10
19
23
13
10
3
1
6
-3
-7
-15
-7
-5
1
10
14
12
11
16
-5
2
7
-3
-4
-8
-4
3
2
-11
-18
-7
-10
-16
-10
-15
-18
-10
-6
-5
1
6
2
-6
-8
-6
-10
-13
-21
-13
-3
3
0
-6
0
-6
-4
-4
-18
-9
1
4
9
10
15
14
22
19
15
9
9
14
3
0
-4
-11
-6
-8
-19
-6
0
-10
-1
4
7
5
2
6
7
1
7
14
8
6
3
-1
3
2
-9
-4
-3
0
1
-2
3
4
14
10
6
7
0
0
-1
-5
-10
1
3
0
-6
-14
-5
1
4
12
3
-3
9
2
5
8
2
4
-12
-2
-9
-21
-13
-10
1
4
11
5
2
1
-5
-8
-16
-11
-11
-11
-14
-2
-2
-3
2
2
1
-6
-6
-9
-9
-14
-11
-16
-5
1
-5
4
2
3
3
8
1
9
10
16
24
9
20
12
14
16
5
4
5
-2
1
10
7
16
23
13
9
3
1
6
3
2
0
-4
1
-4
-13
-7
0
-10
3
2
0
0
-12
-11
-14
-15
-21
-17
-20
-12
-5
-6
-11
-12
-5
-12
2
10
6
14
15
15
20
2
-12
2
6
-1
-1
-7
-3
-6
-15
-7
-6
-11
-3
5
5
6
2
12
8
-8
1
-4
8
0
-11
-10
-6
0
-8
-9
-13
6
6
2
4
10
24
15
15
9
-1
6
9
5
0
-6
11
13
9
17
14
9
-1
1
4
2
-11
-12
0
-12
-14
-14
-9
-2
0
5
7
12
-3
-17
-17
-26
-27
-14
-8
-10
-17
-5
-9
1
14
11
16
16
17
10
1
-9
-10
-17
-20
-20
-17
-7
5
2
0
17
28
15
12
35
21
43
70
68
99
91
96
35
12
12
-11
-45
-62
1
-2
20
133
187
10
430
1258
1203
-610
-1890
-340
1653
1649
236
92
-215
-1579
-1458
980
2888
237
-2607
-2287
-699
-656
-1292
265
926
-557
-2873
-3081
-1326
-278
-62
-526
-309
-1228
-2723
-1284
1710
2715
-76
-1697
-527
489
658
370
560
-119
115
1676
1989
1300
-557
-1170
-188
1593
1992
-719
-2185
-3874
-3846
-3049
-1954
-1192
-2867
-2839
-4619
2538
17344
21021
989
-19729
-8402
18363
32767
18697
-5646
-14867
-6549
15097
27870
24265
4716
-15480
-15789
127
18663
15381
-2471
-14791
-13613
-3775
-1356
-4193
-10986
-14188
-9449
-5110
-6060
-16474
-22227
-15962
-3419
4903
-662
-10584
-17729
-15136
-4415
6173
11872
5783
-4577
-10429
-5299
7241
13659
10784
1121
-3876
-1085
3403
5388
2614
1633
2373
3007
1411
-2543
-3039
-485
4444
7494
6673
3469
-1257
-2221
1730
9118
14290
11900
5867
965
2059
7686
12926
14359
8983
4728
4704
6979
6789
3410
3551
4514
6183
2554
-5118
-9334
-6384
1080
-25
-5356
-9386
-9704
-9094
-8977
-5528
-4144
-4978
-8584
-10520
-7066
-2684
-1522
-5774
-6799
-2485
-419
-2380
-5712
-4074
-1031
336
-350
-3782
-4798
-4364
-2034
-1687
-2528
-4463
-6986
-8335
-8249
-5612
-3628
-3639
-6045
2323
14906
11323
-10215
-19586
854
26213
30693
8634
-11855
-13880
2824
25429
32574
21546
-1761
-14539
-5312
15984
28428
17097
-151
-7976
-3612
4107
5276
2809
-4238
-5828
-2214
-1454
-7861
-19168
-18370
-7952
2414
1395
-10009
-18426
-20913
-13723
-2972
5442
5553
-5526
-15061
-15313
-3757
8473
10304
4188
-4169
-4748
-770
3291
5486
5326
6243
4607
2145
-594
-1804
232
2447
5643
6461
4131
-1333
-7183
-5693
1923
10378
10910
3823
-2590
-4108
1195
7415
11046
10320
5456
2097
1744
5131
6870
6567
9288
9888
5493
-2483
-2733
3404
6942
6639
311
-5678
-8252
-3290
1175
-1071
-4048
-6582
-6700
-6961
-5066
-3602
-4860
-5611
-6924
-5797
-4112
-4307
-7239
-9100
-4100
-107
-1358
-6347
-9068
-6076
-2135
1070
-854
-4448
-6249
-5529
-2305
-471
-658
-2347
-5467
-6131
-4966
-1570
-310
-545
8556
14196
5654
-15444
-16891
7718
29637
28211
2568
-14732
-13371
6765
28206
31899
18375
-4442
-12541
-1641
17103
24861
13525
746
-4994
-994
4484
4124
168
-6963
-5374
48
305
-9059
-21419
-19473
-8397
2509
962
-10341
-19504
-23056
-16084
-5165
4409
5026
-5743
-15234
-15657
-3298
9160
10546
3845
-3342
-1278
3129
5272
4807
4665
7773
7172
3370
-1376
-1635
2572
4977
6153
5658
4341
349
-4384
-2481
4641
11333
9492
1324
-3874
-2073
5428
9894
9520
5661
2125
3390
7330
10084
6054
1358
2459
7230
8535
2726
-2559
-3204
-142
578
-1726
-2858
-3725
-6017
-8862
-7442
-4177
-4860
-8759
-11256
-8970
-5589
-5262
-8574
-10742
-8129
-4558
-3522
-4646
-5267
-5061
-4179
-2594
-1772
-1504
-837
33
-280
-1421
-975
-400
655
-341
-637
-1025
-1617
-2552
-624
11855
17244
4833
-17671
-16710
9791
30728
25233
-2755
-19340
-13628
10814
30775
28233
8080
-14503
-15600
2625
22495
24537
7580
-6309
-8800
-86
8370
8449
2585
-5876
-3516
2471
1732
-8700
-18502
-12439
-1072
5298
-1713
-13711
-19874
-19989
-11257
-1414
4828
-37
-13618
-21050
-16734
-1855
8312
6549
-2161
-9128
-5886
319
4926
5937
6084
7947
6318
3296
671
2337
6927
9770
12002
11025
6843
-354
-4245
1869
11734
16206
8801
-2135
-5854
-1447
6009
8952
8049
4575
438
-751
1807
6054
5487
2415
3888
7124
5174
-2152
-4109
903
4573
3510
-600
-3387
-5914
-7473
-6639
-3448
-366
-4021
-11444
-14386
-9669
-4373
-5126
-8506
-10824
-10099
-8206
-6956
-6504
-6877
-5359
-3410
-3157
-5036
-6292
-3776
275
2126
515
-2052
-2512
-2259
-1505
377
1982
2404
-167
5226
15033
13216
-4559
-17250
-1144
24225
32022
11940
-13051
-18709
-3699
22024
32617
20638
-5067
-20939
-10373
12944
27422
17561
-950
-9966
-6093
4958
9074
6475
-988
-3398
2530
4737
-2149
-14072
-14110
-2156
7246
5411
-6978
-16706
-19725
-14709
-3650
4031
3412
-9200
-21392
-21424
-9040
5345
5953
-3709
-13286
-12281
-3909
953
2013
1524
3801
4801
1916
-391
376
4792
7199
7613
9018
9516
6512
-362
-1660
6034
15227
16403
7458
-556
-1603
3537
8875
10316
8543
3957
832
401
4745
9034
6435
2409
3763
7961
3605
-3512
-1493
4442
3787
-983
-1217
-1132
-4848
-8366
-6559
-1172
727
-4761
-12482
-11932
-4949
-2128
-5534
-8688
-8753
-8943
-8544
-7586
-7885
-8704
-7905
-5083
-4165
-5906
-7871
-7569
-5075
-2757
-1285
-1963
-4585
-6206
-6055
-989
1879
6025
14362
14050
-189
-16854
-7606
17424
32638
21692
-4532
-17340
-11198
12610
30907
28461
6485
-16771
-16567
2730
22749
20733
3549
-7497
-7434
757
4487
3851
60
-4100
-72
5222
4131
-8884
-18703
-10689
5761
14920
4681
-11135
-18904
-15137
-3405
5895
10054
2932
-11209
-20327
-15777
1173
11857
7325
-6885
-15749
-10991
-2424
1740
-505
-1288
2018
2090
-2320
-7458
-4527
4341
9788
8569
2838
351
137
961
4083
9288
14141
11273
3990
-1009
1181
9090
13675
11574
3524
-958
1929
7046
8604
3422
64
2518
7652
6219
-2585
-6012
-537
5689
3201
-2831
-4242
-3151
-3348
-5067
-4027
-802
-1043
-5988
-10046
-6886
-1208
-1405
-6853
-9228
-5434
-2486
-4113
-7880
-9124
-6858
-4307
-3784
-5395
-6211
-5280
-4825
-5246
-6410
-6207
-4312
-2669
-2013
-4173
828
11192
11185
-4446
-18103
-4103
21792
31253
13299
-11208
-16199
-2312
19966
29412
21489
1664
-14959
-11960
5243
21701
19918
5809
-6902
-10656
-3821
3431
6004
603
-5138
-3462
-650
-2296
-9519
-11751
-5021
3350
6935
694
-8330
-13758
-10574
782
9357
10015
560
-9604
-11845
-6044
4508
9090
5474
-4195
-10330
-6652
-131
3479
42
-3585
-2849
-545
171
-3131
-4009
-964
3703
6281
3528
-743
-4030
-1577
5267
10207
9880
4412
1120
1479
4423
8285
11482
11939
6742
106
-1382
4976
11708
9901
2139
-1652
1022
3193
936
-189
2173
2256
-1534
-4799
-3203
-605
-234
-1469
-3108
-3966
-5867
-5911
-3163
-33
-575
-6176
-9403
-7530
-3770
-2521
-4108
-5693
-7499
-7668
-7110
-6345
-5254
-4515
-4547
-6328
-8840
-8802
-6655
-3464
-2619
-2331
5681
9976
1443
-15828
-14979
8443
28515
26268
1961
-15963
-14163
6522
28193
31177
14721
-8747
-16690
-4198
15084
21735
10365
-1724
-5885
-1868
2886
2169
-971
-5523
-3134
1595
923
-7256
-15930
-12443
-2570
6117
5363
-3133
-11392
-15479
-9321
2287
10862
8932
-2085
-9597
-9044
-742
7311
8737
4514
-3567
-7024
-4468
1030
4415
2375
-171
-1899
-1496
-1480
-2792
-1799
1022
5945
6781
1206
-5552
-7026
1033
9202
10583
4912
-862
-485
2216
5964
8446
10516
9074
4332
2744
3209
6614
8013
5141
663
248
4238
2325
-2448
-2474
1056
738
-3082
-3556
-3065
-2675
-1553
-1497
-2560
-3014
-3201
-4395
-3028
436
574
-2837
-5652
-5773
-5858
-4151
-1293
-1724
-5929
-9833
-9152
-6295
-4106
-3628
-5789
-8204
-10310
-9797
-6674
-1164
9702
12382
-640
-19909
-18538
7759
29774
25221
-837
-17587
-12176
8321
26504
28466
14502
-5944
-14290
-3896
14185
21750
11652
-2735
-9472
-4604
3771
6025
2072
-4771
-4864
-113
215
-8140
-17096
-12466
877
8618
1544
-12274
-17951
-12667
-1730
5542
6207
1782
-6115
-10835
-7446
3627
12569
9828
-367
-7725
-4840
2280
5548
4828
2900
3530
2883
-1059
-5170
-4519
2757
8530
8269
2724
-2587
-4296
-3019
2335
8237
10552
5343
-3447
-6196
-1049
7846
12325
10413
3673
-1141
675
4198
7994
8923
6167
1163
-551
520
-2390
-4725
-309
5409
1979
-6010
-8659
-6032
-2817
-1193
-1117
-1764
-2569
-5811
-7914
-2616
4964
4379
-3323
-6241
-2330
528
-968
-2998
-2440
-1385
-2570
-5542
-6872
-5817
-5818
-6108
-6596
-6085
-7175
-5356
6616
12891
2666
-17379
-18253
5326
27623
25944
-146
-19592
-15704
8030
29907
29777
8565
-15599
-18505
345
20196
20838
4922
-9215
-13191
-6161
3305
5946
1554
-5603
-6612
-3726
-2746
-6513
-11238
-8891
-1666
4771
2059
-8704
-17773
-16258
-2860
9174
9285
-1259
-11935
-13453
-6366
5277
12226
8019
-2942
-10381
-6428
3729
9956
7897
1687
-947
1247
4283
3957
2127
3252
6710
9530
8051
3322
-855
-976
4763
11103
12513
7312
447
-2045
-397
3638
8504
11260
9346
2262
-4603
-2959
5647
9763
4091
-382
1597
75
-8421
-11033
-698
7758
2513
-10369
-16451
-10673
-1758
1192
-2357
-4512
-5634
-9581
-10621
-4913
2813
4128
-310
-4677
-6370
-3930
-488
328
-1064
-1168
167
-2325
-8167
-12008
-8657
-1896
-29
-4464
-9750
-2724
8879
6965
-8462
-16899
0
23583
28732
8481
-13738
-13967
3489
25274
32280
19473
-3641
-17409
-7127
16358
28799
16213
-5684
-15730
-9250
3745
8345
3146
-4966
-7614
-4308
-3156
-7199
-12706
-11843
-4429
2253
2882
-4788
-14834
-19466
-13105
1587
10843
6534
-8222
-18795
-15442
-1652
11793
11745
-183
-12017
-12324
-2847
4695
5998
3155
622
-1004
-2040
-1121
1433
5501
7387
5181
2973
3110
5205
4994
4009
6298
10257
11875
7248
1727
1074
6011
11788
12116
8847
4961
3207
4144
7102
9146
4879
335
1601
4952
2123
-4892
-5828
-2614
-883
-2868
-6071
-8145
-8941
-7583
-5804
-3407
-3524
-8543
-12537
-9705
-2217
258
-3656
-7268
-6687
-3147
-1310
-2475
-3699
-3085
-1582
-2349
-4340
-5515
-5704
-5007
-5463
-5663
-4890
1587
6911
31
-13299
-16747
178
20568
24462
7629
-12758
-14528
2701
24552
32466
21679
2309
-10306
-4645
12659
24969
21462
8224
-3107
-7184
-2871
4301
7996
4579
-1414
-3789
-4258
-6614
-10786
-10599
-3550
3662
2575
-8159
-18766
-19650
-10923
315
5152
1389
-7998
-15797
-15713
-7913
3443
9259
4363
-7790
-16409
-13012
-1518
7598
7037
216
-5121
-5779
-3748
-1992
1527
7251
10298
5944
-3130
-6741
-582
9608
14033
10194
4770
2752
3802
4490
5330
9426
14669
15860
9193
-382
-672
10866
19792
13950
3691
1920
4395
2853
497
3498
6721
3924
-3202
-8699
-8331
-3644
-718
-2909
-6220
-8268
-10014
-9602
-6580
-4942
-6735
-8430
-7609
-6248
-6198
-7183
-7109
-6166
-3869
-1807
-4192
-8352
-10989
-8691
-4173
-1543
-3221
-4034
503
126
-7566
-14838
-6803
10690
18631
9097
-8613
-14153
-3583
16254
27289
20663
4360
-7611
-3432
11339
23553
22053
10295
-20
-2884
2340
8839
11722
8581
1754
-1322
-1333
-1229
-3283
-4865
-2559
-62
535
-2622
-7503
-11707
-12631
-7591
-626
2357
-4156
-14137
-17133
-10195
900
4928
-41
-8534
-12738
-9049
-2274
2033
1314
-1327
-2614
-3024
-2768
-2104
175
2891
4082
4083
2355
-104
-2524
-1707
3039
7458
8285
4403
814
11
2074
5735
9858
12829
8803
972
49
8636
15147
12183
8314
7571
6002
3871
6591
12065
10385
1927
-3927
-1335
4797
5562
202
-4426
-4260
-3452
-4612
-5296
-5544
-6674
-7762
-7929
-8830
-10942
-10518
-6812
-3999
-6140
-11516
-14681
-10999
-5357
-4151
-7715
-10110
-8680
-4619
2675
2557
-6398
-16051
-10763
6443
15920
8340
-9620
-16794
-6993
12779
24780
18382
1560
-11724
-8433
8825
23651
21543
6339
-4223
-2429
6261
11526
9994
6126
2796
4184
6803
5027
-198
-3413
1565
8871
10816
4585
-4265
-8446
-7133
-412
5742
5569
-2085
-11458
-13315
-8167
-1202
961
-3580
-10608
-15108
-12231
-5871
-1441
-2268
-7176
-9971
-7904
-2191
662
-1870
-4283
-1465
5443
7722
2615
-3400
-3058
4122
9266
7811
2140
-1842
-1083
1930
4920
7353
8156
3214
-4355
-3927
6122
13588
8959
-619
-4191
155
7876
12370
10929
6024
1479
89
2255
7538
11012
8523
3438
-192
-571
1575
4474
4635
1623
-1258
-3380
-5591
-6562
-4906
-2757
-3441
-6631
-11013
-12437
-11203
-9795
-10863
-11772
-9671
-8169
-3786
-3218
-8655
-16785
-14369
889
11858
8810
-7004
-17918
-14256
1886
18478
21561
9547
-7832
-15072
-4644
14433
23011
13090
-1721
-7762
-3213
4378
7613
6497
2496
1338
3168
3435
-805
-5654
-2396
7414
14968
11284
-205
-7085
-4117
4317
11012
12774
8693
123
-7565
-8760
-1046
9346
11237
1424
-11396
-15219
-9412
-2859
-1212
-3989
-7009
-8776
-9969
-10340
-8404
-3207
520
156
-2024
-3196
-2612
-1768
856
5319
8474
6736
797
-2941
-517
5883
11089
11006
3765
-5247
-5239
4173
10662
7398
1533
-917
-2242
-3009
628
7226
9107
2540
-5506
-5175
3142
9263
6183
701
-275
1299
2294
2265
2905
3550
3973
3745
1437
-521
-1364
-933
198
1195
561
-3323
-8226
-10017
-8167
-3744
-2299
-3775
-2367
-4068
-11623
-21231
-15709
3727
14955
4990
-17507
-26705
-15419
6356
19035
13397
-2835
-15907
-14059
364
14975
16431
5649
-4114
-5819
-1062
2876
4374
4988
4012
4219
2829
-1519
-6803
-6939
2037
10950
11630
2745
-5760
-6382
-1602
5031
9543
11449
7035
-2344
-6794
-1408
8913
11566
4316
-3162
-3340
413
-360
-4377
-5010
-781
1836
-3011
-9801
-10398
-4923
26
-255
-2127
-2210
-1076
-1302
-2468
-665
3824
7145
4487
-1278
-2288
2116
7676
9593
6245
119
-4202
-1201
5065
7257
3341
-1323
-2357
-2341
-1018
1421
4526
4259
-1430
-6349
-3782
4626
7991
3670
-1199
-1595
689
1265
1162
2121
3909
4855
1855
-3186
-4974
-1519
2567
3449
-272
-4807
-7409
-7541
-5193
-4358
-2524
-2846
-965
1807
-2702
-12373
-18648
-5684
13216
16958
515
-20440
-23814
-10035
11189
21597
13089
-7114
-22198
-16524
3434
20655
18342
1775
-11162
-11710
-2071
4988
6627
2917
-1996
-1536
464
-169
-5132
-6200
1048
9208
11372
3955
-4788
-7196
-1746
6732
10046
9439
4230
-2312
-4851
-915
7978
11843
8154
-507
-7266
-6442
-1080
4127
3931
-298
-5401
-9544
-8838
-5102
-1163
-196
-1612
-2225
-3502
-4081
-2974
1488
6670
6782
2974
-1342
-571
3094
5417
7736
9004
7528
168
-5482
-1182
8264
11730
2886
-7092
-8895
-3061
3293
4531
2972
-1256
-5974
-7779
-3745
4139
7998
5547
-1195
-5578
-3348
2723
8307
7945
3087
-1562
-2837
-585
1289
2110
1858
172
-1679
-4959
-6592
-5962
-5285
-3135
-3420
-53
3166
-2083
-12993
-19379
-6166
12062
16669
1321
-19298
-22823
-9266
11456
20414
11335
-7678
-21138
-15841
2359
17707
14887
-412
-11911
-11100
-666
5816
4792
-170
-3581
-1836
-630
-2151
-4930
-4265
1950
7352
7496
1048
-4463
-3536
2040
8932
10347
7335
1239
-3506
-2594
2643
10791
12766
6195
-3365
-7005
-1762
4135
6872
4414
-1241
-6244
-8075
-4719
-645
1061
-861
-4260
-4708
-4040
-3679
-3984
-1379
4496
7048
4335
-2318
-5342
-1228
7103
14497
13145
4191
-5652
-6598
2511
11817
12925
3281
-7329
-10472
-4460
4349
6207
1720
-5365
-9026
-6760
-1746
2805
2999
807
-1467
-2685
-1902
154
3771
5621
4807
2800
1149
802
578
1370
2737
3331
712
-4860
-6753
-5719
-2099
-1255
-343
5440
2771
-8964
-21199
-13228
9183
19844
8309
-16047
-25744
-14923
6609
20575
15269
-2667
-19424
-20698
-5469
12698
16698
4408
-10141
-14417
-6414
2950
3741
-2263
-6459
-1995
3052
-1273
-10748
-12613
-1753
10317
11372
1016
-8830
-8226
591
10583
14424
10323
1369
-5710
-3267
6249
14479
13409
3424
-4814
-3881
4446
9086
5393
228
-857
1319
1035
-2108
-4090
-2700
1037
2375
732
-2600
-5686
-6057
-3073
2635
6487
4638
-472
-3791
-2653
2082
6641
9831
7673
-708
-7763
-3312
9431
13603
4475
-6711
-8426
-3546
957
2590
1314
-1884
-6119
-7811
-6085
-1722
2005
1594
330
-1415
-3813
-4801
-1705
4744
7281
4966
768
-2159
-1609
1305
5205
6036
3326
-2025
-6494
-7162
-1637
5109
8545
8226
-945
-12135
-16510
-4053
13992
18555
5433
-14569
-21027
-11392
6547
18127
13754
-2770
-17356
-16636
-2676
9923
8646
-396
-7347
-9281
-6971
-4289
-1962
-2160
-4416
-4908
-4001
-4789
-9194
-11609
-6711
2554
7982
3297
-6734
-12055
-6304
6232
14184
12003
2554
-5335
-5820
851
10857
15888
11261
708
-6637
-4101
4970
11944
10779
3310
-3102
-3903
46
3091
3058
2949
4182
4518
-611
-6509
-5119
2769
8553
6105
871
-1394
-770
1022
2970
6267
9707
7953
-699
-7966
-2986
8678
12201
3523
-5822
-7091
-3562
-269
-27
-1320
-3298
-4866
-5522
-5919
-5137
-3897
-1135
2608
2502
-2430
-7841
-6371
284
5419
5444
1304
-2755
-3206
-1099
1535
3780
3620
-437
-7100
-7266
-2257
7817
12513
3684
-11355
-18205
-2917
16378
19093
2163
-15657
-15219
-231
16357
18290
5298
-9625
-14804
-5104
8573
13397
3885
-9024
-11682
-4157
4334
2823
-4475
-9915
-8099
-2002
-1642
-6893
-12132
-10591
-3917
643
415
-3537
-7094
-8480
-5519
3142
10657
9398
-1439
-8616
-3783
5613
9465
4084
-1810
-2757
214
2601
1620
1038
1678
2770
2784
1448
-66
-1394
141
4873
8500
7219
1636
-2143
-682
4782
9103
8353
5383
2842
3306
4713
4678
5344
6955
5878
685
-676
5141
8457
1845
-6367
-3526
5990
8675
-108
-10905
-11663
-3362
3681
2331
-2974
-6479
-7605
-5802
-1786
2559
4169
1886
-3011
-6688
-3744
4185
7446
1989
-5280
-6366
-860
1299
-2767
-8111
-4860
2186
4709
3104
-5117
-12734
-15503
-3513
13529
15433
-699
-20463
-21649
-5779
14686
22952
12396
-6415
-18646
-12714
5617
19284
15263
24
-9699
-8069
-965
3092
3756
2385
-460
-2779
-5057
-7652
-8632
-5335
1724
5752
2262
-6432
-12453
-9916
-1036
8517
12389
8751
-1002
-9555
-7942
2883
14442
15398
4076
-9209
-13820
-6386
4122
8830
5703
-2307
-9371
-11666
-6931
764
5064
3715
-332
-2013
-1185
-33
589
2755
7159
9172
6134
713
355
5355
8521
9868
10020
6425
-1437
-4434
3459
11395
9680
1181
-4251
-4345
-2296
453
2583
3116
-762
-8229
-11312
-5448
2808
3531
-524
-3130
-4280
-3721
-771
4716
7205
4992
1380
-1670
-514
3103
5595
3869
318
-3155
-5465
-3104
-639
6011
9413
1179
-13601
-21234
-6377
12822
15463
-1782
-20813
-22066
-8950
9355
16464
5887
-12167
-21471
-11835
6610
15987
6798
-8591
-14013
-6523
3878
5002
-331
-6333
-5947
914
4241
-1997
-11737
-11778
-712
10287
10257
183
-9475
-10906
-3344
8195
16601
16240
5095
-7225
-7805
4485
17533
17675
6834
-4476
-7856
-3285
2298
4457
1900
-2181
-4621
-5596
-6195
-7354
-6633
-3078
1511
2774
-1814
-6768
-6809
-514
6204
8890
8103
4035
496
-328
3246
10417
14639
8654
-2568
-4263
4379
9013
3650
-1918
-215
2722
446
-3910
-5244
-2748
-2269
-5982
-7985
-3414
880
-2813
-7290
-5465
273
2982
2121
847
1015
3985
6790
6440
4506
3934
5268
5115
3573
94
-1189
1782
4456
9512
7731
-1939
-14888
-16220
1595
17798
15425
-7025
-25703
-23392
-3780
16446
17988
1223
-17537
-22492
-10394
6823
13587
5286
-6667
-11976
-9450
-4368
-2418
-1724
-3047
-3615
-3341
-6109
-11077
-13260
-7066
2770
7754
2582
-8021
-13754
-10551
321
11842
16707
11840
-314
-7528
-1806
11861
20885
17266
7028
-997
-2345
1106
5897
9406
7655
1611
-4361
-6176
-4693
-3353
-1662
-35
612
-1585
-6147
-8434
-6388
130
6254
7442
3292
-2445
-2357
1748
6805
11268
10578
3624
-2703
1639
8828
7558
784
-1263
3001
3009
-1410
-4387
-2684
472
-2301
-8298
-9039
-3384
-2093
-7429
-9313
-5295
-1273
-1885
-3299
-2663
-950
2000
3540
3699
3623
4570
5872
4247
2462
748
4200
7244
8265
11263
6985
-2372
-13642
-8465
10634
20494
9852
-13982
-24189
-14408
6152
19197
12821
-5483
-20564
-19759
-4164
12171
13145
-689
-13240
-13745
-5091
482
-827
-3802
-5829
-4699
-4613
-7846
-10785
-10125
-4778
534
2655
-218
-5790
-10194
-10209
-2033
8862
13743
7283
-4251
-7052
1162
12373
15820
10258
2726
-1098
524
4371
8039
9132
4951
-683
-3064
-1321
507
-312
-303
1398
2794
16
-4869
-5883
-2010
3461
5016
3759
1984
1371
-180
-1407
4005
11151
8802
-1537
-5124
1940
7416
5594
1699
1764
3555
2582
-25
-2378
-907
1469
-947
-4228
-3622
-1182
-2470
-5885
-7475
-7133
-4380
-1330
-928
-2983
-4071
-2276
-1789
-1223
922
4638
4452
-778
-4694
-2598
5117
10207
15186
10784
-2608
-15932
-11980
10553
25238
16320
-9021
-24315
-18687
1479
19420
19341
1357
-18612
-23199
-8561
10868
16599
5316
-10276
-15586
-8831
-126
1720
-1655
-5868
-6327
-5100
-6612
-10113
-10243
-4287
960
1252
-2720
-5432
-6253
-6586
-3035
5114
12234
9931
-562
-6973
-1371
10949
17603
13191
3535
-2776
-2587
1577
7443
11381
8667
-343
-8019
-6992
267
5213
3742
-1043
-3546
-2866
-1227
420
1193
655
-61
1493
4358
6696
3564
-1937
-293
6736
7480
-417
-3569
1516
4357
270
-3803
-2617
289
2313
2796
254
-3037
-3548
-2564
-1780
-1631
-1111
1259
3340
-21
-7204
-8841
-1090
6210
4511
-1809
-3989
-2313
-236
1335
3447
4685
2521
-3381
-6937
-2410
9910
22421
15110
-7256
-24143
-12160
16479
28037
12674
-13232
-22029
-13728
2478
15516
15378
1165
-17338
-21883
-7785
10137
13365
1507
-10341
-11844
-5108
-1056
-3158
-5405
-5522
-2907
-3478
-9170
-14608
-14052
-4630
3411
3424
-4483
-11560
-11765
-7466
398
7590
11607
7983
-907
-5589
-1293
10618
18586
16098
6097
-2745
-2761
3422
10633
12322
7296
458
-3728
-3351
-1574
713
3783
4625
1760
-3574
-6075
-3134
2079
5181
4572
3505
3783
3816
507
-371
7599
15008
9167
-4224
-7811
-9
5577
3070
-1681
-3185
-4379
-5997
-4949
-2256
-628
-3598
-8287
-8312
-4972
-2822
-1872
-583
-1278
-5138
-6300
-1767
4129
4964
1895
-629
-1278
516
3124
4737
4716
2442
-1708
-2950
-8
12015
20647
10445
-10156
-18900
-164
22361
23812
3010
-18000
-18768
-5148
13088
20813
10611
-10585
-25382
-16975
5534
18534
8774
-8602
-15440
-9602
-1033
-486
-3483
-4989
-3799
-4275
-9387
-13406
-12390
-6591
-1215
190
-2408
-8979
-13664
-12140
-3764
6699
9646
3992
-5518
-7655
-198
9189
14332
12170
7250
1459
-1910
-146
6180
13148
12258
4371
-3650
-6032
-2972
1063
5720
8228
4731
-3723
-10192
-7132
3326
11780
9865
1751
-3084
407
5782
6653
8342
11875
10151
1502
-2916
2077
7790
7414
2964
-1475
-4339
-6524
-6382
-3214
813
1467
-5175
-13610
-15513
-10780
-3830
2208
2289
-5109
-12929
-12266
-3657
5579
8746
5682
-242
-4537
-3752
1823
7383
9363
5835
-638
-4046
-2483
10803
18897
9870
-10067
-15976
3174
20035
15960
-6111
-19576
-12744
3460
15350
12336
-1434
-15276
-17597
-4540
11314
13219
-916
-12219
-9447
1087
6046
303
-5794
-7031
-2287
521
-4546
-10960
-12594
-6255
902
3753
-44
-9185
-15820
-14357
-3144
8812
10917
1749
-10301
-10504
461
11185
13101
7490
2796
-71
-405
1765
6457
10326
7691
2298
-1104
-1162
-1362
-2247
1268
6437
6505
-603
-7459
-6270
391
5603
5249
3380
2442
2564
955
219
6979
13671
9111
-560
-253
6257
5761
462
406
4518
4315
-1662
-5875
-5225
-1291
1013
-2880
-7314
-7909
-6801
-6143
-4321
-2915
-5049
-7433
-6649
-3750
-543
2006
2115
-941
-2690
834
5030
4689
2303
710
2147
3337
8827
17058
13005
-2810
-16587
-5823
17624
25450
8479
-16932
-23916
-11388
9987
20304
9703
-11553
-25244
-17896
839
12204
5406
-8800
-13242
-6357
1495
218
-4107
-4409
-1909
677
-1443
-6351
-10306
-9036
-1716
5250
7999
1548
-10129
-16818
-10762
5757
16006
11390
-3361
-12299
-6940
5355
14284
13054
6597
-16
-4208
-2949
2690
9739
10230
3645
-1720
-2048
-1227
-3961
-3607
4051
10248
5698
-6448
-11631
-5085
5004
9298
6848
3797
1917
-1929
-4529
4387
18532
16499
-864
-9807
-712
9498
7771
1848
-785
-532
-2119
-4482
-3740
-859
743
-3195
-8576
-9491
-7164
-4461
-2962
-3736
-6164
-6053
-3891
-4817
-6012
-2644
4110
5685
232
-4254
-933
5020
6329
3139
2296
4869
8800
15334
12375
2211
-7575
877
19617
22459
6284
-14119
-17000
-6378
8812
17600
10448
-9037
-26179
-22919
-2432
14310
9968
-9458
-21425
-17056
-4190
2068
-829
-4635
-6336
-5052
-6112
-9402
-10701
-7112
849
4150
1946
-3772
-8211
-9073
-6526
2134
10506
11047
1205
-8519
-5990
5170
14543
14357
8410
2355
-2170
-1818
3389
10273
11612
5089
-1739
-2878
-102
-228
-1394
1637
5886
4805
-2837
-7653
-4351
2026
6257
6744
5701
3165
-2406
-5313
3838
18840
19347
2449
-9091
-2443
9788
11954
5423
-1121
-3551
-3176
-2575
-1754
-701
431
-2307
-8444
-11562
-9940
-4655
-32
-1884
-9152
-13545
-9509
-4634
-4052
-4220
-1257
818
-2373
-6888
-5271
1620
6352
3938
-1178
-1469
3667
15450
17501
6758
-7108
-3582
17964
28094
15123
-7161
-13911
-4608
8896
18111
15192
215
-18118
-22597
-6437
12402
13988
-3871
-20131
-19713
-7454
1623
-692
-5971
-10017
-8755
-5973
-7100
-9812
-11368
-5635
1771
3713
-823
-7181
-9264
-7067
369
9178
10759
2903
-7083
-6407
2806
11031
12526
8195
3999
-55
-856
2755
8454
10074
3359
-2215
-1367
2138
486
-3494
-714
4669
4367
-2640
-6451
-2705
808
1190
2214
7323
9939
2919
-6232
-3377
12128
20368
11335
-1288
-3174
4225
9387
8911
5100
552
-2198
-2525
-837
83
-377
-2187
-5275
-7352
-7995
-5876
-2432
-1952
-5918
-10351
-9074
-5127
-2863
-2807
-3752
-4809
-4718
-3130
-510
825
-238
-2302
-2589
-1108
589
9744
15723
8580
-7614
-12665
6812
26633
23956
796
-16225
-12279
2853
17694
19506
6930
-11868
-21393
-10325
7367
13107
1275
-11802
-14038
-7828
-2110
-4065
-6453
-7323
-5040
-3302
-6588
-10957
-12860
-7750
625
5250
2707
-4844
-9714
-9220
-1708
9709
14047
6915
-5699
-7490
2041
10874
12408
7892
4593
1431
-1119
483
6648
11333
5950
-2500
-4200
1010
2800
-2739
-3855
1897
5923
588
-7658
-6829
-728
2165
764
2219
6546
3995
-3761
-5383
6492
17464
12006
161
-3111
3419
8249
7850
5298
2413
1622
795
430
-1163
-1968
-654
-1351
-3201
-6223
-6645
-4009
-1592
-3215
-7693
-7548
-4808
-3964
-4735
-4516
-2213
-2200
-3035
-3002
-1045
-369
-986
-823
-327
-491
2501
13486
15121
2450
-13591
-7537
16607
29135
16552
-8151
-17764
-9580
8135
20898
18423
1261
-18252
-21290
-5812
10771
10605
-3142
-13427
-13846
-8389
-5002
-5313
-5728
-6183
-5109
-6580
-10730
-13711
-11584
-3129
3367
4893
-125
-7271
-11567
-8953
3710
16468
17244
3668
-9000
-6642
5042
15180
16342
11385
3352
-5017
-5345
3518
14713
14141
2068
-6813
-5671
339
816
-774
1110
2767
136
-5713
-6434
-2753
33
485
2154
5763
4190
-1284
-5160
936
12388
15008
6609
-2014
-1946
2746
6691
8380
6567
3083
-153
-1638
-1627
-568
3025
3620
-2178
-9104
-10610
-5180
1158
2009
-4139
-9940
-9740
-6792
-4497
-2884
-1094
-1063
-4133
-5682
-4455
-1945
-357
1354
1238
-201
-2023
2045
13691
13223
1250
-10084
-216
18967
22780
9329
-8525
-11096
-2977
9907
18870
14981
-1121
-17514
-17210
-738
13980
10015
-5993
-16187
-14765
-6438
-1991
-3996
-7925
-10800
-9673
-9431
-10932
-11790
-9892
-4877
-1245
1302
-866
-6512
-11304
-8003
5503
16190
14221
990
-7319
-2663
7339
15135
15957
10662
978
-6552
-2596
9532
16504
9703
-1800
-5324
-2156
-353
-1390
1389
5986
3724
-4420
-9021
-4288
1420
1194
366
3804
7215
1156
-8689
-6453
9078
21539
15204
-1395
-9009
-2275
8439
12572
10255
2968
-2836
-3234
151
3499
4176
3514
-571
-6556
-9927
-6859
495
3724
64
-7840
-11933
-9417
-5874
-3396
-1374
-556
-3656
-8116
-9469
-6068
-887
1797
2355
-458
-6387
-8814
-5851
9113
23901
16236
-7502
-23074
-6022
22296
31389
13778
-11428
-17563
-7852
10525
23140
20232
3055
-17629
-20707
-1603
19108
16540
-3080
-16945
-12891
-587
87
-7182
-10860
-6841
-2124
-6469
-14025
-16321
-11449
-3957
2359
4524
-1692
-11586
-15606
-6114
10775
18677
12420
-1537
-8660
-3611
6785
14981
15661
9584
-26
-6095
-2877
5736
11985
9356
1150
-4472
-5538
-3680
-2395
988
5354
3822
-3935
-10638
-7911
-717
4188
6520
6437
1303
-7468
-7552
6945
21290
16572
-780
-8261
1067
10577
9776
5464
5252
4500
104
-2307
1299
6115
4361
-951
-4556
-4083
-3324
-4071
-2668
-246
285
-4508
-10841
-11869
-6882
589
3142
-900
-7738
-11688
-8827
-2341
4215
4644
-1680
-8208
-11836
-5321
4342
16279
19761
3088
-16748
-21075
4087
29310
27155
1923
-21020
-17620
-834
17335
24442
15710
-5055
-24328
-18432
6775
24794
13510
-9517
-16863
-8282
831
-3475
-7743
-4222
173
-2947
-13921
-18437
-12397
-2771
2061
1417
-619
-5641
-11503
-12523
-1995
14613
18951
7989
-6971
-9299
856
10097
14835
14438
9567
-1110
-10176
-4802
10237
18539
9710
-5179
-10044
-5541
-599
598
3342
4717
-1545
-10851
-11470
-156
7226
3704
-1526
-1274
1231
-486
1713
9741
12916
6920
-437
1056
5108
5948
5890
7678
8850
1706
-5298
-3147
5622
8771
2086
-4198
-5807
-4831
-5009
-2177
3100
2604
-5184
-14594
-14188
-3918
4207
3262
-4242
-9715
-10215
-7313
-2156
2926
5021
472
-6687
-11141
-5684
5127
10071
5083
846
7718
6896
-3857
-13404
-2069
19256
23136
6088
-14826
-16569
-4672
11674
21493
17301
-1816
-22706
-22004
1196
22934
17686
-5221
-19040
-14531
-2297
1605
-744
-2962
-5469
-8092
-10196
-8054
-6007
-6379
-4950
-445
4775
878
-8993
-13289
-4192
11649
17072
7916
-6471
-10112
-584
10577
15645
11606
3415
-4586
-7396
42
10763
12885
1771
-8708
-6297
2061
2629
-5466
-7525
244
5261
448
-6347
-4990
-946
-281
2306
10379
13616
1954
-8009
-534
15552
18607
7158
-268
1654
6199
6657
5748
5941
4212
1637
69
403
783
-319
-1576
-2738
-3819
-3787
-3698
-6255
-10059
-8844
-2057
1295
-4732
-12601
-11572
-3546
1550
-971
-5092
-4449
-1704
-2178
-3302
-147
4584
3888
95
-3559
-1924
1690
8694
15490
6131
-8891
-16116
-592
19008
20748
5898
-13728
-16460
-6683
9676
20654
14480
-4375
-20194
-15088
3917
15936
8608
-5338
-10872
-9676
-5329
-3479
-1230
412
-2447
-5734
-8415
-8088
-6992
-5123
-838
3154
4566
-1291
-8983
-10451
-2230
10361
14417
8073
-2385
-6814
-3351
3185
11342
14885
9622
-3695
-14119
-8173
7146
15389
7538
-5862
-9959
-7400
-5182
-4308
1685
8160
3435
-8690
-13634
-2687
10532
10740
2643
-636
3707
5339
3555
6485
11377
10123
5604
5856
5495
1443
2575
9988
12785
3484
-5109
-2159
4846
4408
-1418
-2028
-309
-4388
-12177
-10919
236
3231
-5864
-13108
-9540
-3831
-5958
-7989
-3620
2001
-808
-8801
-8870
789
8397
4850
-1811
-2258
1322
3852
686
-2403
-1984
2266
13567
12952
-838
-15679
-13213
6184
19338
16644
-2114
-18492
-20265
-5034
19195
27144
8473
-20202
-28057
-6802
16662
16351
-2154
-12355
-10458
-4213
-634
14
1384
-3000
-7488
-6480
-1544
458
-4233
-7434
-3664
5301
6656
-1979
-9304
-5722
7666
14611
7491
-3014
-5513
1012
5356
5417
6456
6030
-109
-9488
-8225
4757
12127
3297
-11357
-12029
-1823
2666
-3824
-7190
1356
7435
1391
-7872
-5259
5583
8468
4209
2964
6069
5418
152
1937
11935
15441
5337
-3479
-381
6638
9335
8602
7350
2370
-2733
-822
3781
3653
-1096
-3435
-2693
-3979
-6522
-7195
-4281
-2842
-5340
-6089
-3381
-2767
-8215
-10872
-2533
8137
7634
-3397
-9617
-3240
7769
11548
6082
-1168
-2710
-1894
569
1211
1511
1405
637
6660
3529
-6160
-15838
-9797
8399
16288
8710
-11158
-20366
-15322
477
17984
19137
1928
-21716
-25912
-5221
16827
17130
-1701
-13748
-10976
148
3863
-2178
-4041
-1667
3677
1642
-6535
-10337
-7823
232
5664
8499
4586
-5599
-11557
-5181
11835
18855
8259
-6000
-9221
-191
6192
7266
6507
3410
-2602
-9334
-5000
5308
7705
-1429
-10185
-5101
4052
3740
-5584
-8349
1437
8200
4054
-3423
-2024
3475
2485
891
5173
11213
7180
-4095
-6770
4837
15011
10470
1688
-912
680
3488
8329
9666
1835
-6049
-3493
3730
4063
-1744
-5447
-5613
-5581
-4955
-3075
-1230
-3895
-9369
-7937
1056
6254
43
-7457
-4145
5022
9216
6760
1346
-1103
716
5720
8194
5495
1284
-1680
-2294
-2254
-2466
-1299
-2083
-1220
5183
2539
-9060
-22550
-13920
10888
21571
6075
-21049
-27552
-13802
7664
19083
14106
-3460
-23004
-23109
-2744
20077
20504
543
-14180
-12551
-186
4986
2586
821
610
1192
-3535
-6455
-5715
-2767
2345
5620
7559
1027
-7792
-9256
-382
11391
11801
3090
-6229
-7130
-1318
2889
5668
5730
2199
-5075
-8870
-2400
6372
8187
484
-6296
-3808
1026
1565
-1744
247
6930
6236
-1281
-5141
812
6103
3922
1863
4546
7072
103
-6308
-1031
14282
19576
4959
-8389
-7425
1972
6974
9698
10257
598
-11215
-14161
-5090
5660
8297
3385
-7045
-15819
-15461
-4140
9677
13239
3395
-9163
-10010
-2104
5079
9061
10732
8079
-123
-5179
-2019
6556
12120
8359
236
-5378
-4365
-891
-903
-2750
-3423
-4837
-7179
-11449
-7129
5815
4985
-11308
-25446
-10354
12542
13598
-4601
-20635
-15007
-3002
8419
14119
10267
-2780
-16663
-12411
7974
24569
14903
-7287
-14334
-3310
10106
8098
-515
-4116
-2041
1190
-1226
-3982
-4052
-2354
-650
298
3601
2240
-3383
-7041
-3740
3938
4525
572
-4175
-4858
-2160
-120
4384
5971
2669
-4582
-7714
-562
5326
3092
-3318
-1594
5451
3543
-4479
-6604
3358
9305
1402
-5646
-1778
6499
3745
-2568
2748
12580
9570
-5644
-9341
5158
19360
12182
-4342
-6411
1321
3879
2328
6616
8756
-1834
-13106
-10307
3202
11091
6504
-2158
-8793
-8835
-1571
7550
12449
6884
-3989
-7647
-1196
7101
8789
6640
3766
202
-2114
-809
3190
4213
2672
-131
-2771
-4851
-6996
-5653
-4247
-4211
-7147
-9727
-10454
-11063
-11938
-5790
6601
2528
-14119
-24396
-11279
9718
15787
5292
-10435
-15564
-10548
6067
21442
20794
3343
-14848
-12186
7511
21801
15745
2283
-4823
-4972
-1534
921
4627
5275
1554
-788
-2964
-5050
-7187
-5076
2406
8221
7131
-2928
-12187
-13405
-4474
7529
10396
3573
-7245
-11062
-7324
-1363
5970
9994
5910
-7184
-14550
-5340
8567
10498
274
-5614
-2052
688
-2466
-4825
1356
7708
5138
-1446
-2452
2141
1708
-1455
2731
10424
8560
-4660
-10303
-543
11522
14043
5876
-1663
-4406
-3142
1365
8667
14567
7075
-5053
-7682
1698
11246
11455
7297
1470
-1918
-1297
4145
9062
6510
1533
-2042
-516
2542
1526
-325
102
3018
1034
-4835
-8562
-7536
-2961
-1130
-1767
-5909
-10624
-13078
-11693
-6349
-1371
-4185
-12244
-17061
-13249
-4166
801
6945
2619
-10662
-22104
-15720
7987
21017
13773
-8217
-20040
-11821
6694
24413
25187
9124
-11904
-16995
1320
21491
23275
5799
-6588
-5910
1292
7069
5411
5005
2710
1133
-74
-926
289
-1915
-2348
-122
4718
3929
-6243
-13536
-10427
2304
9088
2064
-7707
-11117
-5923
-3403
-1029
6279
8405
-1681
-17104
-14030
4921
14162
2514
-13321
-9893
2725
4323
-5825
-8664
4354
10959
309
-11880
-7461
7067
10205
2690
-1667
2618
5252
1331
-559
4318
10765
11253
5647
-1149
-1028
8092
16526
14146
4899
-748
2746
8665
11394
11524
10407
6069
-2711
-5362
1346
10586
9927
317
-5938
-7079
-4445
-1106
1204
279
-5528
-10361
-10537
-7082
-4804
-5096
-5747
-6592
-7420
-9970
-10361
-6269
-1659
-853
-5114
-10468
-13912
-10726
-5623
-3524
-4378
-8656
-4129
1743
-3093
-13819
-16299
1922
16544
13251
-1533
-11524
-7791
-323
15089
28514
23946
-434
-20226
-9183
18801
32439
17233
-1370
-5457
815
6686
6991
10377
10903
4799
-4090
-8188
-2900
3348
4375
394
-2479
-2738
-5926
-9798
-9609
-2769
3068
70
-5595
-8548
-8272
-8850
-7396
1112
5727
-2383
-16686
-18182
-4631
4244
-147
-8290
-6857
-2046
-4046
-7239
-1733
9948
9607
-2463
-6731
3461
12249
6236
-542
5565
14126
9985
-781
132
10270
14091
7774
4689
12365
14185
5239
1969
11213
16807
9055
4796
7469
6552
-269
-555
8890
10767
-446
-12737
-9183
3901
7835
-1256
-10136
-8287
-5847
-6538
-4940
-928
-643
-6810
-10664
-9319
-4875
-2273
-4116
-5934
-6081
-6167
-10482
-13123
-8879
-2392
-2086
-9500
-14905
-13724
-10054
-7130
-7033
-6875
-7113
-12273
-5111
8025
7615
-9047
-19161
1000
24507
25136
3658
-11288
-3989
9964
24063
27987
20563
3175
-10991
-1980
20973
32441
15898
-4941
-7152
7250
17836
10510
1282
-2998
-909
2013
1701
2692
-1417
-10294
-15392
-8297
3959
2356
-12350
-23405
-17342
-4680
-2805
-8280
-12632
-10852
-11528
-13931
-8170
-349
-196
-10330
-12397
-34
8885
3335
-7116
-2976
8431
10277
2406
-1023
6445
10133
6002
4013
9036
11877
3866
-1683
5388
15327
12792
1783
423
7689
11315
7699
6107
8955
7292
3366
4086
9916
10915
2390
-2482
3105
11113
8244
-1007
-4131
-940
2587
2077
2141
2
-5385
-8530
-5825
-616
-1565
-7058
-10547
-7627
-3460
-4778
-9047
-11575
-9871
-7506
-7139
-8364
-9917
-10317
-9705
-8796
-7953
-7522
-8048
-9981
-9808
-7719
-5358
-5116
-5255
-3317
-1926
-3913
-6190
-3295
1975
12384
14446
4579
-7450
-5995
12951
26517
24584
9768
-1742
-2792
5056
21900
32044
24080
817
-14685
-2573
20970
28805
12719
-2998
-4337
124
1104
-1714
1949
3639
-1363
-10458
-16037
-12409
-9910
-9596
-8830
-4796
-5481
-17238
-25778
-19779
-1736
7667
-1049
-13967
-18203
-10180
-3465
208
5975
9869
4260
-10330
-13055
494
14604
14857
4250
-526
929
2536
1956
3961
10417
11476
5565
-1429
-1620
2813
5445
8360
10386
10022
5066
407
2996
9187
14815
15692
11710
4384
-2307
1639
13677
18840
8439
-4313
-2707
4365
4905
-630
-682
2907
-1934
-10413
-11245
-1742
1956
-5188
-12132
-10128
-5229
-8210
-11799
-8825
-2373
-3032
-11640
-16023
-12469
-5791
-4859
-8309
-9162
-8538
-9820
-13151
-10838
-2968
2419
-536
-8809
-10242
-3621
3919
4995
1411
53
1020
1677
1013
3883
7423
6083
2294
-798
6787
18855
16554
63
-12949
-918
19413
24102
10593
-5317
-7365
-1408
10758
21510
21452
6905
-10856
-11116
5404
20153
15398
123
-8508
-7734
-1071
3688
5525
1300
-6749
-9141
-6927
-3256
-4484
-8666
-9534
-6652
-2755
-5596
-12387
-15293
-9580
-1948
-2475
-6870
-9981
-9691
-8831
-7987
-1074
5551
1868
-9672
-12570
680
12823
9680
-894
-888
6093
6152
3262
6999
16594
16404
5347
1398
9142
15895
10192
4217
9919
16348
9570
-2839
-1812
9035
12697
5446
126
2097
1581
-3076
-3017
4708
9267
1684
-8109
-7967
-924
1972
347
608
-695
-7827
-13418
-8658
764
3106
-2266
-9587
-13584
-12477
-8174
-2527
-402
-4323
-11998
-15459
-10096
-2427
-96
-4039
-7791
-8368
-6406
-3543
-2476
-1925
-868
136
-1530
-4066
-2532
787
2832
2137
890
911
-191
-797
650
5016
7893
3314
-2725
-2426
3259
6031
3933
1555
3793
9290
7721
-708
-5147
2771
15026
16089
5384
-4478
-4196
2920
12977
19504
15020
1802
-9122
-4962
10746
20057
13006
-674
-5791
-1968
853
426
1802
2929
-1994
-10310
-13111
-8662
-5452
-8470
-11369
-8964
-5565
-9003
-17551
-19075
-10553
-1577
-1323
-6968
-9579
-7066
-3565
-595
4820
9352
6854
-717
-3266
3973
11809
11721
8022
7312
7441
3731
366
4841
12627
12494
3884
-1521
523
3503
3087
2478
4326
3813
-384
-3265
-1208
2166
1975
969
2174
2634
-1008
-3724
363
6909
7333
1547
-943
679
1100
-357
477
2225
-38
-3629
-5847
-5739
-4750
-3472
-2554
-3495
-6762
-10341
-10564
-7660
-4341
-4408
-6202
-7199
-9035
-9942
-7918
-3567
-831
-1491
-3277
-5409
-4543
-787
3595
6055
5079
3277
1299
2134
5091
8785
10560
7563
2712
-1367
698
5199
5794
2065
-2844
-3953
-3405
-3288
-3329
-3892
-4217
-6813
-9732
-6975
588
5780
-1370
-11090
-8537
5161
15766
12907
5688
2163
4022
8632
15787
23601
21679
8981
-1940
4087
19157
21173
8216
-2672
926
6764
2291
-5972
-6755
-807
-1549
-9497
-14681
-12887
-10776
-14799
-16035
-10391
-5724
-10424
-19120
-17417
-7057
-132
-2313
-6469
-5674
-3371
-1993
466
6391
9297
3478
-2834
-1357
6406
8900
4549
2675
4532
4823
659
-623
3485
6634
4811
2235
4194
5123
1299
-1744
2532
9167
7564
343
-2477
1341
3339
560
370
4242
4481
-2768
-7366
-2082
4569
3298
-2658
-3789
-1033
-929
-2638
-1881
1108
1213
-2364
-4916
-2151
3961
6644
4341
-663
-3278
-1003
3324
5836
3839
311
-2312
-3702
-3395
-971
1272
-1443
-6985
-9818
-7549
-4369
-5261
-7418
-6708
-4145
-4798
-7720
-7426
-3675
-645
-1685
-4234
-4568
-2526
-83
341
-597
-874
-277
702
1411
1524
354
-266
834
1149
-269
-1554
1301
4685
3857
1601
4321
12691
13441
4019
-1874
6933
21850
22345
9966
397
2650
10549
15689
18563
15994
6385
-5585
-7018
4819
14855
10958
-3564
-12068
-10593
-6304
-5140
-6751
-7117
-8804
-12574
-15822
-15188
-11369
-8601
-8367
-9263
-9133
-9483
-11960
-12404
-6987
1424
4015
-2399
-8950
-8552
-2002
4044
6693
5604
-207
-5468
-4535
3101
8744
5884
-102
-2072
546
2490
2313
1804
1360
1111
1747
4515
5414
2407
1094
5147
10777
10744
6918
6276
9077
10658
9851
11102
13270
10488
3371
611
6237
10296
6160
-217
-2211
-2170
-4373
-3996
824
3658
-2547
-13105
-15220
-7696
-896
-2878
-8174
-10347
-10648
-10517
-7918
-3313
-1994
-5168
-8726
-8633
-5159
-1600
-827
-1107
-834
-1885
-4480
-5460
-2290
1549
1800
-785
-3029
-2954
-2257
-2323
-1495
821
2102
-509
-3691
-3646
-632
2253
3416
3487
1510
-1047
-1769
1602
6481
7040
3934
1706
3521
5644
5235
6351
8335
8839
3958
1577
7055
15754
18623
7775
-2071
-1922
9419
16151
10957
3216
-3132
-3670
-2601
3328
8216
2994
-9707
-18023
-10433
1085
1324
-9042
-14257
-8581
-6029
-10259
-13723
-9468
-5020
-9093
-12926
-11313
-6134
-6831
-11775
-8813
574
5612
-1837
-8687
-3743
6514
10393
5312
3277
5976
7657
5639
5118
11486
14109
7383
365
4408
13307
10660
1014
-1290
6661
10372
2970
-3288
-863
5020
3844
-1084
-932
2304
1700
-3534
-5010
-847
2745
1053
-3713
-5235
-2685
867
901
-1304
-1997
-394
435
-1075
-883
708
1723
-692
-3143
-2330
115
786
-2660
-4898
-4580
-3372
-4379
-5530
-4017
-3214
-4639
-7533
-7899
-5987
-4193
-3896
-4413
-3206
-2957
-3932
-4195
-2076
1713
3192
3576
2976
1490
2235
5909
9167
8028
5736
6110
7694
6983
4587
5444
8094
7936
4444
1826
3100
3690
993
-1923
-1482
-285
-2565
-5815
-5912
-4027
-4259
-6663
-7964
-7194
-6768
-7957
-9351
-8439
-7333
-5441
-4970
-6391
-6628
-6539
224
5656
2320
-5235
-6217
5932
14563
13656
6422
2135
2964
5059
13980
20976
18359
3411
-7166
1499
15734
18202
5776
-1293
-225
608
149
1677
7270
4173
-4374
-7394
-2399
2579
-1464
-4055
-279
3399
-1110
-8930
-6700
46
3015
-183
-2440
-1121
-3751
-6368
-5311
789
3165
-3548
-9876
-10266
-4806
-2340
-3344
-4792
-6820
-7962
-8837
-5851
-2328
-2166
-4361
-5861
-3466
-2010
-2815
-3110
-516
2317
322
-2147
-2414
422
3400
4342
4824
3783
2935
2116
4550
8452
10224
8170
3265
2001
5040
9879
10306
6909
3277
1528
2287
2642
3654
3520
1886
299
-93
588
125
-23
1141
3321
2177
-2090
-3226
-644
2034
404
-1743
-957
-222
-2688
-6950
-5747
-1329
-696
-5192
-9318
-8810
-7792
-7745
-6978
-4591
-4328
-8403
-11695
-10287
-5233
-2304
-3396
-5179
-6457
-6605
-5447
-2324
1105
1036
-1420
-3382
-1867
1476
3216
3291
2564
3291
3602
2700
3899
6253
8734
8530
6674
11019
15937
13616
4542
3116
15252
23439
19635
8692
3744
4392
7704
16383
22074
16252
-2168
-12114
-2296
13316
14558
-332
-8553
-7460
-4955
-5344
-4862
-1400
-4950
-11000
-12660
-7929
-5997
-12005
-14704
-10763
-4400
-6383
-13449
-15461
-13462
-9084
-7502
-6412
-7327
-12179
-14379
-12188
-3745
1963
-623
-7092
-10061
-5114
-210
2801
2831
1698
-144
-3384
-1854
2244
6235
5978
3173
3082
4323
5815
5164
6346
9585
11073
9726
6484
7666
11648
14260
12274
8244
7780
8853
10481
9516
8625
9012
6862
2801
-1093
159
2432
1148
-2472
-5319
-5682
-6959
-7718
-7280
-4912
-3688
-6671
-10334
-10972
-6614
-3780
-3915
-4562
-5036
-5743
-8066
-6718
-1619
2339
123
-6071
-7677
-4198
100
240
-1298
-1479
-2456
-4242
-5481
-2663
1428
1854
-1305
-3639
-1708
134
-763
-2469
-452
4378
4916
1149
-1788
248
4927
7511
7402
5707
4269
3214
3931
7172
10057
9881
5553
1957
3734
7229
8768
6403
3251
1995
1861
3554
4512
4411
-392
-3313
1795
6415
2774
-7134
-6252
2229
5940
2368
-2222
-2956
-5850
-4911
2170
9628
6120
-7370
-12613
-4199
7155
5612
-2512
-5537
-4889
-4498
-6091
-3775
-1714
-5032
-9378
-9830
-5799
-5499
-9013
-10826
-7906
-3070
-3407
-7023
-10450
-8944
-3692
-211
572
-1100
-1598
-2768
-3150
675
5278
6228
1256
-2235
-83
3693
4598
2750
3332
4496
3089
-675
-2296
1819
5834
6364
3862
1991
2206
2430
3494
5222
7641
6935
3254
1262
3024
6466
7011
6389
4703
2609
1612
2621
4970
4851
2915
1012
893
729
-869
-1523
147
1876
-318
-3302
-3508
-2450
-2771
-3340
-1986
-1808
-3676
-4934
-3516
-1982
-2921
-3904
-3056
-962
-1353
-3518
-3938
-2377
-410
-12
294
-276
-2396
-3289
-650
3454
3154
-592
-3469
-2778
-363
696
1299
589
-1150
-3199
-3518
-1277
69
-805
-3127
-3961
-3238
-2465
-2239
-2894
-2911
-2431
-1202
-639
-1241
-1965
-1831
331
3032
4715
3523
1157
901
3679
6480
6445
4956
3964
3784
3878
6909
12045
13293
6856
-875
-246
7272
13197
12040
6228
383
-1770
1660
7047
8859
4089
-2941
-5914
-4125
-776
-204
-2374
-5512
-7669
-7011
-4774
-4050
-6752
-8822
-7143
-4267
-4244
-7613
-10285
-10685
-9142
-5905
-3392
-4658
-10051
-14025
-11462
-4702
-898
-3400
-7325
-8688
-7587
-5929
-3899
-681
678
-1033
-3532
-3248
-66
2859
4367
5067
5772
5014
3724
4352
7190
10693
11542
10578
9722
9586
9708
10143
12064
13713
13296
10044
7257
6521
7632
10028
11163
10148
5557
666
-236
3850
7701
6152
977
-3737
-4309
-3064
-1479
-1035
-2745
-5599
-8558
-8461
-6351
-5067
-6724
-8924
-8486
-7215
-6624
-7337
-7432
-7148
-6857
-5098
-3240
-2889
-5315
-6945
-5044
-1801
-255
-1865
-3450
-3607
-2759
-2059
-1714
-1151
-2162
-4201
-5497
-3827
-610
-72
-2912
-6275
-5178
-850
1409
-634
-3312
-1938
1048
2284
1676
2222
3826
3437
2461
3843
7856
9200
6195
4277
7060
11508
10498
6083
4730
7825
10678
8895
6618
5988
7546
8228
7091
7209
7189
6305
2278
990
4484
6838
4102
-2186
-3446
-1057
1601
994
-2078
-3928
-5948
-6517
-6456
-4419
-3541
-6502
-8855
-9216
-7608
-8283
-9387
-9014
-8997
-9597
-12066
-12046
-10455
-9395
-10273
-11810
-9475
-7320
-7291
-9321
-9104
-5863
-4322
-4158
-4640
-2074
1220
2000
1004
-133
1895
4374
6756
8210
7904
6765
5479
7420
10576
13290
13772
11484
8626
7161
9874
13731
14821
11939
8043
6933
8084
9939
11258
10805
7932
4314
4181
6787
7109
4236
1429
1693
2403
2193
699
-1935
-3595
-3391
-1292
-1384
-4374
-7743
-8960
-7924
-7473
-7003
-6830
-8168
-11814
-14595
-12177
-7465
-5719
-9081
-13113
-13476
-10991
-8365
-7849
-7997
-7893
-7667
-7576
-7522
-6067
-3804
-1598
-784
-1572
-2588
-2607
-347
2719
4552
3855
1754
894
1556
3384
5397
6999
6944
5157
4414
5637
7840
8984
9303
9331
8744
8201
7774
8630
9668
9351
7821
6749
6983
5770
4225
4552
6190
5762
2474
602
974
1746
480
-629
765
1266
-1346
-4378
-2880
57
-689
-3443
-4391
-2918
-2997
-4979
-6228
-5130
-3246
-4140
-5904
-6099
-5460
-6289
-7715
-6463
-4471
-4163
-6095
-7849
-7150
-4975
-3124
-3856
-5097
-5164
-4652
-4287
-4071
-2568
-1838
-2996
-4509
-3712
-972
-376
-1762
-2524
-1126
226
369
1134
2170
2459
1813
2715
5634
7732
6830
4507
5042
8385
10838
10213
8842
9185
9995
9547
9310
10808
11963
10163
7425
7486
8668
8101
5859
4819
4969
4575
3146
681
-732
-1197
-1260
-2089
-3409
-5201
-7953
-9223
-8726
-7709
-8275
-9726
-11037
-11880
-10818
-9139
-8723
-10346
-11195
-9389
-6839
-5737
-6376
-6281
-5255
-4662
-4477
-3127
-655
-137
-2011
-3309
-1407
2018
3598
2942
1357
216
224
1970
4351
5010
3691
2247
2403
3429
4101
4381
4566
4654
4491
4515
4505
4019
3838
5244
7186
6840
4177
2341
3212
5012
5583
4892
3726
1763
-428
-649
1601
3140
1366
-1525
-2967
-2645
-1824
-927
-602
-1641
-3136
-4222
-3665
-2220
-1357
-1925
-2606
-2249
-2384
-3166
-3821
-3026
-1037
1219
1339
-1684
-4007
-2655
875
2423
2272
1900
842
-830
-1357
1025
3445
3249
1080
-487
-594
-665
-779
-702
-355
-690
-1715
-2652
-3412
-3819
-3630
-2329
-1493
-2674
-5003
-5813
-3696
-673
431
-1350
-3381
-3013
-809
646
534
672
1373
1361
419
437
1933
2569
1970
2178
3825
4112
1764
272
1685
3936
4245
3469
3658
4009
3378
2401
3277
5529
6593
5339
2919
1915
2766
4419
4822
3487
2299
1799
1062
-638
-1224
152
577
-1668
-4404
-4639
-4145
-5364
-6466
-5237
-3570
-5135
-8321
-8896
-6248
-3482
-3366
-4794
-5891
-5770
-4534
-2591
-403
141
-1280
-2872
-2652
-525
1591
2434
1426
-247
-695
476
1886
1799
1087
1483
2781
2721
787
-13
1813
4029
4123
2900
2090
1561
1403
2768
5538
6920
4828
1279
180
2465
5305
5800
3792
1148
-139
494
1738
2145
1289
-215
-1254
-871
169
-102
-1762
-2632
-1415
273
370
-1425
-3278
-3299
-1587
0
-26
-1347
-3047
-3574
-2200
-151
390
-1093
-2809
-3664
-3275
-2093
-1117
-1216
-2256
-2878
-2720
-1816
-1152
-1436
-1550
-471
597
-600
-2204
-1535
170
546
216
921
874
-971
-2230
-590
2440
2997
693
-1517
-895
1237
1851
1288
1199
1559
597
-852
-331
1423
2454
2039
1630
1407
858
1383
3170
4784
4048
2048
1543
2598
3925
3748
3256
3543
3656
2614
557
540
2307
3430
2008
-848
-1821
-1378
-597
-1024
-1626
-1602
-2018
-2716
-4010
-4125
-3470
-2990
-2989
-3262
-2761
-3599
-5226
-5409
-2951
-616
-2127
-4900
-5877
-4289
-2771
-2466
-2116
-2106
-2365
-3358
-3562
-2197
-551
177
-458
-502
-187
-190
314
2301
5091
5656
4065
2512
3093
5516
7320
7927
7790
7438
5935
4299
5605
8963
10190
7020
3460
3235
4724
5002
3868
3395
2598
161
-2002
-1612
-11
-891
-3733
-5406
-5004
-4767
-6280
-7741
-7583
-6466
-6320
-7303
-8167
-8872
-8956
-7621
-5647
-5332
-6811
-7214
-5940
-4419
-3484
-3042
-2694
-2392
-1565
-1161
-1105
-253
1324
2710
2638
2138
1854
2564
4200
5327
5594
4792
4134
3901
4371
5301
5518
5628
5577
5558
4861
4228
5084
6220
6938
6379
5572
4677
3995
4341
4671
5073
4553
3337
1696
796
1423
1440
721
-768
-2226
-3410
-3884
-3531
-4154
-4820
-5299
-5908
-6788
-6785
-5507
-5543
-6428
-7264
-7220
-6374
-5331
-4656
-5690
-6162
-5092
-3578
-3141
-3761
-3429
-2426
-991
-275
-15
464
256
25
675
3183
4813
3383
1167
1043
3519
4998
4424
3462
3387
3458
2489
2489
3813
4672
3373
1590
2098
3273
2849
881
616
2799
3761
1587
-1351
-765
2131
3241
1768
16
-281
-491
-271
1176
2576
1735
-1223
-2360
-645
1471
1623
558
81
-611
-1343
-909
1110
2334
732
-1600
-2163
-590
406
-375
-1261
-1509
-1605
-2670
-3592
-3546
-3472
-3756
-4210
-3842
-3695
-4786
-6092
-5867
-3643
-2294
-2832
-4040
-4563
-3932
-3020
-1760
-963
-796
-1258
-2184
-1859
-327
1077
814
235
968
1882
2190
1865
2533
4318
5609
5342
4206
4630
6089
7165
7553
7339
6761
5706
5175
5257
6096
7274
6593
3904
1546
2087
3883
4096
2773
984
-53
-667
-969
-922
-964
-1497
-2992
-3977
-3817
-3398
-3694
-4731
-5295
-5405
-4899
-4532
-5289
-6559
-6843
-5261
-4012
-4326
-5336
-5564
-4787
-4332
-4020
-3559
-2754
-2465
-2756
-2281
-1535
-1498
-1846
-329
2106
2271
673
395
2525
4006
3783
3580
4230
4678
3868
3679
5026
6389
5821
4110
3561
3821
4085
4174
4413
4006
2633
1678
1205
727
-54
-133
525
497
-698
-2561
-3315
-2670
-1224
-62
-350
-1916
-3924
-4062
-2124
-213
-360
-2209
-3132
-2804
-1908
-1290
-759
-299
-807
-1245
-752
616
996
-166
-726
310
1944
1564
-438
-1630
-786
1168
1737
766
-1070
-2261
-1782
-425
504
-278
-1464
-1995
-1980
-1634
-1074
-211
-320
-1254
-1655
-747
624
506
-598
-968
262
1619
1236
-48
-694
-123
649
1196
1864
1854
694
-652
75
2279
2708
919
-286
976
2089
1053
-279
279
2026
2235
1075
314
664
1108
1055
1858
2932
2506
505
-242
1791
3859
3785
2085
1092
1246
1460
1741
2272
2577
1025
-1595
-2542
-1038
629
-425
-3108
-4658
-3997
-2843
-3159
-4032
-4405
-4256
-4450
-4692
-4049
-3174
-2679
-2864
-2812
-2279
-1881
-1450
-615
1002
1523
464
-26
1377
3037
2250
1060
1941
3898
3869
1694
758
1514
2392
1869
995
805
521
68
-550
-369
21
-347
-1663
-3079
-2670
-1053
216
-433
-2178
-2897
-2030
-10
1355
1727
1147
316
336
1358
3083
3791
3371
2628
2200
2076
1837
2244
2725
2266
853
-49
282
69
-1188
-2110
-1573
-867
-1445
-2502
-3176
-3270
-2857
-1716
-590
-1041
-2700
-3577
-2468
-643
382
603
125
-1100
-2148
-1208
1281
2442
1039
-833
-786
451
866
289
167
849
1019
300
-288
-139
-30
-104
465
1253
913
-655
-1543
-742
803
1591
902
-439
-1258
-766
624
1942
2416
1586
167
-470
755
2906
3967
3225
1911
1713
2232
2332
2003
2440
3674
3884
2318
506
738
2495
3434
2739
1633
1228
663
-284
-521
659
1878
902
-2029
-4632
-4603
-2632
-1609
-2894
-5009
-5773
-5863
-6529
-7035
-6073
-4613
-4959
-6484
-7007
-5901
-4779
-4528
-3999
-2838
-2000
-2372
-2664
-1267
940
1999
1624
1592
2313
2746
2906
3781
5259
5574
4298
2998
3252
4720
5497
4708
3177
2408
2670
3095
3243
3112
2654
1683
767
767
1497
1944
1506
730
394
707
1407
1848
1359
293
-122
655
1549
1312
219
-652
-611
-49
217
-329
-1490
-2274
-2283
-1993
-2149
-2827
-3508
-3994
-4192
-4281
-4387
-4610
-4910
-4986
-4769
-4266
-3865
-3773
-3834
-3682
-2974
-1947
-1152
-1135
-1394
-834
615
1845
2060
2065
2679
3459
3725
3889
4742
5709
5729
5080
5012
5645
5747
5033
4603
4972
5051
4021
2863
2792
3316
2959
1622
729
920
1106
327
-639
-612
-40
-242
-1391
-2356
-2287
-1592
-1135
-1342
-2181
-3208
-3600
-2829
-1730
-1711
-2686
-3292
-2941
-2508
-2432
-2124
-1465
-1236
-1839
-2341
-2123
-1630
-1300
-1095
-1117
-1889
-2867
-2814
-1826
-1402
-2112
-2678
-2587
-2726
-3268
-2903
-1390
-660
-1522
-2328
-1664
-624
-466
-290
825
1851
1280
22
193
1948
3395
3124
2140
2074
2974
3456
2932
2722
3773
4898
4293
2594
2271
3806
4981
4140
2660
2447
3035
2956
2277
2224
2691
2399
1131
237
571
1164
906
106
-365
-688
-1399
-1910
-1513
-941
-1453
-2781
-3514
-3256
-2819
-2661
-2666
-2963
-3629
-4032
-3642
-2912
-2628
-2718
-2647
-2528
-2735
-3002
-2680
-1777
-981
-768
-1025
-1340
-1298
-679
309
1157
1521
1465
1271
1175
1455
2240
3121
3416
2941
2294
2081
2314
2722
3182
3530
3308
2413
1646
1896
2852
3386
3058
2331
1711
1330
1287
1580
1699
1248
664
475
208
-716
-1497
-969
137
-105
-1764
-2891
-2566
-2035
-2269
-2540
-2254
-2309
-3400
-4435
-4109
-2931
-2473
-3186
-4108
-4401
-4080
-3538
-3073
-2854
-2972
-3293
-3355
-2710
-1533
-722
-802
-1123
-752
246
1033
1324
1567
1967
2241
2310
2481
2791
2961
2993
3171
3429
3385
3124
3094
3343
3473
3398
3405
3391
3055
2684
2781
2927
2294
1295
1148
1724
1452
75
-716
-164
144
-981
-2052
-1420
-336
-1006
-2779
-3154
-1833
-1019
-1818
-2729
-2422
-1721
-1837
-2336
-2094
-1279
-979
-1398
-1679
-1380
-881
-529
-308
-189
-324
-580
-557
-121
492
850
654
49
-244
350
1395
1836
1277
547
593
1321
1826
1634
1170
945
952
1007
1052
954
582
157
33
194
284
72
-362
-737
-761
-434
-146
-271
-636
-774
-501
-53
241
266
25
-353
-466
50
877
1106
401
-415
-418
177
550
544
549
467
-88
-718
-546
331
658
-213
-1278
-1284
-593
-542
-1273
-1641
-1201
-863
-1245
-1686
-1561
-1277
-1279
-1190
-674
-350
-863
-1606
-1376
-207
547
147
-609
-705
-213
228
333
187
-25
-79
121
381
521
625
697
555
311
361
770
1107
1071
874
810
868
866
774
760
881
1031
1094
1016
847
646
561
752
1134
1338
1027
487
370
762
933
483
123
426
720
207
-545
-459
205
284
-362
-733
-453
-208
-362
-431
-151
-26
-320
-586
-412
6
234
208
54
-109
-117
149
549
679
405
105
123
312
451
578
681
450
-190
-633
-315
330
375
-314
-977
-1085
-929
-888
-926
-1010
-1321
-1709
-1670
-1278
-1295
-1918
-2247
-1713
-1040
-1126
-1714
-1955
-1742
-1480
-1199
-789
-638
-1156
-1776
-1465
-287
453
-73
-996
-913
174
988
913
705
1076
1692
1930
1994
2347
2817
2988
3022
3360
3763
3681
3339
3518
4058
3932
3009
2437
2845
3174
2412
1253
923
1148
732
-285
-780
-656
-1071
-2224
-2832
-2356
-2019
-2784
-3818
-3963
-3502
-3354
-3543
-3531
-3463
-3798
-4129
-3621
-2457
-1898
-2501
-3214
-2805
-1551
-808
-1051
-1406
-1131
-587
-348
-181
290
676
457
76
343
1121
1476
1194
1083
1509
1849
1588
1273
1669
2478
2804
2413
1950
1984
2445
2950
3212
3128
2836
2745
3008
3178
2939
2751
3069
3344
2806
1895
1677
2118
2129
1357
675
532
338
-246
-677
-687
-878
-1544
-2134
-2322
-2495
-2771
-2774
-2588
-2821
-3456
-3714
-3390
-3095
-3103
-3027
-2791
-2886
-3271
-3179
-2366
-1657
-1718
-2049
-1889
-1399
-1291
-1466
-1150
-330
68
-392
-907
-668
-3
396
587
908
1050
562
9
530
2002
2931
2429
1294
899
1589
2683
3363
3177
2274
1453
1576
2530
3231
2844
1784
1200
1491
1936
1829
1421
1294
1299
893
279
219
688
736
58
-466
-268
-40
-528
-1253
-1351
-912
-702
-1049
-1646
-2180
-2476
-2333
-1793
-1445
-1860
-2783
-3388
-3212
-2592
-2055
-1850
-2152
-2884
-3328
-2771
-1681
-1266
-1673
-1802
-1207
-851
-1308
-1510
-434
1010
1196
219
-259
581
1758
2188
2095
2219
2498
2428
2177
2454
3382
4072
3720
2683
2150
2754
3821
4166
3473
2542
2225
2525
2850
2883
2638
2153
1546
1167
1276
1427
948
-26
-550
-265
-18
-585
-1574
-2084
-2052
-2075
-2249
-2208
-2082
-2429
-3162
-3413
-2808
-2128
-2209
-2783
-2977
-2563
-2119
-2155
-2481
-2588
-2340
-2048
-1983
-2026
-1938
-1790
-1821
-1888
-1567
-887
-461
-601
-742
-343
295
649
872
1313
1691
1607
1358
1610
2333
2873
2882
2542
2154
1982
2232
2740
2870
2324
1703
1639
1806
1497
922
898
1378
1375
504
-398
-491
26
416
352
-55
-659
-1227
-1334
-828
-126
81
-510
-1535
-2247
-1977
-826
114
-276
-1819
-2962
-2501
-1006
-163
-762
-1978
-2567
-2133
-1243
-660
-763
-1363
-1792
-1483
-667
-237
-604
-1058
-761
33
351
-75
-426
-55
601
812
685
824
1172
1157
825
1038
2035
2782
2416
1551
1412
2108
2789
3023
3015
2750
2045
1497
1964
2995
3132
2080
1193
1300
1532
1102
704
1078
1424
686
-555
-909
-317
88
-211
-697
-1033
-1412
-1746
-1609
-1091
-926
-1447
-2107
-2254
-1880
-1446
-1321
-1525
-1848
-2018
-1910
-1589
-1217
-1043
-1233
-1596
-1612
-1111
-643
-725
-1056
-946
-454
-285
-670
-998
-753
-235
17
-136
-514
-861
-862
-410
91
66
-442
-717
-433
-75
-80
-142
153
496
352
-27
78
655
979
792
602
739
887
777
715
909
1018
802
652
878
1034
608
32
180
969
1316
669
-227
-438
66
665
881
599
-28
-460
-165
592
914
481
51
218
580
610
546
742
844
479
167
546
1113
964
247
-100
178
427
336
183
2
-448
-869
-655
-102
-143
-854
-1240
-842
-463
-706
-995
-696
-247
-377
-804
-705
-116
130
-224
-465
-54
440
242
-359
-399
317
838
402
-468
-642
46
643
480
-32
-162
28
47
-43
235
782
826
213
-181
274
981
1065
641
397
487
593
632
707
637
299
159
523
829
450
-170
-91
534
718
236
-150
-43
55
-93
-68
155
-87
-908
-1321
-760
-127
-456
-1381
-1838
-1663
-1489
-1491
-1385
-1333
-1783
-2445
-2395
-1614
-1214
-1743
-2299
-1954
-1259
-1288
-1816
-1728
-906
-398
-702
-1034
-668
-77
55
-33
226
671
713
361
260
683
1178
1228
901
688
885
1257
1332
1063
945
1341
1857
1825
1299
1092
1617
2286
2388
2035
1795
1764
1802
2045
2505
2576
1821
986
1155
2068
2300
1393
526
652
1121
952
425
341
511
196
-385
-377
119
69
-739
-1221
-763
-223
-526
-1229
-1419
-1199
-1209
-1351
-1123
-867
-1374
-2277
-2289
-1246
-565
-1188
-2220
-2348
-1665
-1164
-1211
-1414
-1537
-1682
-1687
-1318
-885
-945
-1370
-1434
-930
-493
-616
-927
-828
-384
-123
-127
-65
169
311
285
434
884
1255
1234
1100
1245
1597
1807
1794
1812
1957
2029
1899
1728
1707
1796
1816
1613
1221
842
699
780
780
469
-61
-514
-674
-583
-475
-644
-1144
-1645
-1766
-1507
-1221
-1189
-1483
-1921
-2092
-1709
-1059
-873
-1325
-1666
-1376
-866
-724
-788
-624
-414
-528
-631
-235
211
63
-294
-20
641
701
185
107
738
1184
984
783
1032
1242
1108
1118
1527
1745
1372
993
1211
1596
1443
1007
953
1198
1171
816
574
572
588
560
627
642
351
43
156
523
526
124
-36
235
416
183
-91
-65
15
-83
-160
-67
-135
-588
-929
-662
-182
-279
-1000
-1532
-1356
-857
-707
-1020
-1379
-1525
-1530
-1440
-1245
-1081
-1095
-1247
-1361
-1282
-1062
-871
-771
-765
-765
-667
-503
-384
-347
-280
-95
91
117
60
184
529
813
801
612
619
897
1229
1381
1337
1235
1140
1133
1293
1513
1508
1235
968
948
1046
982
766
590
495
375
188
-12
-151
-236
-300
-398
-550
-690
-750
-766
-787
-801
-763
-729
-789
-872
-842
-726
-668
-732
-776
-719
-688
-758
-778
-686
-681
-807
-825
-606
-454
-651
-891
-706
-284
-168
-357
-377
-71
200
249
321
555
764
884
1085
1334
1410
1360
1443
1708
1848
1752
1656
1634
1588
1544
1557
1519
1357
1179
1132
1085
854
647
694
762
536
191
72
112
-39
-371
-502
-418
-492
-851
-1219
-1342
-1322
-1330
-1366
-1481
-1755
-2044
-2074
-1765
-1495
-1634
-1965
-2062
-1826
-1477
-1309
-1355
-1423
-1344
-1122
-891
-740
-621
-502
-454
-436
-268
4
87
-69
-96
225
530
405
91
121
471
665
589
602
836
969
832
705
947
1457
1792
1671
1324
1180
1421
1782
1962
1929
1757
1484
1205
1188
1484
1661
1388
955
749
764
703
539
462
425
223
-85
-241
-257
-345
-559
-739
-809
-907
-1084
-1243
-1325
-1373
-1410
-1394
-1376
-1475
-1581
-1468
-1201
-1057
-1089
-1086
-901
-747
-709
-500
-76
145
-148
-468
-135
574
809
399
52
214
543
645
665
725
562
173
100
558
940
656
70
-100
151
330
267
231
220
-16
-327
-272
125
325
76
-266
-293
-120
28
130
159
29
-175
-112
217
382
163
-86
9
256
303
160
48
60
115
124
71
16
3
35
30
-52
-120
-83
32
107
76
-31
-108
-66
80
186
134
-16
-107
-77
-23
10
24
-29
-154
-277
-278
-167
-86
-119
-235
-319
-320
-223
-96
-72
-187
-295
-244
-98
-5
-64
-189
-209
-101
27
36
-100
-198
-122
43
134
57
-89
-161
-87
101
250
234
27
-203
-208
58
327
300
12
-239
-222
-44
81
125
123
35
-110
-143
19
240
302
215
193
267
307
233
220
425
649
611
326
159
289
525
585
450
344
328
278
180
203
339
353
150
-43
-42
6
-93
-240
-214
-131
-290
-605
-728
-580
-446
-542
-727
-796
-806
-833
-792
-670
-636
-751
-793
-639
-488
-580
-697
-505
-195
-159
-389
-462
-231
-9
-9
-40
68
142
50
-2
179
425
466
359
322
419
506
543
640
758
763
697
701
757
758
736
849
1041
1052
816
602
641
844
999
1008
873
616
377
377
587
690
497
162
-36
-57
-81
-198
-344
-490
-625
-711
-785
-909
-1154
-1387
-1396
-1199
-1100
-1313
-1692
-1812
-1585
-1356
-1276
-1253
-1246
-1313
-1401
-1238
-757
-401
-476
-669
-558
-237
-44
93
430
720
570
243
408
1113
1576
1339
955
1012
1320
1510
1583
1707
1715
1412
1151
1352
1721
1680
1309
1117
1212
1212
918
717
855
1006
835
407
76
6
69
152
156
-64
-530
-947
-997
-728
-553
-751
-1210
-1632
-1784
-1650
-1449
-1427
-1688
-2042
-2183
-2087
-1956
-1873
-1830
-1798
-1787
-1768
-1600
-1306
-1076
-924
-712
-377
-96
-3
84
396
897
1253
1297
1190
1210
1473
1803
1953
1948
1895
1789
1635
1576
1728
1917
1786
1339
1050
1122
1204
1006
740
713
804
655
331
191
256
289
212
176
180
3
-345
-471
-210
23
-184
-664
-915
-816
-673
-701
-841
-946
-1042
-1169
-1224
-1114
-997
-1022
-1138
-1199
-1104
-992
-1001
-1012
-892
-724
-649
-691
-718
-612
-469
-366
-246
-120
-121
-245
-289
-63
274
385
236
116
247
473
542
506
551
726
846
757
626
653
800
921
959
914
802
664
581
714
949
1028
792
482
446
647
792
700
448
303
328
349
258
119
33
-10
-75
-183
-296
-380
-438
-506
-563
-591
-651
-757
-849
-868
-802
-777
-909
-1074
-1124
-1052
-963
-982
-1069
-1105
-1078
-1063
-1065
-1008
-870
-710
-686
-758
-730
-539
-288
-109
-13
69
163
275
437
655
856
955
973
1067
1216
1302
1356
1436
1549
1615
1550
1487
1518
1556
1524
1446
1323
1204
1079
917
767
607
400
203
25
-177
-450
-712
-830
-852
-937
-1156
-1446
-1548
-1402
-1258
-1292
-1436
-1429
-1237
-1014
-920
-896
-808
-651
-506
-390
-296
-257
-253
-198
-46
75
10
-159
-208
-48
121
86
-105
-240
-187
-30
71
29
-122
-221
-129
79
177
87
-24
32
184
276
305
365
418
366
326
482
768
854
617
409
544
833
899
723
568
511
466
431
460
496
342
56
-76
35
157
62
-124
-182
-127
-97
-113
-89
-22
28
17
-26
-41
31
144
229
202
64
-13
47
175
225
125
-28
-62
-6
-21
-142
-224
-165
-147
-308
-515
-547
-422
-401
-585
-731
-669
-602
-699
-831
-800
-659
-633
-733
-742
-639
-604
-640
-582
-384
-249
-315
-403
-291
-65
64
108
190
285
272
230
343
600
759
668
537
594
746
814
777
741
752
779
775
748
684
590
586
670
664
501
325
292
343
336
263
177
63
-89
-154
-94
-58
-190
-372
-441
-441
-450
-474
-477
-489
-553
-604
-537
-433
-438
-476
-430
-345
-315
-343
-329
-255
-216
-230
-206
-153
-136
-155
-141
-89
-53
-40
-9
27
43
39
70
129
148
175
229
255
227
202
245
330
355
305
277
288
288
271
263
263
248
202
173
173
138
67
11
36
77
57
-25
-117
-117
-47
-3
-26
-91
-135
-128
-94
-51
-28
-54
-109
-118
-66
-6
1
-44
-73
-80
-71
-38
-19
-40
-103
-123
-70
-28
-49
-91
-96
-92
-100
-117
-104
-98
-136
-151
-117
-90
-135
-188
-170
-95
-63
-114
-152
-123
-75
-60
-51
-24
6
18
14
38
91
123
116
105
112
140
186
222
227
199
177
192
229
240
218
197
197
201
173
159
178
217
221
155
97
94
112
124
141
136
73
-12
-39
27
83
30
-75
-131
-107
-97
-138
-165
-166
-175
-215
-262
-272
-246
-243
-259
-269
-261
-246
-258
-271
-242
-184
-133
-146
-191
-201
-149
-82
-49
-7
14
-9
-38
-13
93
152
105
50
82
151
130
90
131
191
150
49
46
142
193
117
54
85
132
107
35
59
143
162
82
9
40
93
101
85
74
69
35
-2
26
69
92
76
28
1
12
30
19
0
-13
-4
0
-51
-103
-85
-44
-57
-108
-136
-121
-109
-147
-165
-133
-97
-103
-136
-133
-121
-130
-127
-88
-30
-20
-73
-123
-109
-53
0
20
2
-38
-75
-62
15
68
56
12
2
32
72
86
83
97
103
120
141
165
187
187
206
242
263
263
266
282
319
337
308
285
293
317
316
286
238
207
174
154
162
141
74
-9
-58
-56
-60
-132
-210
-263
-285
-283
-315
-373
-402
-418
-433
-434
-439
-444
-434
-426
-414
-395
-402
-399
-347
-298
-268
-269
-275
-244
-183
-127
-97
-86
-78
-59
-13
32
47
57
86
118
152
163
172
192
201
209
237
270
270
245
234
252
286
288
277
263
246
228
222
228
230
219
176
139
139
154
152
129
97
72
61
44
44
39
6
-35
-65
-69
-72
-90
-101
-121
-131
-136
-162
-162
-140
-137
-137
-141
-146
-132
-112
-113
-114
-101
-88
-91
-90
-80
-65
-38
-18
-20
-22
-14
10
35
50
51
46
57
74
83
79
69
76
83
89
102
111
103
95
98
109
102
85
79
81
89
69
50
48
46
40
21
-3
5
11
-2
-15
-23
-25
-20
-19
-32
-41
-43
-43
-47
-59
-51
-45
-57
-56
-64
-69
-55
-64
-73
-81
-84
-74
-73
-76
-74
-79
-91
-86
-72
-65
-61
-60
-56
-47
-35
-23
-18
-18
-3
23
34
38
47
55
67
60
68
85
84
75
69
80
99
106
97
94
94
90
84
81
86
77
61
53
44
35
32
27
20
3
-13
-10
-14
-21
-23
-36
-20
-20
-35
-24
-25
-37
-47
-41
-36
-27
-25
-35
-28
-32
-33
-29
-20
-24
-43
-54
-49
-38
-34
-30
-34
-40
-34
-21
-14
-17
-17
-23
-12
-6
0
0
-10
12
27
23
26
38
42
46
43
59
76
67
58
46
59
68
63
47
42
54
37
22
12
18
23
14
4
-16
-25
-27
-24
-24
-35
-44
-50
-40
-32
-38
-41
-44
-44
-49
-52
-45
-38
-39
-54
-60
-58
-40
-32
-40
-30
-30
-37
-34
-26
-4
12
3
-6
1
24
35
31
33
42
50
33
24
37
42
32
24
22
29
28
27
27
30
34
20
4
6
18
24
29
23
7
2
8
17
30
15
-6
-7
-5
2
2
3
7
-3
-8
0
7
11
12
10
8
0
-1
7
2
5
0
6
5
-7
-3
-9
-2
-2
-11
-7
-7
-7
-7
-5
2
12
3
-3
-1
9
10
-6
-8
-7
-7
-13
-6
13
14
-5
-28
-20
6
6
-14
-31
-24
-19
-21
-9
-8
-29
-40
-34
-21
-8
-13
-21
-19
-18
-13
-4
-10
-5
3
11
17
9
3
-1
9
19
22
16
20
37
32
35
38
34
38
31
24
27
30
29
21
28
26
17
16
21
35
32
26
19
13
20
15
4
0
-8
-6
-17
-26
-17
-27
-33
-46
-51
-49
-62
-76
-76
-58
-65
-78
-88
-90
-65
-43
-45
-42
-32
-33
-34
-12
10
7
5
3
14
11
11
21
34
50
48
45
45
48
53
60
60
66
52
35
38
48
58
52
48
47
51
54
47
53
63
50
51
54
57
66
48
41
43
34
28
22
6
-8
-5
-5
-14
-19
-37
-47
-30
-28
-29
-41
-56
-60
-66
-59
-58
-64
-74
-79
-78
-81
-89
-91
-88
-98
-92
-84
-81
-66
-69
-60
-41
-19
-13
-34
-41
-31
-7
5
17
15
13
28
40
52
65
59
51
53
70
84
79
77
83
79
74
81
91
93
90
84
82
79
68
57
58
69
62
49
36
23
20
23
13
6
-5
-19
-18
-23
-23
-22
-44
-62
-66
-70
-65
-66
-83
-91
-94
-92
-87
-85
-87
-86
-85
-77
-72
-82
-85
-85
-72
-55
-56
-64
-50
-32
-10
-11
-20
-11
-1
7
17
34
46
48
40
54
74
79
89
87
77
88
98
108
114
108
106
94
99
111
103
97
99
85
64
51
39
35
33
22
7
3
-5
-10
-7
-11
-17
-23
-33
-38
-44
-52
-64
-65
-54
-64
-74
-72
-78
-75
-74
-71
-72
-73
-66
-71
-54
-41
-47
-50
-58
-50
-43
-42
-42
-40
-28
-16
-15
-19
-9
3
1
-1
6
15
15
18
11
22
42
36
43
40
43
47
33
38
44
48
49
42
39
49
45
42
37
30
39
44
38
28
19
20
23
25
21
16
20
3
1
12
2
-3
-12
-19
-25
-16
-11
-18
-26
-39
-34
-26
-33
-38
-39
-41
-37
-36
-34
-29
-29
-33
-33
-22
-24
-20
-13
-11
-5
-9
-11
-7
-2
10
5
0
5
12
18
25
39
41
38
33
25
31
43
36
36
34
32
21
16
29
27
28
36
32
21
32
41
27
31
29
17
12
11
12
13
7
-2
-2
-10
-20
-17
-15
-20
-24
-38
-35
-34
-30
-31
-44
-40
-46
-46
-40
-37
-37
-39
-33
-29
-38
-33
-31
-35
-28
-36
-40
-40
-31
-15
-8
-15
-18
-17
-4
14
10
7
12
14
7
10
22
33
33
25
24
20
27
39
36
38
32
36
41
31
34
41
39
40
32
29
21
16
20
9
0
-5
-6
-4
-4
-2
-3
-11
-18
-18
-12
-7
-5
-5
-10
-7
-11
-11
-4
-7
-7
-11
-8
-3
-1
2
10
23
22
14
7
11
19
14
13
3
-8
-17
-11
0
-8
-16
-23
-28
-18
-15
-11
-11
-23
-15
-12
-5
2
-2
6
5
2
2
5
16
23
28
23
20
26
19
20
25
20
17
17
15
17
23
20
13
8
11
7
-4
-18
-25
-21
-29
-34
-31
-33
-32
-28
-32
-24
-25
-33
-30
-29
-13
-10
-15
-12
-19
-19
-22
-24
-12
-8
-17
-27
-24
-5
2
-10
-13
-11
-20
-19
-14
-3
15
3
-7
-2
11
24
19
4
-8
-10
-10
8
15
13
21
22
37
53
58
52
47
50
50
37
29
34
36
35
29
26
27
25
27
45
43
32
21
10
13
15
21
11
11
-4
-15
-9
-10
-14
-26
-37
-33
-19
-23
-29
-32
-22
-12
-23
-28
-21
-9
0
-2
-11
-20
-18
-14
-19
-25
-25
-28
-33
-31
-18
-10
-6
-5
-8
1
3
0
-10
-18
-20
-32
-23
-22
-16
-7
-17
-11
-17
-15
-7
-3
-2
-4
6
4
8
14
22
34
33
24
19
17
28
32
32
37
31
15
3
11
27
38
37
22
19
16
24
34
22
7
1
-5
-12
-1
9
3
-9
-11
-20
-17
-3
-12
-23
-22
-31
-41
-41
-41
-27
-23
-25
-23
-19
-15
-24
-24
-21
-16
-17
-39
-46
-32
-18
-9
-15
-23
-19
-9
4
11
21
15
13
14
4
12
29
44
46
37
42
43
45
51
59
56
47
38
32
46
58
55
41
31
29
32
34
33
36
43
31
23
23
21
18
9
2
-14
-19
-15
-20
-19
-22
-35
-47
-49
-50
-58
-54
-43
-47
-53
-59
-68
-69
-65
-58
-54
-58
-68
-64
-56
-51
-43
-45
-54
-47
-45
-26
-11
-9
0
3
-5
-2
21
21
23
27
25
18
20
27
31
42
35
41
52
49
51
56
58
73
59
55
63
56
67
64
53
44
40
37
28
33
40
37
23
21
26
19
5
2
-8
-22
-28
-26
-12
-15
-24
-35
-33
-25
-36
-40
-43
-44
-52
-58
-55
-58
-43
-38
-43
-38
-49
-45
-36
-41
-33
-32
-39
-32
-26
-21
-24
-20
-17
-10
-13
-10
6
11
13
19
27
36
34
28
37
49
46
46
38
47
60
55
51
50
58
57
42
36
50
52
39
35
33
25
24
11
-1
-2
-13
-19
-23
-22
-17
-38
-44
-34
-36
-34
-36
-33
-25
-25
-24
-25
-23
-26
-29
-35
-41
-28
-25
-13
-12
-13
-9
-10
-11
-7
-7
-10
-8
-13
-18
-18
-12
-6
-4
4
0
