SAMPLES:
16655
BITSPERSAMPLE:
16
CHANNELS:
1
SAMPLERATE:
16000
NORMALIZED:
FALSE
-7
-2
-9
-13
-4
0
1
3
0
4
8
-1
-4
2
-2
1
6
-2
0
6
7
3
-8
-9
-6
-11
-3
3
-6
-4
7
8
10
13
11
19
12
6
4
11
14
12
5
0
0
2
11
-4
-6
-5
-9
1
-5
-6
-9
-11
1
6
3
-2
0
13
2
-2
8
6
7
15
19
12
7
5
15
13
5
7
14
14
10
7
-3
9
2
-8
0
-3
3
3
-4
-9
-8
-12
-15
-12
-9
-9
-14
-8
-3
-2
5
2
-3
-8
-15
-1
-5
-16
-9
-9
-12
-9
-7
-6
-4
-3
-6
-8
-4
4
2
-12
-12
-10
-4
-2
0
12
13
15
19
17
14
16
11
18
16
6
-4
4
13
-2
12
10
6
7
0
11
5
3
-2
-8
3
-6
-15
-10
-16
-13
0
1
1
0
-9
-15
-14
-14
-20
-12
-15
-11
-15
-16
-7
-14
-5
-4
-4
10
9
11
22
10
4
13
4
7
2
-5
-3
-13
-14
-10
-8
-2
3
5
11
14
15
10
12
8
8
8
16
27
10
0
1
-4
-4
2
8
-2
3
10
8
20
7
0
-5
-16
-7
-9
-6
1
3
-1
2
3
-4
-3
-5
-7
1
6
9
2
6
10
-3
-4
-10
-2
11
15
12
10
17
11
11
9
4
8
13
9
10
10
15
1
-13
-11
-6
-14
-7
-5
-6
-1
-14
-5
-14
-32
-26
-30
-33
-23
-17
-28
-38
-32
-14
-14
-20
-12
-17
-21
-15
-19
-11
-2
-6
2
-2
-13
-1
-5
-3
5
-1
9
9
-1
4
18
21
33
29
14
17
17
22
22
20
27
29
26
36
22
23
27
11
15
12
16
9
5
20
18
8
6
4
2
1
1
-7
-5
1
-4
3
-6
-3
-2
-11
1
-8
-12
-8
-13
-10
0
3
1
3
-4
-9
-13
-17
-22
-18
-20
-25
-13
-17
-13
-9
-6
4
7
12
14
3
-1
-7
-11
-10
-6
-3
-7
-15
-18
-5
-8
-7
-8
-14
-4
-5
-4
-7
-11
-2
1
-2
-9
-7
-4
-9
-9
-8
-16
-11
-1
12
12
14
15
10
12
1
1
1
0
1
4
10
8
12
8
13
14
15
19
19
22
22
23
23
17
11
12
25
19
15
9
3
8
-2
-1
7
2
-2
-14
-30
-22
-18
-10
-5
-10
-2
5
7
9
4
-13
-14
-12
8
6
-14
-13
-25
-14
1
2
4
11
2
-4
13
5
-4
-10
-17
1
-4
-16
-16
-24
-19
-15
-15
-5
-2
-3
2
15
11
8
6
-4
6
4
-13
-6
-22
-27
-12
-4
9
9
9
12
19
16
6
1
-10
-14
-14
-6
-4
-3
8
15
18
21
15
5
5
4
16
23
16
8
5
9
2
6
10
-1
0
9
-1
-2
-1
-14
-8
-9
-10
-2
-4
-6
2
11
4
4
14
6
-5
-2
-10
-7
-13
-26
-14
-23
-27
-23
-30
-15
-14
-4
1
5
10
6
7
3
3
16
9
4
5
2
10
11
14
21
18
6
12
6
0
-1
-9
0
8
16
22
18
15
18
13
-2
-9
-17
-19
-21
-29
-24
-12
-15
-13
-1
-5
-6
-3
-5
-7
-7
-7
-8
0
0
-2
8
-4
0
12
0
2
5
3
7
9
12
9
8
13
19
15
10
19
11
3
2
-2
-8
-15
-9
3
15
13
11
10
6
7
3
-1
0
-1
-7
-17
-1
-4
-10
-13
-20
-7
-16
-21
-16
-13
-2
0
3
1
-6
-14
-20
-16
-27
-20
-13
-15
4
2
7
7
10
9
-2
11
8
2
0
-3
-3
-3
7
14
15
5
8
23
17
11
9
3
4
0
-2
0
5
5
-2
-2
4
7
7
-1
8
13
17
17
8
3
-15
-11
-8
-19
-13
-20
-18
7
0
-9
7
10
6
14
10
8
11
1
4
8
7
5
-3
0
3
1
7
9
3
0
-2
-10
-14
-15
-7
-4
-8
-1
-1
-6
-1
1
-3
-9
-5
-6
-13
-9
0
-6
-10
-5
-8
-4
-3
-4
-4
0
2
3
-3
0
3
-8
-5
-14
-5
6
4
13
12
4
0
-15
-8
0
-6
0
-6
-1
9
12
19
18
7
3
3
-1
-15
-6
-2
-2
9
1
16
19
2
11
1
-3
3
-2
6
-4
-4
-2
-9
-11
-9
-11
-21
-11
-2
-1
0
3
-7
-5
1
-1
9
11
22
28
22
15
14
7
-5
-10
-9
-1
2
6
15
15
17
19
6
-8
-16
-14
-11
-6
-4
-1
1
-5
-3
-1
3
-7
-7
-6
-10
-8
-3
1
4
6
2
3
-3
-7
-4
-5
-2
9
6
5
-2
-5
1
-4
-7
-4
8
4
-10
-8
-2
-2
2
5
2
7
-1
-7
-2
-2
-6
-10
-15
-19
-12
-13
-18
-7
-2
-3
-7
-13
-8
3
3
-8
-10
-13
-5
-8
1
12
11
11
10
11
3
11
12
3
5
8
12
6
5
11
7
14
7
14
22
4
10
15
19
20
17
9
14
12
6
9
-4
-2
0
-13
-7
8
-4
-4
3
-4
5
0
1
2
-11
-4
-9
-12
-2
-11
-14
-1
-1
-4
-10
-16
-17
-5
-3
-11
-3
-9
-1
-1
-16
-20
-27
-20
-18
-21
-14
-14
-2
4
-4
-2
5
6
7
12
5
14
8
0
8
-7
9
16
-2
-1
5
-4
-8
-8
-11
-3
6
7
15
18
19
24
11
5
0
3
15
13
10
8
11
9
7
8
-1
-6
-9
-10
-13
-6
3
0
0
14
16
8
15
7
-2
-11
-1
9
-1
4
6
2
-4
-7
-3
-9
-7
-8
-6
-4
-7
7
9
6
5
2
-6
-16
-18
-21
-23
-22
-18
-22
-19
-15
-17
-5
-14
-10
-3
-9
-3
-5
6
-1
-10
-7
-12
-8
-7
-2
-3
5
7
-1
10
2
3
10
9
11
5
12
17
17
16
9
14
10
15
23
21
31
28
30
26
22
21
12
3
10
11
-7
-11
-1
4
4
5
7
8
4
5
6
8
10
-2
-13
-13
-12
-20
-16
-16
-20
-27
-26
-17
-33
-21
-12
-18
-29
-23
-5
-11
-12
-7
-8
-13
-7
-16
-17
1
0
5
12
10
7
5
-6
-4
2
1
-5
-7
5
11
15
16
9
4
7
10
2
5
6
8
0
-2
12
8
11
9
3
1
7
7
2
7
5
-2
-2
-2
-6
-1
-3
1
1
-7
-8
1
12
13
12
11
12
9
11
3
-13
-4
0
3
7
1
2
1
3
1
-2
2
-1
-7
-4
-2
-5
-2
-6
-9
-1
-4
-12
-9
-7
-11
-11
-9
-1
-3
-9
6
4
5
8
3
6
6
-3
-2
1
-2
-8
-11
-11
-12
-8
3
15
14
9
10
19
13
8
9
7
0
0
1
-1
-5
-13
-17
-8
-6
-17
-15
-8
-7
-5
7
-1
-6
-4
-1
9
1
-5
4
3
7
7
-3
-1
-1
-2
-5
-12
1
-3
-10
-2
-11
5
10
6
20
19
13
15
2
0
16
4
-4
7
8
6
-4
11
15
4
14
8
7
10
7
15
9
10
9
-3
0
1
-15
-25
-18
-23
-33
-26
-19
-16
-18
-16
-11
-14
-9
-13
-4
0
-15
-6
-13
-9
2
-7
-11
-12
-16
-14
-6
-2
9
10
10
13
17
13
10
15
18
21
22
20
10
13
26
27
27
17
16
16
2
11
10
5
-1
-6
5
7
1
0
-6
-7
-4
-5
2
-1
-6
-7
-10
4
9
-1
-10
-20
-11
-12
-16
-17
-13
-8
1
-1
-6
1
4
8
2
-6
-9
-6
-6
-7
1
-2
2
4
-7
2
4
-11
-22
-24
-10
-6
2
9
5
6
2
3
5
7
5
2
1
-3
-9
-14
-19
-22
-21
-18
-11
-8
1
3
-3
-14
-12
-2
2
9
19
19
18
15
9
20
13
1
5
1
0
-1
-8
-9
6
17
21
25
17
18
21
20
19
13
14
21
11
4
1
-1
0
3
5
2
-1
11
21
12
8
10
9
-1
-5
-12
-16
-13
-19
-19
-14
-17
-15
-11
-6
1
-3
1
1
0
-10
-12
-20
-28
-17
-29
-23
-13
-18
-12
-9
-12
-15
-14
-5
1
-3
-1
9
8
11
4
0
-4
-12
-12
-18
-18
-16
-10
-9
-8
10
16
10
9
4
5
10
1
7
-1
-4
17
6
7
16
11
14
6
5
10
5
26
27
25
33
29
28
16
28
23
15
20
19
15
10
10
13
16
2
-3
-3
-3
1
-9
-6
-5
-12
-12
-8
-5
-8
-11
-16
-15
-19
-23
-22
-20
-25
-21
-24
-20
-17
-31
-23
-19
-10
-3
-7
-3
-13
-16
-8
-18
-15
-12
-14
-9
2
5
5
8
0
-4
2
4
5
7
12
12
7
11
8
7
7
2
6
10
7
5
9
13
2
6
16
9
5
1
1
2
-6
-1
4
7
7
7
7
-4
-6
0
-1
-4
9
8
18
12
1
13
3
4
19
11
7
7
14
18
10
4
5
9
8
1
-1
-5
-1
6
8
7
9
4
5
-2
-8
-8
-19
-7
-10
-9
3
-8
-10
0
-4
-3
-2
-11
-18
-21
-24
-23
-28
-30
-24
-17
-6
-19
-13
-8
-13
-9
-15
-14
-3
1
-4
1
7
4
3
6
-9
-12
-12
-15
-5
0
-1
4
23
11
4
15
13
14
7
8
8
7
15
6
0
4
0
-4
-17
-16
-4
-6
5
19
19
23
24
25
15
17
19
11
18
7
-3
2
-2
0
4
3
1
2
13
19
18
17
14
11
9
5
3
2
-6
-2
-2
-11
0
-8
-10
-3
5
7
-3
-5
-13
-6
-14
-22
-12
-20
-6
-17
-23
-7
-15
-11
-9
-2
-18
-15
-3
-15
-12
-9
-3
-10
-12
-5
-13
-17
-12
-5
-9
-9
5
8
18
17
19
14
3
7
10
12
9
18
16
6
6
3
10
2
-18
-8
-2
-6
-1
0
-2
0
-7
-4
-7
-11
-3
-7
6
13
18
16
5
12
10
-4
-2
-4
-13
-10
-7
-10
-2
11
8
6
4
9
10
9
15
12
13
21
13
6
10
3
-3
-17
-23
-14
-14
-15
-12
-11
-7
4
3
-1
-2
3
9
2
7
2
-2
2
3
3
-6
1
-1
-5
6
2
-1
-5
-2
4
6
9
2
-4
-14
-4
6
2
0
6
14
6
3
-3
-6
-4
-5
-10
-1
1
-9
-12
-7
-3
0
6
6
1
1
4
2
7
3
9
5
4
7
-7
-7
-5
-12
-12
-1
-12
-7
6
3
0
-6
-3
3
-6
9
10
6
6
0
9
-6
-8
-9
-9
-2
-7
-4
1
-1
-11
-9
-9
-16
-9
-4
5
6
-3
4
8
-10
-4
-7
-15
-8
-3
-1
-4
-6
-8
2
-9
-8
-2
-9
5
2
8
11
1
8
12
17
12
15
11
5
9
5
9
12
9
5
10
18
27
37
32
21
25
24
10
5
-1
1
-8
-11
-1
-11
0
1
-4
11
4
0
3
3
-1
-5
0
-4
2
-16
-27
-18
-25
-21
-27
-35
-24
-18
-17
-14
-13
-11
-9
-14
-8
-7
-12
-5
-9
-8
1
-6
-5
-1
-15
-3
-4
-4
2
-2
2
4
9
8
7
14
14
11
13
13
15
6
12
14
10
15
12
13
22
23
5
0
-3
-4
-1
3
5
5
15
15
7
-6
-3
-12
-18
-5
-12
-14
-13
-10
-3
-4
-5
1
-9
-8
5
0
4
-4
-10
-5
2
2
-4
0
2
-4
-1
2
6
3
-16
0
5
-4
-4
-6
1
0
6
10
12
12
6
5
10
17
14
10
15
18
20
29
18
13
23
7
10
4
-4
-2
-15
-11
-8
-12
-7
1
2
-1
-10
-15
-12
-13
-15
-16
-15
-25
-25
-18
-22
-22
-18
-20
-17
-10
-11
-10
-11
-6
-4
-8
-9
-20
-11
-8
-3
7
0
13
4
11
13
8
24
13
4
8
1
5
4
-4
9
-1
6
17
14
29
26
26
21
16
26
24
14
11
15
2
-1
3
-3
-6
1
-8
-19
-2
5
2
-1
-1
-2
0
-6
-15
-14
-15
-12
-17
-16
-10
-3
-5
-9
10
-2
-5
5
-6
-5
-5
4
-2
5
6
-5
12
6
-5
-5
-6
2
5
-1
6
-2
11
16
2
8
6
-3
-17
-9
-4
-7
-5
-4
4
9
3
-4
0
12
21
8
-3
1
-2
-1
-9
-24
-25
-27
-28
-20
-22
-16
4
-2
0
14
9
6
-11
-1
9
2
12
2
-8
-10
-5
-4
-1
6
3
1
7
10
17
19
9
2
-4
8
9
15
12
6
4
0
6
13
0
1
-3
-8
10
7
8
14
10
11
15
3
12
11
-3
4
-2
-1
-1
1
3
-11
-8
7
4
2
1
3
-1
1
6
-5
0
1
-4
4
2
-7
-4
-6
-12
-18
-28
-28
-27
-22
-16
-13
-15
-23
-10
-1
-2
0
-5
-10
-9
-11
-1
-8
-12
-5
-9
-10
-14
-17
-18
-7
10
11
16
21
21
16
10
5
11
13
1
19
27
20
26
15
-1
-1
-1
-3
0
3
4
5
12
6
6
7
5
9
6
5
14
13
7
9
4
10
1
-5
6
0
-2
2
-9
-9
0
-6
2
5
2
6
-4
-1
2
1
3
-4
-12
-15
-10
-7
-11
-11
-3
2
3
2
4
6
-5
-22
-8
-11
-13
-6
-8
7
-3
-8
-2
-2
-2
-2
-1
-10
-6
-8
-2
-1
-8
-7
-5
1
-9
-7
-11
-9
0
-10
-1
0
4
9
-1
0
8
16
16
7
5
-1
-5
-2
-9
-1
3
9
18
12
16
23
13
5
1
1
7
-4
-9
2
7
0
-6
-3
2
7
5
14
16
5
15
-2
-13
-8
-24
-3
0
-7
13
11
19
12
-4
7
1
-9
-9
-8
-1
-8
-9
2
3
-3
-10
-7
-7
-13
-11
-16
-12
-10
-12
-7
-3
-3
2
12
8
8
-4
-17
-5
-9
-14
-15
-12
1
4
6
9
12
21
8
4
15
7
7
5
10
15
9
2
11
11
2
10
2
0
7
5
2
2
5
9
11
-3
-2
5
-4
-6
14
18
5
16
11
-5
-5
-20
-23
-15
-22
-13
-20
-13
11
-5
-2
-2
-10
1
5
1
-8
-8
-6
-12
-20
-16
-14
-26
-24
-6
-1
2
6
3
7
-2
-7
5
8
4
1
3
9
7
-8
-5
-9
-1
7
-8
6
9
6
6
11
16
13
6
5
-1
-8
-3
-3
-8
-10
-1
7
11
3
10
25
18
16
7
-12
-14
-17
-15
-9
-14
-6
2
0
1
12
13
14
14
7
12
4
9
20
8
14
19
19
11
7
12
15
11
12
16
16
19
17
11
2
-12
-9
-11
-10
-4
-13
-14
-11
-11
-5
-4
-5
-14
-20
-8
-14
-16
-13
-19
-11
-14
-11
-12
-23
-23
-26
-31
-24
-13
-23
-25
-17
-17
-22
-15
-16
-15
-17
-12
-6
-2
15
1
2
8
12
8
10
13
12
8
4
11
0
1
12
18
27
29
33
34
25
16
11
9
2
10
13
0
9
14
11
10
9
13
19
20
7
10
20
18
18
13
19
25
13
11
10
2
-5
-1
-2
-7
-4
-4
-12
-20
-9
-9
-9
-4
-16
-15
-12
-17
-25
-23
-11
-18
-25
-15
-14
-13
-13
-10
-8
-2
-14
-18
-16
-13
-5
-8
1
-4
-18
-17
-12
-23
-15
-8
-1
8
3
7
0
-1
-2
-3
14
3
-2
3
6
2
7
5
2
18
13
12
11
13
11
13
13
5
12
13
16
23
24
16
17
15
10
2
1
9
-1
3
0
-7
0
-6
0
-2
-4
-7
-4
10
4
5
12
8
8
5
-1
-8
-19
-10
-19
-22
-15
-10
-11
-11
-3
-6
-11
-4
0
-4
-2
-8
-10
-3
-7
-5
-5
-9
-15
-14
-6
-6
-3
2
-3
4
16
11
14
4
-5
3
1
-9
-6
4
-3
-3
11
11
5
2
11
19
11
6
14
12
11
3
-5
-1
-10
-7
8
5
15
18
7
11
13
17
10
6
11
3
-8
-10
-16
-19
-6
-13
-6
4
-9
-8
-2
-7
-5
0
-7
1
1
-3
-6
-13
-19
-17
-18
-20
-12
-18
-11
-4
-5
-3
7
12
9
16
9
3
12
15
12
2
7
10
0
17
8
-1
3
-10
-9
-6
-2
-2
-2
-1
1
4
-1
-7
-7
2
10
11
1
1
6
-1
-7
-9
-10
-26
-11
-5
-4
6
10
10
10
8
0
3
6
13
2
3
6
-7
-9
-10
-8
4
0
-13
3
4
3
16
17
12
13
11
10
10
-2
6
-1
-3
-5
-8
-2
-16
-7
-3
-7
-5
-5
-4
-3
-10
-4
-3
-2
-2
3
9
2
18
28
11
2
-2
-15
-19
-26
-24
-10
-2
-2
7
6
1
1
-4
-3
-7
-6
0
2
8
21
9
3
9
-4
0
-8
-8
-1
-6
-8
-3
1
7
0
2
18
10
10
11
5
1
4
7
0
1
11
3
0
2
-4
3
7
-10
-8
7
-2
1
7
-5
1
-7
-14
-8
-17
-15
-24
-12
-14
-25
-10
-4
-9
-10
-7
-11
-2
-10
-5
2
-4
3
2
11
4
-4
8
2
2
5
8
16
16
9
5
1
-10
-18
-13
1
-3
3
13
12
27
27
26
39
32
19
27
28
20
11
13
11
2
-4
-15
-11
-11
2
2
0
7
9
8
-9
-4
-4
-7
-4
5
-1
-12
-11
-22
-17
-27
-33
-21
-15
-21
-14
-14
-18
4
0
-11
-14
-15
-20
-20
-11
3
5
5
13
6
11
5
-2
10
5
-3
5
3
-5
-5
-8
-12
-4
-13
-8
1
-6
12
5
4
9
-6
-8
3
-2
0
15
1
-1
2
-4
5
4
11
22
7
1
6
4
6
-4
4
2
1
12
14
16
12
6
10
4
-8
5
6
3
0
12
5
5
11
7
17
13
14
10
10
-4
-4
2
-5
1
-4
-13
-3
-3
-9
2
1
-7
-3
4
1
-3
-9
-3
-1
-10
-7
-14
-3
-7
-7
-13
-25
-14
-13
-20
-23
-16
-21
-13
-4
-4
2
-5
-16
-9
-7
-9
3
-1
-8
5
9
2
8
8
-6
5
15
4
12
10
1
-2
-8
-2
8
9
11
18
18
21
12
11
17
15
15
13
16
18
13
9
6
4
3
3
6
-1
8
10
-3
4
10
13
9
0
-6
-8
-1
-1
-15
-20
-26
-20
-18
-32
-19
-6
-8
-11
3
4
1
0
-8
0
-4
-16
-5
-11
-23
-17
-18
-20
-19
-8
-4
-4
4
2
1
-1
-7
-12
-5
2
-4
2
3
5
17
7
10
18
2
1
2
-6
2
9
16
22
24
17
6
12
13
4
-1
9
25
26
27
13
9
13
5
2
-3
-3
-2
-2
-3
3
3
6
9
8
11
10
9
12
5
0
13
7
-6
-13
-18
-16
-12
-12
-11
-12
-14
-10
-14
-8
-4
-5
-6
-14
-10
-15
-24
-4
-15
-23
-16
-15
-3
3
1
-4
-3
-13
-16
-18
-15
-4
-18
-16
-11
-7
-3
-3
-7
-12
1
-4
-5
8
3
-4
1
-4
3
-1
-5
12
11
14
16
25
18
13
28
26
21
22
26
35
26
19
22
11
10
2
1
7
-2
7
12
15
17
11
12
-1
7
15
5
3
4
8
-6
-2
-8
-17
1
-11
-9
2
-8
-5
-12
-18
-18
-19
-22
-30
-33
-39
-40
-27
-21
-20
-16
-6
-8
8
14
5
9
3
0
-5
-4
0
-9
-14
-5
6
-4
-2
-1
8
9
12
10
12
18
7
14
21
13
14
15
0
3
0
-5
-1
-3
-2
7
9
3
2
6
12
6
-4
-8
-3
0
-11
-7
2
4
0
-4
-5
-13
1
-7
-14
6
1
11
15
4
6
7
-1
1
-8
-4
8
-5
-1
7
-2
-8
-3
-1
-4
5
-13
-13
-2
-7
-7
-16
-9
-11
-12
-5
-4
16
7
0
10
10
7
0
-2
1
-1
-8
-1
-7
-15
-4
8
7
7
7
4
3
9
11
7
12
6
5
-6
-12
-13
-5
-4
-9
9
18
21
23
15
20
10
2
2
-1
-3
-8
3
8
0
9
3
-11
3
-2
-6
15
7
5
5
-16
-16
-13
-10
-1
-2
0
-1
-7
-6
-3
-3
-12
-10
-3
-5
4
12
0
-7
3
-7
-11
-6
-19
-11
-2
-8
-1
0
0
3
-8
-16
-9
-8
-18
-20
-10
0
-7
-2
0
-4
-9
0
0
-12
-1
-2
2
0
6
3
3
8
5
9
4
-3
-2
0
-11
3
12
5
5
3
10
17
20
10
12
18
18
19
18
26
25
21
24
16
9
6
2
-2
-2
11
8
21
31
24
30
25
17
4
0
7
-9
-9
-5
-5
-9
-18
-20
-33
-21
-17
-31
-32
-27
-15
-15
-8
-4
-7
-6
-5
-8
-14
-19
-30
-17
-21
-31
-15
-23
-15
-8
-9
-8
-13
-14
-14
-10
-16
-14
0
1
7
7
-1
6
8
10
19
17
7
12
3
-1
18
15
13
18
7
7
6
-1
6
9
-2
3
12
13
21
10
15
15
9
14
5
-1
1
-10
-5
4
0
7
16
14
3
1
14
5
4
11
1
10
0
-7
4
-3
-7
3
-2
3
5
-1
12
10
8
15
1
2
4
-5
0
-2
-12
-19
-16
-14
-10
-11
5
5
-2
19
1
6
8
-6
-3
-30
-39
-35
-19
-19
-43
-67
-90
-52
-32
-25
-20
-37
-58
-59
-12
5
-25
-16
-18
-27
-46
-30
-6
-52
-44
-43
-29
-8
-11
24
-5
-43
-30
26
60
4
-11
37
35
7
37
58
-3
-69
-11
42
-52
-56
7
-24
-130
-88
67
2
58
173
122
-36
4
292
205
225
278
258
203
18
71
-55
190
193
0
374
319
433
349
520
34
294
3372
3251
-300
-2412
907
4016
2155
1698
635
-2032
-3422
256
4728
1071
-3656
-5259
-3156
-663
-673
-713
-3609
-4827
-4421
-3235
-1217
-2369
-3028
-4110
-3388
-2056
-3061
-2532
-2617
-1699
-1944
-3219
-2036
-927
1403
1025
-1160
-1698
-1749
2499
9412
14650
8171
-8511
-10186
10230
30813
24808
-76
-11478
-2067
15760
25004
22423
10956
-6074
-10444
3095
21218
21742
2387
-11367
-9289
1074
3454
-2806
-5656
-6072
-6850
-12950
-17832
-15003
-9618
-5975
-10383
-16878
-20330
-19447
-13145
-7328
-3694
-7701
-16108
-18082
-10258
2148
4503
-2110
-7121
-5583
-378
1413
4048
7862
8032
2668
-2926
1376
9974
13068
8366
2986
4119
6096
6015
5839
9064
12581
8050
798
446
8150
13380
9790
5419
4145
4950
7193
9655
9966
5824
3223
5170
7032
7586
4799
917
-527
2567
6810
2976
-3587
-6344
-4353
-796
-511
-2285
-7202
-9829
-7143
-3758
-2773
-6548
-9550
-8829
-5678
-3846
-6291
-8274
-7725
-5478
-5207
-5669
-6856
-5921
-4440
-5664
-5730
-8123
-7279
-9082
170
15668
10649
-10112
-27012
-4867
27294
29394
1483
-24753
-13332
6658
22956
24732
11621
-4717
-20942
-5468
19551
28711
11386
-15188
-12226
540
10233
4195
-4885
96
-240
-2979
-11941
-12458
-1635
2284
2168
-8246
-13719
-11450
-7327
2320
4107
1485
-8771
-16568
-7226
5361
12210
2307
-8264
-5989
-1326
2984
1334
4403
7426
618
-6129
-6936
4685
11434
5408
-1750
-3537
2992
2972
343
4367
9725
8865
-3370
-6865
3220
12422
11007
976
-615
2540
3363
2902
3449
7965
5912
951
637
2790
4239
597
2157
5583
3404
-1103
-4927
-1030
1504
1926
975
-2881
-4504
-6328
-2562
1241
369
-3340
-8049
-5752
-1765
597
-1350
-6394
-6194
-4084
-1656
-2593
-4337
-3960
-4443
-4138
-5677
-4387
-4424
-4839
-7798
-9333
-7264
-2227
12155
11184
-6674
-27233
-14800
21368
32210
11081
-23179
-23175
-546
22424
32248
16040
-4194
-22243
-10782
18879
31284
19158
-10624
-15950
-2489
10001
12454
1232
809
501
-1382
-5476
-10521
-2015
3753
6827
673
-11229
-12656
-10234
479
6527
3644
-4275
-17278
-14403
-2110
9315
8734
-4671
-9205
-8645
-3559
52
2095
7375
1341
-8075
-12402
-3793
10452
9023
-96
-7977
-4136
3241
1976
2655
5458
8698
1916
-8418
-4304
6799
14548
8375
-884
-1832
-25
4731
5992
8566
8714
3843
1643
565
5091
7289
8514
8596
4563
1653
-1818
1407
6626
8985
5644
-2970
-5879
-3643
2717
5640
1602
-4586
-9360
-6826
-1721
1063
-1322
-7190
-8737
-6416
-3654
-4101
-6265
-6294
-6679
-6716
-8063
-8335
-6668
-7279
-7998
-11417
-10549
-8746
-924
9831
2910
-16435
-29921
-5264
27276
28203
-1080
-28461
-16751
8065
28997
28483
8825
-8667
-17517
2140
25572
30196
12821
-11529
-9458
3535
15340
13829
3046
2668
862
1009
-3339
-5988
1010
3547
5260
-3160
-11887
-11800
-8495
1882
4336
414
-9499
-18956
-11246
651
8563
2282
-9399
-10409
-8226
-2643
-746
1664
4142
-3564
-9963
-9578
1958
10197
3371
-3726
-4476
3312
4592
-959
1715
8946
12222
568
-9109
-1298
11981
15897
4877
-2696
-338
3536
5097
3834
7320
11390
7196
-1184
-3373
5377
11084
8228
7368
5279
-1297
-6886
-877
11083
11342
1940
-9195
-10178
-877
6287
5916
-1772
-7716
-9566
-6836
-673
619
-2319
-6718
-8624
-7208
-4954
-4050
-4972
-4581
-4804
-6376
-9424
-9385
-8290
-5615
-4139
-5832
2015
5423
-5705
-26049
-20074
16646
31061
10501
-24846
-28208
-1589
22298
31699
14888
-4462
-18362
-11298
17030
30725
22785
-3656
-14021
-2227
8594
14025
5104
2647
4404
-94
-5545
-11392
-627
8971
6388
-2860
-14849
-12333
-5736
2102
5688
-1015
-7107
-15092
-12417
-628
7545
7684
-4703
-11122
-8638
-2400
3929
2411
2336
-591
-6480
-9023
-4964
8450
11164
1674
-6996
-5989
3749
6739
7200
7423
5471
1067
-4017
2133
10825
11653
5775
31
1340
1767
2739
5734
8717
9666
1688
-4379
-1063
7996
11296
4435
212
-2000
-1669
2177
6328
5988
-2759
-7368
-4335
1670
3019
-2148
-3855
-3340
-3685
-5814
-3921
1583
500
-6001
-11125
-8001
-556
2109
-2027
-7052
-7978
-5495
-3946
-3000
-2569
-5330
-7728
-9467
782
12023
4895
-17494
-28131
-276
26928
21333
-11399
-31370
-13974
11279
27835
20162
564
-14799
-17368
4757
24706
26228
6283
-13846
-9115
5535
16419
9604
-2322
-868
3727
3759
-6568
-10873
-760
7813
7218
-5305
-13979
-10554
-3179
5262
5731
-523
-9740
-15418
-6652
4514
8719
2339
-8124
-8786
-5114
535
1813
175
1482
-1816
-5930
-8804
-4033
5095
5196
749
-3626
-2909
-1345
-1011
6154
12294
9341
-2740
-8988
1451
12773
13275
3568
-1734
2275
5668
6392
4894
6070
5949
3392
2611
3368
5182
3954
2167
1725
3382
5014
2393
-1696
-2614
1888
5614
3196
-2252
-4548
-1689
1322
1074
-697
-2002
-2265
-2290
-1880
-2016
-3734
-4500
-3371
-952
-3005
-7293
-7837
-5072
-2203
-5320
-7639
-9294
-3450
8292
5901
-11558
-28331
-11812
18363
23647
-181
-29208
-24770
-1844
19621
22743
4453
-12955
-22099
-5307
18746
23375
8964
-11724
-9268
3428
10322
7920
-1520
1601
5197
3614
-3378
-9891
-1229
7162
9655
940
-11327
-9390
-1677
7598
8519
2134
-4338
-12003
-7059
5406
13032
8219
-6782
-10754
-4495
3801
5737
373
-174
-1982
-6152
-9448
-6295
4228
4949
-3589
-11425
-8335
1458
2101
-577
336
4444
2597
-4795
-2864
6515
13070
8706
-374
-1837
4705
11017
9697
5598
5011
5336
4150
4909
6149
5403
3793
3542
2964
-115
645
3258
2610
-875
-2401
957
2824
864
-1816
-1790
591
-12
-2153
-1113
1021
1305
-2393
-4829
-3492
-606
0
-4662
-6522
-5924
-4323
-6402
-8435
-7919
-4580
7350
7672
-8879
-29950
-21096
13898
27199
9235
-24119
-30624
-11169
12326
26384
13596
-8421
-27196
-19353
10489
24541
15814
-7740
-14521
-3453
4816
8327
2670
2468
3258
-2097
-5164
-6999
289
7154
8112
5304
-6071
-10459
-4897
6274
15537
10714
934
-10493
-11444
3059
14647
15956
2277
-8661
-6551
-585
5883
4390
3657
2214
-5341
-10095
-8668
1536
5021
-3222
-10196
-10552
-4697
-3423
-4652
-480
3131
37
-9288
-9160
3888
12447
8723
-1901
-3556
4343
9856
8571
5571
9234
10150
3633
522
5769
10640
7138
2895
1899
334
-188
2147
4932
3007
-3103
-6633
-4205
2029
5244
3129
-1891
-6540
-5459
2719
8595
4693
-4148
-7129
-2557
2834
3127
-1328
-3555
-4384
-4832
-7437
-4979
-1178
5427
10421
-1448
-21544
-28532
888
26512
19390
-10784
-32645
-19252
4696
22066
17285
-2934
-19892
-24870
-5632
15858
19364
3368
-17035
-16839
-5170
7349
9752
1662
-2842
-6580
-6397
-5585
-3086
3574
5482
3544
-3052
-8131
-4791
1626
8568
10598
7014
1124
-5754
-3816
5593
14039
14348
3216
-6236
-7185
680
9970
11031
7049
-1506
-8258
-7573
-128
8490
6475
-3183
-9756
-8070
-2000
-302
-623
113
-1116
-5338
-8926
-4740
2868
6812
4831
32
-3467
-2962
1987
8081
11274
5567
-1515
-2362
4823
8273
3964
3258
4307
2683
-4357
-5953
1405
5798
3738
-4231
-7888
-5191
-1500
3400
4176
1796
-4958
-8471
-1885
6360
9271
2474
-4584
-3547
1246
5387
2999
91
-626
-2871
-2719
-1712
9199
13914
1442
-17020
-18532
9414
25307
12440
-16210
-25380
-6236
11011
17052
5280
-9271
-17462
-15863
1137
11823
7890
-8776
-20529
-11600
-77
4505
-3363
-9972
-4726
-2879
-6644
-14658
-11139
3137
7496
32
-12878
-13157
-2071
5297
7425
3674
1288
-122
-928
4598
9929
12207
8015
829
396
3584
7863
7456
4471
4617
3365
1813
48
1863
6132
4115
-460
-2063
1956
4289
-732
-2430
1705
5785
1120
-6915
-5150
3054
7763
3423
-1035
-1278
-382
601
3897
7141
4635
-311
-3091
-559
3074
6139
5738
267
-4796
-5620
-1003
1554
-1181
-4099
-4017
-3083
-5515
-7850
-4381
543
2089
-2256
-6871
-5680
-803
3243
1734
-864
-969
735
85
-1340
-2117
2042
5354
8418
10161
1279
-9820
-15632
4880
27129
24041
-3724
-30843
-19955
8165
30187
23537
-4531
-23270
-24224
-1418
18116
16390
616
-18712
-18867
-9013
1984
6206
-2216
-6106
-9272
-10008
-11776
-13830
-4886
3903
5897
-5582
-20601
-18274
-3591
11663
12878
163
-10027
-11701
664
14639
16444
9147
-1246
-772
4320
6571
7790
7358
8849
4684
-1222
-1238
2766
7885
5679
876
-756
-243
529
-1370
1980
9557
9176
-2522
-11686
-2752
12993
13107
-290
-6747
1282
9603
4185
-3048
-878
6983
7463
-2444
-5864
-261
7072
4992
-3773
-6114
-2027
3089
-34
-7487
-8254
-3795
-188
-2939
-6437
-5124
-4103
-5095
-6580
-2422
4487
3061
-4870
-8988
-3210
6455
6479
1701
-4154
-5611
-2180
4748
20070
18561
-1775
-22908
-13341
20573
32666
14668
-17340
-24440
-7082
13651
24940
12569
-7635
-22831
-17491
4304
14863
10656
-4688
-13859
-12112
-8999
-1859
-18
939
-1102
-9683
-15162
-16521
-6039
5126
5472
-2747
-14569
-15030
-6339
2784
7634
3047
-3308
-7876
-5858
4105
10598
12045
6968
1429
331
706
5257
10068
13280
9993
-1475
-8578
-4465
7017
12709
6019
-2572
-6726
-6092
-3526
1338
9808
10800
-1007
-14086
-11184
7079
17741
10627
-1341
-4824
-312
2428
4921
9888
10656
4555
-4554
-5395
467
5553
8443
5617
-835
-7956
-7344
729
4281
780
-5823
-7465
-4926
-4045
-4186
-4744
-3281
-2422
-3675
-4392
-4671
-3157
-456
1426
2558
-1027
-3271
-2522
527
3460
5475
14575
12556
-2904
-18594
-7609
22736
31564
12005
-18522
-23481
-4258
17595
26270
10548
-11612
-25579
-16279
7478
16608
7439
-10818
-17601
-11785
-5878
-500
-1394
-1998
-3993
-10442
-14894
-16725
-8826
2015
6240
652
-13611
-18824
-9538
5184
13496
6364
-5196
-11531
-5934
8073
14842
12200
3846
-346
2757
5826
8384
8854
10262
9781
2809
-3091
-1740
6386
10059
3526
-3569
-4864
-2231
-2246
-2970
2349
6118
-805
-11945
-11149
2853
10494
6017
-1128
-2109
1046
1518
3328
7474
10160
4994
-3394
-2680
4015
8298
6112
1460
-1378
-1872
1584
2772
-738
-3435
-2339
-634
-2942
-5136
-3735
-2008
-3698
-7639
-6718
-775
1628
-2613
-7790
-5806
670
2379
-226
-4079
-633
2814
7890
13327
8745
-2084
-12132
3696
24120
25447
4561
-18155
-13384
3585
21657
22145
2884
-16686
-24411
-6097
14214
13644
-3307
-21486
-17351
-5203
833
-2471
-11661
-10188
-7569
-7651
-11710
-17100
-11573
-3513
1341
-3739
-14765
-13487
-4523
4498
4542
-2490
-3044
-1510
3221
6948
7531
8561
5112
5702
8473
9471
9312
7200
10348
11158
6060
1659
2618
9557
9752
1853
-2325
-530
3094
334
-2198
1175
1743
-2998
-8679
-5372
3727
6211
-142
-7888
-5690
3133
6650
3985
491
-1041
75
3062
5260
2165
-553
1830
2511
-868
-2569
2550
7383
2009
-7891
-9941
-498
6881
1476
-6085
-7020
-3449
-2632
-3283
-1284
-437
-3556
-8689
-7361
-314
3643
-2191
-6783
-4479
4748
14099
9405
-3571
-14999
489
25041
28613
8701
-16558
-13486
4035
22020
25745
8591
-10746
-22821
-9522
13619
18141
3428
-18623
-19275
-6172
486
-1418
-9934
-7420
-4230
-8980
-15984
-19605
-9293
113
90
-6421
-16219
-16719
-9205
2376
10085
2351
-9252
-14811
-5167
12803
17755
10304
-2174
-3224
6840
12841
13178
8493
8274
9767
4944
1253
4199
13428
13920
1491
-5450
-1142
6457
5407
10
1439
2942
-849
-7968
-7363
2650
8301
3635
-5067
-6540
-2882
20
3291
6336
3350
-4357
-5917
-130
4688
2386
-2175
-3003
-2028
-1190
-1959
-716
729
-2129
-4703
-3308
925
1026
-1981
-2599
-1685
-1106
-1762
-1259
2485
3261
-997
-6118
-3285
3842
2615
-3673
-6068
8410
18809
6440
-16504
-18599
12211
32311
21252
-9314
-21346
-4323
14009
23971
16036
907
-13615
-18812
-1782
15532
16511
-2678
-21386
-15662
-2664
3390
-4817
-11852
-5492
-2857
-7567
-17291
-17130
-5610
528
-895
-8327
-13256
-12384
-9217
189
7605
4847
-6085
-15388
-7571
8085
16397
11571
-781
-4735
-1305
6327
13486
14994
11658
2028
-4127
657
11547
16893
7800
-2722
-1720
4989
6072
209
351
6561
6651
-600
-6629
-2538
4148
5462
4347
2667
82
-5236
-5166
3558
9980
6662
-2628
-7124
-4611
422
4586
4047
-1560
-7486
-8439
-3432
763
-618
-4997
-7715
-5998
-3857
-3150
-2847
-2564
-2498
-4195
-4403
-944
2525
2202
-4007
-5269
1220
6863
3784
-1945
8270
17026
8092
-13037
-13753
14920
32560
21048
-10064
-20191
-3091
15908
24487
14346
-640
-15103
-16808
945
14522
12451
-6405
-19505
-12502
-2495
719
-7815
-10149
-2980
-4100
-12932
-21866
-14196
1104
3569
-5966
-17611
-14838
-4730
90
2104
1102
-205
-5781
-9069
-1074
9608
14424
7207
-2307
-3251
1645
7687
10491
12133
10761
2392
-5564
-3500
8288
16717
10586
-1767
-6698
-2124
3084
4013
6580
8257
1978
-8350
-8086
4476
12423
7667
-721
-2411
-765
443
3493
9279
9413
-497
-8200
-3138
7995
9291
1385
-4082
-3956
-2928
-3290
-1281
1733
411
-5374
-10456
-8660
-3010
540
-755
-6434
-11310
-11202
-4897
2850
4001
-2473
-10761
-13345
-4368
4738
12623
14936
5837
-8349
-17541
927
25484
32206
13752
-13905
-16606
-1546
22361
32269
17316
-4867
-21961
-11865
10226
18764
10966
-9138
-16308
-13654
-7469
-175
-2537
-2391
-6330
-13200
-17804
-19064
-7037
1966
917
-8415
-19841
-17346
-8341
1912
8115
3942
-3036
-12328
-10888
2907
13856
16362
5846
-2554
-2163
1795
8983
13008
16421
12335
-1056
-7421
-892
13898
17704
5966
-4022
-5310
481
2446
1209
4811
6336
468
-8998
-8500
3995
11129
6161
-2020
-4378
-1673
-1661
677
7613
9623
3159
-7106
-8492
-1219
7326
11487
4493
-7217
-12738
-6233
5839
7834
361
-7127
-7671
-3898
-3493
-1446
1659
1794
-3521
-10185
-9075
-547
5329
3288
-5468
-9063
-6730
-2312
11771
16131
6004
-16383
-19745
6505
25860
25076
-2094
-18408
-10695
7553
26166
21116
5138
-12737
-15464
4646
15806
12679
-2335
-11004
-5138
-3499
-2031
-8353
-10644
-2842
-790
-4826
-18343
-22007
-10611
895
4506
-8439
-20013
-17107
-7449
3294
4094
-104
-5766
-9705
-2027
6057
9611
7161
2623
4547
5260
4425
3723
7375
16085
14896
5772
-299
1905
8821
9476
8545
7663
2560
-4247
-7686
2210
13511
9276
-5495
-12692
-1947
7668
4163
-1974
-674
2824
-1032
-5658
-1765
4594
4620
-250
-3986
-3307
-2097
-608
610
-839
-3019
-5187
-4249
-2867
-2646
-1617
-1656
-2742
-4576
-3240
-214
300
-564
-2388
-3501
-1579
1352
2719
-991
-3414
-1584
3054
13652
14921
3887
-12288
-10791
11940
24596
18549
-3958
-15654
-7997
6061
20864
18497
3767
-15356
-20204
938
15916
11034
-7570
-16273
-6992
-2452
-1940
-6660
-7383
-2457
-5264
-9817
-15352
-12692
-4955
-2373
-1949
-8498
-13755
-12330
-7372
299
3003
1293
-5121
-11712
-6498
4071
11005
9451
2300
-744
-1710
838
7108
13553
15674
5978
-3303
260
11166
16310
9368
3711
4470
5173
2859
-310
3788
9973
7771
-1960
-7437
305
8857
6721
810
370
2765
-63
-3674
-59
5737
5956
-263
-6284
-6996
-4436
215
3273
866
-7178
-14180
-10977
-2994
834
-1307
-5007
-7412
-9223
-6968
-1937
2602
3450
-477
-5957
-6239
-543
5904
7145
3056
-2417
-3741
10338
21074
12227
-8886
-12393
12607
29291
21534
-6121
-19961
-6739
13146
26042
16044
-3959
-20863
-19670
4725
18705
9712
-13085
-24599
-14758
-4175
2183
-3700
-11988
-12254
-11963
-9747
-11198
-9508
-5207
-4692
-4458
-9103
-10899
-6347
-1296
3875
4682
2457
-4655
-9817
-132
12354
13807
3965
-2432
3282
8079
5018
307
4398
13403
9845
-3048
-5696
6467
16215
9257
-1344
-736
6291
7655
771
-689
6844
9975
1006
-7498
-179
10677
8223
-1196
-1508
5412
5526
-335
-1900
3504
6920
2987
-3869
-6212
-2336
1566
480
-5399
-9233
-6401
-2608
-5770
-12560
-10762
-2202
-1502
-8705
-10933
-3909
585
-3107
-5461
-1348
3819
2475
-3096
-1416
5296
8161
4209
2253
14535
20962
10693
-8012
-8678
17083
32635
22327
-7818
-20335
-4322
14219
22530
12077
-2588
-15132
-19586
-5923
7860
10101
-5122
-23895
-23858
-12409
8
-3345
-14125
-15262
-12694
-10159
-13819
-14986
-8250
-2686
-2096
-9019
-13061
-7173
-468
5876
8030
5754
176
-5370
1369
11881
16850
13491
5250
2624
3011
5870
9607
11857
12267
4304
-3246
-1385
6122
10941
6230
1034
-151
535
824
-536
2116
6366
4466
-2685
-5446
1581
7661
4294
720
2467
5410
2567
-2284
902
6446
6345
-302
-4485
-1520
723
-333
-2810
-3954
-4731
-7119
-7698
-7035
-6369
-5805
-7900
-9351
-8291
-4507
-2795
-5488
-6766
-4360
-328
1305
568
-274
847
2106
4297
4281
11944
21199
15445
-966
-10946
7540
28916
30696
9350
-14284
-12562
2696
21304
24423
8973
-11514
-24427
-11490
8892
12253
-2215
-19809
-19609
-12479
-8040
-8866
-13729
-10784
-9520
-12728
-18161
-20471
-12529
-3932
397
-4523
-15532
-17083
-8236
4968
12283
7729
-1078
-8100
-2378
11302
17937
16325
8950
4862
4174
5221
10398
14991
16783
10771
107
-2201
3901
11775
12046
5962
836
-3377
-3587
-617
4377
7360
2918
-5532
-8021
-1775
4005
1836
-166
3584
3185
-2359
-5845
102
7688
6477
1277
-3504
-3757
-3194
-1954
3208
4435
-1372
-11020
-13168
-5674
-15
482
-4651
-9818
-9863
-6507
-3163
-3178
-1704
439
-2329
-6513
-6016
2017
8201
6758
-239
-2599
820
9808
20295
17917
4550
-11059
-2252
20021
30007
17214
-8339
-13125
-2956
14031
21934
11157
-4450
-19223
-14713
1756
9638
4197
-14802
-21252
-13957
-5394
-3912
-15407
-16480
-10100
-7211
-12238
-22305
-17700
-7032
-1571
-4186
-12751
-11975
-8096
-2390
5976
7285
5026
-3478
-4121
6800
14757
17398
9612
4446
5689
7536
11440
11317
12910
12106
5705
3002
4425
11335
11998
4038
615
2379
4871
-836
-5794
1299
8070
4345
-7753
-10696
-1161
4357
3343
363
-801
-2889
-5932
-1578
5223
6289
1104
-5280
-5415
-2517
378
2213
484
-3020
-8004
-8838
-4017
-296
165
-3639
-7212
-7450
-4794
-1661
-1434
-837
612
-918
-4586
-5111
1496
8861
8254
1454
-2946
646
5882
14296
20030
14065
-3302
-14145
2593
24999
29251
6445
-16899
-15670
351
18098
17367
3515
-12956
-21865
-11000
2652
7560
-2485
-16423
-16291
-11224
-6445
-11182
-14965
-7074
-2373
-7209
-21098
-23977
-10323
1634
3044
-8100
-16306
-12743
-4110
6052
8054
4636
-172
-3244
2094
8346
13595
14321
10106
6916
4343
5899
9317
13177
16811
12515
3724
-643
4788
12926
11201
5354
2812
2181
-1409
-5019
1770
10840
7942
-5957
-12690
-3793
4337
3094
-150
810
-1509
-8746
-8531
1923
9870
4099
-6975
-10414
-4704
1581
2648
549
-3419
-7420
-8556
-5093
-1149
-1062
-1497
-2116
-4865
-8306
-7203
822
7351
5161
-4718
-10681
-4647
7968
13600
7044
-2949
-5334
1135
7877
17227
20833
11777
-7431
-16257
3947
27233
29655
4306
-18680
-16016
250
17704
17601
4442
-12961
-23782
-13804
1134
8339
-468
-15850
-18209
-13097
-6366
-8703
-11873
-5153
-2161
-8787
-21552
-22285
-6445
5182
2663
-10921
-18207
-10614
-1725
4354
5141
4123
2020
-3468
-1817
5166
12909
15622
10630
6716
3210
2294
6525
13929
20610
13899
1332
-2660
4232
13336
12550
8172
5285
1259
-4062
-5652
3780
14000
8620
-6332
-13660
-4245
6444
6719
3183
-1825
-5499
-8510
-4793
3934
7352
2912
-6620
-10789
-7913
-1901
4736
5770
-1425
-12587
-15093
-5210
4132
5022
-933
-6383
-8537
-7385
-2323
3555
7072
3150
-6034
-9274
-2425
9007
12020
5980
-1399
-4237
801
4489
14230
21604
14125
-6373
-19906
223
25225
29151
5298
-18769
-16701
-2789
14392
16098
4792
-10160
-23015
-15475
-176
7812
-971
-17224
-16232
-8514
-4309
-10652
-15496
-4066
2840
-4651
-20603
-22956
-5335
5951
3089
-7386
-12138
-7085
-4669
353
6609
9392
4578
-7201
-5620
6184
15086
13883
6176
5407
5482
3250
3115
8160
18312
16561
3834
-3886
694
11906
12225
6927
4151
1377
-2194
-4136
3730
11606
5931
-6542
-9706
515
6408
1529
-1102
1405
1039
-4342
-6608
-1201
4231
4344
-111
-7144
-10077
-7171
1464
7507
1173
-10616
-15623
-7255
2392
3539
183
-5609
-8409
-7071
-1623
4839
5570
1649
-5506
-6961
1314
9645
11343
4415
-2826
-1337
3594
8177
4297
7827
19117
14078
-5486
-22321
-2990
25876
30250
5869
-24485
-22782
-4644
14771
19252
5956
-11831
-28873
-21719
749
12290
4690
-15271
-19727
-13329
-7014
-4832
-7621
-2383
-1780
-8968
-15246
-14578
-4433
757
1590
101
-6286
-9208
-7438
2656
12599
10078
176
-8965
-3517
9763
14595
12109
5786
3192
2548
1421
5203
11308
17592
12995
-935
-5036
3832
14496
11639
2471
700
553
-1082
-2748
2230
8792
4192
-6336
-9373
946
6596
183
-2292
3559
3694
-6526
-9269
1508
9750
3931
-6346
-9243
-4007
1448
2145
-39
-3639
-7714
-8468
-2634
2826
600
-3600
-4372
-4942
-4324
-378
5480
5164
-1753
-6957
-4304
5415
10983
6420
-155
-1309
1272
2970
3163
5684
3528
8179
13092
4676
-10276
-16424
5700
22455
18174
-4403
-23650
-17540
-3632
14521
17927
3851
-17542
-32593
-14840
12232
18163
-184
-21031
-17574
-7317
-540
-1052
-4290
255
-1713
-8404
-13541
-9701
1400
3823
1598
-1838
-5618
-5363
-4237
1578
8300
8743
1919
-8824
-5729
8377
15604
11419
1354
-1166
1058
2526
7216
12569
15862
7001
-7300
-6269
8122
17775
8186
-4820
-3822
1343
1300
-2740
147
7135
3730
-6943
-10692
44
8160
3558
-1656
-1378
-1873
-5170
-911
6805
5420
-3680
-7019
-962
3521
1085
-3119
-2432
-221
-2156
-4070
-1206
1973
424
-2621
-3051
-3033
-1319
2330
4052
1469
-2541
-3411
-971
4091
7845
6247
794
-4449
-4698
2857
8835
6691
-4709
-4159
8784
9833
-4159
-18442
-3588
16723
17580
-2532
-22495
-15476
-1311
11117
12166
1764
-12476
-25755
-13674
9859
17411
2440
-19836
-18738
-5280
5350
4340
-4825
-4601
-3631
-4255
-6552
-6825
-525
2826
3164
-396
-6258
-5293
-2040
3281
7964
6363
345
-8065
-4223
8231
13768
8996
-1937
-3919
2834
8516
9672
6500
6387
4055
-929
935
6265
8030
1748
-2455
294
323
-2642
-3803
1321
5898
50
-7508
-6258
3251
5196
-2620
-2804
3358
3131
-4737
-3443
7088
8117
-1332
-6224
1071
7054
1732
-3927
-285
4687
-46
-6610
-2221
5079
3472
-3926
-6281
-2245
1921
3040
523
-1980
-2048
-1889
-1166
2986
7076
4667
-4278
-7030
-819
7299
7649
-1715
-7685
-6086
6522
11725
2246
-11274
-14779
1585
13255
11161
-4879
-17368
-13204
-3165
11138
13466
1015
-16448
-22626
-4020
11901
9855
-5184
-15202
-7196
575
2329
-3845
-6550
460
2530
-221
-5997
-7816
-3207
792
5356
3232
-3434
-6829
-6719
2944
10473
8005
-2894
-9863
-280
8778
7985
2232
1654
7800
6583
458
-455
7086
13492
6007
-3115
-2288
3751
4760
-598
-797
2328
481
-5337
-7603
37
6829
2906
-5174
-7570
-1252
2038
958
2155
2754
789
-2033
1076
4333
1475
691
4569
7597
2531
-5033
-3212
3584
6555
1918
-1697
-355
-1435
-3168
-1766
2811
2951
-2097
-4701
-3699
-339
1046
-110
313
1053
-682
-5344
-4856
2550
7480
3186
-5766
-11085
-6375
462
7117
11506
3748
-10366
-21858
-6729
17065
22661
4169
-21051
-20300
-5545
12368
18542
8134
-7181
-21491
-14587
4514
15463
11063
-6627
-13314
-9708
-1714
3678
1315
3994
3437
-2341
-10195
-14010
-4153
5984
9085
2062
-9439
-11127
-7033
1514
7940
5597
-1451
-9327
-5769
4467
9074
7993
4132
4417
3905
-595
-558
6041
14243
10086
-3545
-7565
-341
7448
4693
-1585
-797
718
-2329
-6737
-3017
6279
5972
-3580
-9571
-4683
3695
5091
3653
1889
22
-1033
30
4694
7012
5965
4238
1769
-990
-1430
3550
8071
4992
-1433
-3283
441
1922
-1134
-1533
1141
613
-4143
-5818
-1380
1851
-338
-3613
-4458
-3403
-2331
-369
1732
198
-5185
-8159
-4406
1633
539
-5743
-9061
-6076
7699
13497
1357
-19239
-19203
8842
25483
15452
-12335
-21580
-7459
7200
17046
13391
4252
-11637
-21084
-5032
15911
21283
1833
-15505
-9428
2240
8040
227
-2760
3018
1034
-6794
-13839
-7442
3827
5700
2101
-5652
-11335
-11723
-6898
5239
9896
3599
-7419
-11397
110
9106
9127
4748
3002
5032
117
-3429
1081
10117
13701
2656
-7501
-6973
947
6453
3750
1961
-482
-6390
-9373
-3635
8279
9380
-2201
-10375
-6426
3494
5932
4358
5354
3853
-1384
-3687
3742
11915
8386
657
-419
3781
3986
336
2025
5813
5394
326
-3190
-1661
-782
-595
762
1581
-1229
-6889
-7944
-3420
1514
2227
-2407
-7876
-8695
-2843
2720
216
-5740
-7581
-2908
-226
-1911
-5848
-6355
-4074
770
12365
11300
-4835
-22671
-11383
19884
29426
9610
-19866
-20271
-1560
14256
19580
10109
-1770
-16095
-15448
4970
19954
16823
-4282
-14504
-7297
1036
4739
-132
684
1163
-5832
-11212
-11604
-2891
2197
-763
-3041
-6669
-8206
-9051
-5177
5638
8401
2248
-8255
-8300
4426
10809
8669
2070
1483
4424
-277
-2892
1987
12309
11972
-3204
-10492
-3414
7004
4595
-3644
-1113
2763
-1784
-9459
-4584
9584
9552
-4248
-11292
-664
10723
6889
-951
-729
5377
6014
1844
2489
7323
7726
2149
-441
2772
5876
4322
1774
1484
1526
632
-913
-1078
-1393
-2540
-3293
-3523
-2426
-2611
-3320
-4009
-5150
-5052
-4825
-4249
-3517
-2058
-1400
-3595
-5805
-4987
-927
1195
848
-2486
-4334
-5429
1737
15873
14248
-4085
-22802
-8173
21132
28424
7095
-20245
-17483
-1212
14142
19882
12571
-1139
-21025
-18042
6756
23415
15328
-10784
-16886
-5941
2623
911
-5958
725
3490
-5572
-15879
-16601
-2890
4923
3827
-1164
-9365
-11953
-11779
-1553
12314
12810
770
-14310
-9001
8198
14646
8976
417
2167
3637
-1549
-1677
5653
14666
7629
-7493
-9233
66
7367
2501
-909
2928
1262
-7047
-11549
-294
13827
10324
-4211
-12040
-4538
3771
5952
8915
9073
2241
-6775
-4201
7219
12754
8762
2254
-458
-1304
-1481
2518
8339
7939
-363
-6738
-4966
-1191
-806
-477
1158
-781
-7134
-11455
-7657
-346
1604
-3515
-7475
-6071
-3632
-3693
-2817
1320
3258
742
-3820
-5582
-996
2972
3969
33
4075
13652
7732
-8052
-17933
2950
25877
22792
-1689
-23120
-13394
3665
17058
18641
7442
-8324
-24616
-13641
12147
22640
7993
-17256
-18258
-5931
2321
580
-4152
1099
-2045
-12203
-16220
-9270
3177
2961
-1441
-5241
-9875
-9208
-5912
4400
10902
5473
-4470
-10750
-821
11055
11535
5724
1069
4589
3989
-1429
-462
7576
15130
5784
-8198
-7289
3246
8786
2047
-437
2303
-2345
-9582
-7924
7126
14348
1735
-13250
-12930
2737
11323
7947
2971
-1228
-2969
-1722
6407
10993
6025
635
75
2335
1239
591
4845
8618
5007
-5121
-8670
-1331
5371
3115
-3893
-6768
-6150
-5056
-4316
-4110
-2961
-2316
-3837
-6241
-5834
-1060
2332
2172
-983
-3325
-1214
1382
1243
993
1927
2475
-1444
3340
14705
12077
-4614
-17652
-660
20111
20174
203
-18024
-11508
527
12299
14678
6145
-9339
-24751
-12742
11545
19462
2237
-20360
-16498
-1870
5369
-437
-8114
-3496
-2826
-7027
-10340
-7873
-391
-913
-1886
-2791
-4742
-3939
-5017
-908
4002
5819
3350
-4482
-3065
3947
9412
9663
4255
3217
1638
593
2599
6884
12384
6245
-3881
-5736
1246
7699
3130
-1198
-1992
-3212
-4342
-3430
3246
4902
-1733
-7720
-5383
3503
5930
3307
2260
1694
54
-4
4775
7721
4776
2780
3196
1799
-1320
-528
6355
8736
1831
-6171
-5305
1569
1431
-3350
-3798
-1281
-3425
-9208
-7540
60
3048
-1815
-7796
-5662
-99
1997
719
-95
1072
-284
-1393
1114
2483
2977
1713
1587
1011
865
9937
12003
2144
-14188
-12515
11620
23140
11426
-15373
-22013
-6901
7739
16098
8646
-5214
-22109
-22580
2495
20239
14051
-12258
-23747
-9203
5066
7268
-4456
-7843
-3123
-3893
-5977
-8119
-2390
1817
21
-1364
-5416
-5228
-4394
-2289
4463
6695
4025
-5156
-7555
2723
11289
12412
4228
-739
1430
2711
4066
5409
10096
8788
-2765
-7900
-1426
8642
6910
-2816
-5419
-3405
-1559
-2850
-652
4791
2083
-5609
-7716
1160
7580
3144
-78
3101
6506
2291
-1537
2281
7749
8680
3881
75
-1761
-1296
2594
6977
5996
-2623
-7749
-3717
1014
-886
-4368
-2389
11
-2993
-7363
-6593
-1056
2282
144
-3602
-4344
-1966
352
1601
1608
1185
931
225
214
108
2026
3392
1653
-247
-1430
6161
9853
1750
-11439
-13183
7051
17516
9205
-11081
-19574
-7926
3200
13705
10185
-2412
-16384
-18963
2398
16543
11690
-7122
-16883
-5736
2131
3828
-1750
-3468
1118
-2489
-5670
-7658
-3851
573
-2532
-1099
-940
-2620
-7364
-10440
847
10625
9140
-3581
-10794
198
9642
9539
3570
1866
5099
914
-1467
3155
9791
7867
-4643
-6383
1927
6132
-638
-7635
-770
4275
-1271
-8528
-4814
5851
4257
-3884
-4339
3887
6487
-1497
-1765
8417
12594
2806
-5168
2127
10296
7067
154
-104
3541
2559
-277
456
3191
3539
-333
-3637
-3700
-1633
863
690
-2854
-6276
-4990
-1333
-449
-1516
-1348
-1614
-3691
-3838
-559
3334
2742
-1837
-3635
-539
3109
3566
1030
589
-1011
-2697
-2319
-1194
7089
9122
1882
-12713
-16191
2681
15341
12825
-6833
-17503
-10328
-196
11815
11007
4256
-8820
-16968
-4107
9461
14104
1477
-9626
-5186
-1580
138
-4177
-490
6635
349
-9520
-15324
-6430
3887
3259
485
-5022
-7487
-8518
-5557
6030
9712
4817
-4135
-5786
2204
4370
5133
5712
7284
5276
-5025
-7516
-334
10539
11703
-457
-7844
-7922
-2345
1038
1512
3849
490
-4861
-7985
-3346
5461
6804
4091
-208
-1172
-128
1961
7919
10826
7670
-704
-2588
3970
6840
3425
2270
7885
7409
-1908
-6138
2057
10749
6107
-4324
-6901
-1593
310
-2490
-1033
1476
-2965
-10215
-8040
2170
5267
-2888
-11257
-7682
3506
6351
-1301
-6741
-2289
4178
3914
-22
-2937
139
2646
1035
-3090
-3559
-21
-1040
4359
6989
612
-14431
-17265
4755
18779
12763
-12445
-23338
-8954
8768
19075
9163
-3364
-13257
-12882
4535
14262
10761
-5755
-13492
-3603
3698
6833
-635
-5211
-3672
-4773
-1434
-1302
-1247
-4731
-7748
1130
4250
-887
-9086
-7692
6906
11325
4158
-8404
-9818
3568
9915
7865
303
-3018
-1948
-3606
1020
5670
6036
-570
-9622
-5427
3161
6281
-547
-6471
122
4097
1143
-3919
-1177
7139
6949
1776
-2906
-260
4844
5858
6817
6879
3854
-2233
-1409
7114
11149
6914
2279
1144
-405
-926
3048
8534
6496
-2749
-9243
-6369
820
2377
-225
-2401
-5776
-10033
-8911
-339
5138
804
-6487
-8612
-3796
1631
3342
2861
2041
314
-2781
-2331
3591
6919
4225
-1281
-5227
-3655
-1589
360
-2883
-625
8601
4542
-11467
-24214
-6112
18332
18883
-1368
-21465
-14964
-2674
7761
13483
10765
67
-20559
-18161
5303
21230
13618
-8630
-10699
-2001
2131
-1456
-4481
7219
9383
-2800
-15433
-13073
3714
8496
5406
-435
-6455
-8403
-8302
3165
13765
11026
-2905
-15246
-7035
6673
9952
4638
-1034
-781
-4383
-6975
-862
8641
12244
-106
-12043
-8557
2993
7991
1059
-1355
1490
-40
-3770
-2832
6454
9791
2710
-3623
-2297
4705
4874
2545
5082
6835
3555
-2162
1637
8046
6787
2296
536
2401
212
-2335
403
3953
2685
-5344
-9489
-4559
1955
2725
-3648
-8527
-8521
-3128
3436
3616
-663
-4304
-2861
661
3526
5925
5373
2306
-909
-635
3381
6005
3905
589
-1042
-45
-2626
-4695
-1491
455
-1778
-10806
-5250
4965
2581
-12366
-20774
-248
13359
7309
-12305
-17883
-4031
1016
5737
7476
7518
-3427
-17818
-5360
13740
19203
2257
-13365
-3880
5856
6705
-3056
-3728
7680
5515
-4025
-11072
-4149
5893
2201
-1008
-1571
887
-1364
-8309
-925
8533
7958
-5170
-13016
-600
7130
3208
-3314
-336
6944
-1074
-9347
-5254
8215
11992
-3012
-10122
-3417
5600
4249
-1813
2759
5169
-625
-7671
-3749
9061
9656
1226
-3466
766
4007
-1469
713
9049
10322
-381
-8741
-839
6771
5415
-212
916
3878
-2489
-8070
-4085
6385
7421
-2458
-7632
-3999
1652
1310
58
2309
3739
2741
-786
-924
3056
6521
6001
1882
900
2493
3533
2559
1557
2167
1299
-1583
-3739
-1606
300
-4774
-9193
-7631
-2266
-5506
-12357
-12620
-5413
7524
2577
-12741
-23926
-10460
12080
12371
1146
-12258
-10428
-5635
1386
15238
16126
4273
-15759
-13968
9798
20305
12277
-4509
-4016
3899
1861
-863
-2466
7406
9829
-1262
-9161
-8173
3821
4914
-290
-38
629
508
-7185
-7518
2782
8364
3760
-9225
-8640
1177
3124
297
-916
4989
2729
-8219
-9398
975
13346
7925
-6693
-9498
-2173
5081
1657
-681
2102
873
-3130
-6458
-599
6989
6604
949
-5066
-3094
497
3013
5680
3097
-832
-3498
517
3500
1883
3622
4985
3203
-3374
-4182
3304
9041
8559
1751
-1313
35
2977
7109
8736
6261
-964
-2532
3868
8594
5926
-751
-1759
1421
2777
449
-1843
-366
-633
-4369
-6837
-4971
-2419
-4856
-7860
-7836
-6332
-6514
-7354
-8182
-6930
-7008
-7230
-8888
-4411
8192
6233
-8744
-23212
-7847
16049
17693
695
-17611
-11033
-25
10233
16971
13509
1984
-16349
-9353
13986
23274
10511
-9324
-6373
3220
5490
2719
1291
8289
3849
-6007
-6729
-1
5531
-511
-706
4242
1195
-6040
-11462
-2851
7604
6592
-2020
-11062
-6744
-361
1897
3876
2474
309
-6605
-7682
-328
5090
5663
-2661
-5985
-3366
-2861
-3391
-2247
5096
4063
-5920
-9637
-3310
6330
4790
-1386
-2284
-128
755
-2499
1685
10012
9566
484
-5306
2338
8347
6586
4945
7626
8661
1309
-1816
5534
14177
12562
1833
-1605
4016
8268
5453
1587
3378
2712
-1363
-3477
-662
3382
1172
-4323
-7235
-4433
-1632
-4462
-7366
-6704
-3846
-3933
-7231
-8800
-6287
-1653
-2580
-7572
-8153
-3348
-631
-2758
-6293
-6310
-5571
-4176
-5462
-445
7742
764
-14625
-20368
2523
19940
13251
-6805
-17341
-5253
5900
15610
15695
7592
-4104
-12961
1215
17103
18345
5101
-6501
-1347
2809
6016
5454
5252
8128
1982
-3186
-5008
-1274
3774
2728
4446
674
-6769
-10953
-8003
5129
9567
1945
-11291
-16003
-4508
4008
5133
769
-3344
-5872
-12053
-9394
126
7273
2486
-11174
-12593
-5251
614
-584
-1733
3220
1048
-5343
-6592
2125
11541
8698
1996
-1327
834
3751
4882
9644
11268
7016
335
-721
6392
10449
11110
8682
6880
3653
-379
3425
10289
13714
7167
-2054
-4600
-1455
4852
7172
4128
-4165
-11152
-7976
356
4590
-469
-7199
-8241
-6674
-4819
-3345
-1891
-2002
-3944
-4979
-5013
-4994
-4769
-2010
1838
614
-6640
-11859
-9332
-1952
2285
-492
-7410
-13018
-11950
-6510
-2262
-3055
88
2649
-4944
-17024
-14126
9602
20675
9406
-9258
-9950
2245
6845
12391
17001
16591
791
-12310
1334
19161
21482
6188
-664
5408
3664
187
1302
13324
16972
1313
-11498
-10892
1795
7490
4242
2146
-4729
-12009
-15024
-6741
6555
5539
-6229
-18271
-16424
-5425
-1211
-835
-3677
-6638
-11593
-15134
-7827
1323
5708
310
-7275
-6466
-2590
2867
6105
7339
5187
-1529
-2197
3073
9794
11231
6670
4850
3654
2809
1597
4786
12576
12826
5583
-2288
-63
7720
11228
10330
5790
2330
-256
847
5284
7139
4842
-894
-2713
-75
2141
2403
406
-652
-2562
-3301
-795
1348
1014
-3329
-5426
-3571
-1918
-2476
-4285
-3463
-3760
-6377
-6710
-5252
-4340
-5887
-7346
-7256
-8104
-7434
-6396
-5737
-6391
-9158
-9475
-7648
-5038
-6551
-8214
-4776
-2050
-4401
-4821
4356
9393
-155
-11180
-1901
17268
20548
6105
-5091
1244
9491
13370
16631
18811
10766
-5583
-5059
12317
24290
15364
-1954
-4399
3500
8435
4712
1342
4611
2479
-5258
-9725
-5285
542
-2673
-7698
-9421
-7904
-8849
-13724
-11978
-3826
-13
-8139
-17981
-14678
-4381
1451
165
-3015
-4877
-8184
-8085
3
10100
10452
-43
-6087
-1817
5082
8309
8036
5919
1871
749
4074
6581
6075
5781
7480
6045
242
-2604
3122
10846
10418
3905
14
1746
3799
6274
10203
11544
7034
428
981
6378
10262
8052
3490
1435
238
-133
136
1880
1153
-3011
-5772
-5788
-4962
-5286
-4936
-3482
-4849
-9488
-12489
-8729
-2644
-3932
-10577
-12442
-7238
-4269
-7895
-10515
-7547
-3898
-5974
-10278
-8788
-2794
-993
-5588
-7766
-2975
1631
769
-3488
-2994
1519
2888
1239
-287
4297
4381
4832
10074
11590
5814
-4515
3490
15324
18788
11574
-141
-1055
925
11413
18237
13945
2497
-8970
-835
11401
13474
5501
-4000
-2674
-2296
-542
1559
491
-305
-7719
-10441
-8693
-5649
-2914
-5901
-5837
-8712
-10491
-7556
-6062
-4121
-5270
-3280
-2871
-7638
-8846
-5375
4093
6795
-691
-7329
-7127
1003
4896
4168
2834
-362
-1963
-3186
1707
8497
8325
2908
-2700
351
4614
6244
8609
9131
8099
3538
3124
7696
10157
10810
7909
7180
4645
1020
3799
8345
11020
4380
-1677
-2336
-934
3374
4185
3715
-1546
-7349
-7271
-3705
1584
-459
-5484
-7880
-7559
-4147
-3971
-4990
-6850
-6619
-4039
-5910
-8296
-8391
-4653
-2584
-5660
-7829
-8382
-7384
-6443
-3840
-298
-2127
-6596
-7045
-1437
2836
532
-1941
-844
1499
1585
758
2695
2904
888
1351
4673
6595
355
-3893
-1350
5192
11616
8221
1401
-6235
-2933
7479
12449
13353
4152
-3565
-7228
1538
18163
19010
4891
-12888
-8132
9538
13580
5328
-3995
-566
1494
-1425
-238
1438
2419
-4282
-6337
-1097
-723
-5672
-10952
-4051
1805
-3640
-10935
-12151
-4797
-2573
-5326
-7160
-7365
-5649
-7068
-4896
-607
391
-1531
-4704
-2337
1020
3543
4326
2873
3435
3452
4748
6407
6942
7093
6100
6885
6337
5202
6356
7624
8725
6414
3632
3228
5006
6867
3844
1830
2172
3029
3192
1710
1469
346
786
1028
-643
-1505
-1978
-639
-825
-1542
-1662
-2684
-4462
-7103
-4552
312
-758
-7275
-10998
-5963
-556
-687
-4959
-9273
-9085
-6273
-2279
-894
-3925
-8470
-10136
-5016
492
488
-3966
-7846
-6791
-2697
1405
1067
-3523
-5848
-2493
4187
5811
1036
-3000
-368
6351
7657
4175
1283
3122
5438
4492
3741
4668
6639
4036
2247
5362
8826
5355
-2200
-24
7770
9474
1180
-4816
-953
4013
4985
2795
1725
-286
-3348
-1880
3096
5979
2323
-2859
-3399
-792
2159
2644
1095
-2116
-5375
-5123
-2431
-425
-1974
-5420
-7060
-7259
-6531
-5591
-4394
-3633
-5563
-8012
-8588
-5019
326
2456
608
-3458
-3801
292
4858
5660
2773
1791
3133
4856
4947
4667
6288
7259
5637
2059
1526
4914
7104
6084
3346
1833
929
937
2408
3323
3067
1663
1053
509
-300
888
3510
5177
2585
-998
-1264
631
2955
3288
2002
-1394
-4718
-3823
-1385
-411
-3018
-6356
-7762
-8053
-5882
-4206
-4900
-8111
-10776
-8757
-5874
-4612
-5431
-5828
-4678
-5403
-5465
-3197
329
1519
-280
282
1888
2951
3617
5309
7636
6318
4101
4023
6496
8381
6918
5308
3658
1698
-328
-811
1240
1720
-977
-5445
-7247
-4406
-1761
-2707
-5783
-6574
-4751
-4318
-4963
-4475
-1455
1912
1294
-1205
-1979
1558
5637
6362
6012
4848
4916
5608
6934
8464
8557
9147
7768
5472
4845
6157
7240
3778
299
-291
510
481
-1714
-2833
-4360
-5657
-5504
-5238
-5282
-7975
-9648
-8469
-5998
-4623
-5972
-5821
-4838
-3964
-3047
-2295
-1180
-1047
335
1879
1611
795
1431
4690
6151
3778
142
-532
2661
5047
3886
51
-2298
-777
2109
2998
1215
-321
-123
859
1779
1764
1178
855
1031
1192
729
584
284
-256
-17
999
2256
1478
-453
-1686
-803
1793
2624
1897
645
796
1504
653
458
1867
3914
2286
-1785
-1371
3063
5211
113
-5288
-3414
1091
807
-4828
-6673
-3251
-1833
-4758
-7440
-4676
-2069
-4507
-7941
-6345
-853
-69
-3981
-5407
-2022
1240
228
-1313
-655
-119
-857
-1444
703
2750
1259
-1444
-2020
447
1030
-59
430
1725
883
-2639
-2130
2501
5228
2069
-1931
-817
2262
3279
2413
3148
3395
2558
2357
4488
6575
6289
7149
7124
5720
2948
3824
8042
9225
8253
3328
-657
-1091
3720
8559
4073
-2492
-6620
-4971
-1992
-327
768
-4325
-9196
-10364
-5475
-1051
-4083
-8007
-10148
-7022
-5137
-6032
-5189
-4431
-3411
-5570
-5293
-2507
-2659
-3318
-3174
332
-64
-4011
-4022
-804
3231
1670
-957
-1417
-714
2321
4165
5793
3843
700
1641
4975
8650
7512
5445
5248
5915
7257
7007
7803
8298
7489
6066
4486
4869
4967
4641
4072
2158
-226
-1655
-468
205
-2529
-4768
-3429
-1094
-2707
-6785
-6890
-4221
-3888
-6882
-7952
-3941
-1351
-3885
-8209
-7663
-2327
276
-1612
-5050
-4959
-2015
-466
-693
-1856
-1316
-1007
-2465
-3482
-2304
928
854
-2852
-5613
-4154
-28
997
-733
-2338
-1981
-852
-1006
-421
1293
2893
2523
779
986
3026
5112
5566
4905
4780
4275
3797
4588
6925
8773
7138
4232
2860
4404
7106
7179
4569
1003
494
1960
2185
560
-1528
-1541
-1887
-3172
-4990
-5217
-3928
-3552
-3887
-5276
-6095
-6312
-4685
-3057
-3853
-5003
-4606
-2609
-2979
-4002
-2986
-522
732
-797
-1473
-706
995
1721
2424
4370
4696
3125
1739
4069
6739
5985
3713
3152
4841
4781
3291
2188
2568
2955
1742
1120
1581
2096
443
-1888
-1672
240
1500
165
-2250
-3278
-2289
97
331
-2164
-4217
-3078
147
62
-2593
-4377
-3189
-1245
-1727
-1966
-1634
-1225
-3116
-5266
-3546
189
2464
-634
-4406
-4098
-542
1801
-53
-1294
-670
175
-836
-1828
120
1540
371
-2311
-2314
60
421
-1167
-2278
-634
1356
1195
-226
-1362
-445
1852
3704
3493
1286
389
2561
5661
6498
4289
2040
1548
2790
5313
6741
5443
1521
-1150
814
4585
5798
2501
-1236
-1518
-106
599
-498
-1164
-1534
-3511
-5526
-6046
-4553
-4201
-5909
-6935
-6983
-6848
-7576
-7463
-5943
-5131
-5581
-6859
-6982
-5144
-2549
-932
-841
-1107
-954
-359
1030
3213
4843
5277
4119
2957
3377
5312
7520
7616
6540
5191
4807
5735
6664
7464
7283
6959
5934
4378
4440
6406
8134
6383
3478
3412
5640
6181
3920
2717
3872
4393
2424
542
215
-39
-424
-50
-36
-2449
-5198
-5841
-4996
-4513
-5412
-6675
-8051
-9174
-9904
-9639
-7869
-7504
-9420
-11486
-11031
-8365
-6773
-6967
-8380
-8064
-5524
-4213
-4682
-5306
-3803
-2185
-1825
-1160
-652
-96
-294
494
3275
5138
4354
1649
2133
5513
7067
6181
4974
5920
6413
5389
5277
6874
8794
7455
4925
5105
6977
7516
5776
5762
7467
6653
3242
1461
4652
7542
4708
-87
-521
2935
2742
-1449
-2815
-601
-362
-4745
-7398
-4921
-2865
-5317
-9090
-8051
-4818
-5689
-9268
-9329
-4642
-2639
-5856
-8266
-5876
-2392
-3056
-4956
-3589
-454
-236
-3039
-3708
-955
1473
1096
51
544
1074
172
-148
2117
4779
4094
554
-640
2642
6895
7434
4615
2894
3776
5744
6446
6308
6179
5513
4463
3494
3824
4649
5100
4783
3546
2226
1273
1648
2320
2189
1262
235
-437
-1581
-2279
-1788
-450
-164
-1904
-3774
-4089
-2781
-2213
-2811
-3032
-2862
-3645
-5540
-5341
-2412
-337
-2082
-5809
-7009
-4977
-2306
-1387
-2042
-3300
-4363
-4254
-2670
-755
-434
-1427
-2652
-3125
-2579
-903
1094
871
-868
-1585
-33
1488
1370
2141
3817
4004
1312
-262
2898
6727
6566
2776
811
2163
3322
3144
2411
2305
1557
-140
-939
-568
442
522
-548
-1901
-2807
-2167
-1170
-1202
-1844
-1637
-522
-1023
-2399
-1763
516
1383
-192
-764
416
653
-290
56
2406
2655
-301
-1897
355
2903
1371
-1486
-1283
711
830
-1115
-1532
-82
294
-1189
-2066
-434
1110
361
-827
-49
1549
1081
-37
1238
3881
4082
1401
351
3066
6036
5322
2489
2006
4047
5206
4132
2960
2853
2411
1322
1089
1814
1244
-1259
-3035
-2498
-1513
-2073
-3205
-3616
-4175
-5277
-5401
-3784
-2574
-3513
-5286
-5556
-4125
-3144
-3308
-3386
-2792
-2818
-3696
-2956
-536
284
-1917
-3366
-1046
1770
1331
-964
-969
1312
2580
2110
1487
1633
1855
2158
2829
2960
2271
1828
2624
3585
3108
1580
729
1550
2921
3366
2618
1465
778
887
1683
2435
2528
1654
184
-943
-818
570
1546
766
-1365
-2893
-2574
-1372
-689
-1054
-1846
-2736
-3639
-3569
-2167
-749
-1306
-3470
-4503
-3504
-2287
-2439
-2809
-2049
-1669
-3006
-4474
-3487
-848
86
-1053
-1945
-1384
-706
-712
112
1955
2944
1730
153
1037
3655
5257
4517
3166
2917
3197
3737
4841
5998
5139
2176
999
3573
6584
5489
1624
344
2404
3921
2562
872
1045
1313
537
126
1108
1249
-940
-2546
-1263
905
201
-2664
-3741
-2363
-1003
-1583
-2874
-3687
-4445
-4544
-3108
-1053
-1571
-4977
-6819
-4437
-773
-634
-3151
-3884
-2455
-1861
-2664
-1599
1206
1148
-2443
-3975
73
4201
2471
-1645
-1234
2783
3364
229
-8
3779
5052
1173
-1156
2169
5388
3130
-452
791
3870
2571
-1103
-537
3656
4331
41
-2679
-291
2667
1943
48
620
1948
890
-1147
-772
1429
1964
229
-1209
-1170
-1042
-1537
-1413
-478
-548
-2428
-4282
-4119
-2719
-2041
-2329
-2528
-2560
-3332
-4321
-3804
-1781
-542
-1522
-2978
-2775
-1584
-1251
-1389
-241
1327
617
-1923
-2350
849
3806
2949
227
-416
1032
1972
2165
3076
3771
2171
-191
463
3766
5033
2624
537
1832
3969
3564
1867
1908
3392
3917
3140
2525
2409
2117
1856
2258
2965
2825
1445
-298
-796
780
2586
1720
-1592
-3348
-1470
814
129
-1992
-2342
-1496
-1736
-2251
-1228
-146
-1504
-3550
-2719
-181
-100
-2517
-3186
-1125
-287
-2319
-3789
-2235
-413
-1383
-3451
-3615
-2268
-1829
-2487
-2683
-2455
-2764
-3254
-2667
-1441
-1405
-2574
-3156
-2081
-542
-21
-324
-670
-554
2
903
1825
2210
2257
2324
2443
2379
2473
3463
4689
4742
3562
2893
3655
4352
3931
3506
4268
4975
3697
1355
688
2558
4441
3532
342
-1871
-938
1328
1741
-81
-1807
-2065
-1818
-1701
-1284
-994
-2048
-3717
-3758
-2459
-2479
-4321
-5097
-3546
-2432
-3690
-5369
-5013
-3561
-3020
-3094
-2791
-2384
-2533
-2377
-1153
-96
-292
-972
-571
758
1710
1727
912
162
564
2362
3901
3139
1057
445
2291
4286
4040
2394
1520
2166
3092
3276
2991
2526
1941
1356
1454
2348
2849
2043
526
160
1394
2397
1665
269
587
2259
2492
492
-767
1167
3790
3264
264
-969
909
2520
1518
-234
-311
351
-402
-2037
-2534
-1897
-2042
-3456
-4522
-4397
-4290
-5153
-5894
-5177
-3965
-4271
-5898
-6370
-4526
-2411
-2276
-3493
-3839
-2811
-1678
-983
-291
248
-2
-522
-18
1523
2680
2528
1726
1482
2199
3238
3695
3317
2682
2387
2419
2616
3078
3444
2829
1292
479
1501
2984
2846
1259
263
785
1704
1844
1335
949
1148
1772
1984
1029
-248
63
1913
2540
387
-2068
-1811
6
94
-1671
-2656
-2319
-2588
-3611
-3456
-2164
-2229
-4067
-4829
-3145
-1466
-2040
-3299
-2661
-865
-603
-1992
-2278
-265
1667
1230
-314
-414
720
1147
1047
2112
3461
2297
-798
-1491
1844
4999
3816
58
-1548
130
2149
2516
2108
1850
1157
-23
-15
1892
3634
3094
1223
501
1222
1846
2013
2632
3187
2024
-192
-563
1649
3304
1939
-500
-919
258
365
-868
-1325
-653
-823
-2488
-3658
-3004
-1994
-2478
-4033
-4879
-4428
-3698
-3672
-4198
-4358
-3913
-3605
-3774
-3638
-2511
-1392
-1509
-2166
-1803
-506
265
393
913
1610
1358
580
1033
2682
3728
3393
2532
1895
1590
2178
3806
4838
3580
1114
347
1941
3489
3126
1767
1087
1030
702
493
1142
1846
1256
-145
-579
58
352
62
288
855
118
-1702
-2129
-244
1423
516
-1642
-2351
-1394
-698
-940
-1010
-668
-975
-2053
-2500
-1717
-928
-962
-1213
-1236
-1479
-1878
-1514
-646
-583
-1252
-1081
150
477
-774
-1643
-527
1359
1754
622
-281
198
1338
1776
1508
1376
1630
1642
1296
1406
2011
2138
1258
391
660
1559
1716
658
-537
-691
-33
356
-10
-551
-797
-1025
-1327
-1244
-553
-9
-388
-1370
-1785
-908
369
589
-283
-715
-126
67
-744
-689
1272
2413
126
-3051
-2556
953
2400
147
-2030
-1539
-577
-1176
-1470
178
1383
-258
-2436
-1547
1208
1690
-220
-642
1406
2360
440
-1145
320
2610
2494
753
38
368
188
-98
926
2260
1443
-1302
-2769
-1173
1468
2028
26
-2288
-2728
-1255
366
660
-276
-1197
-1238
-670
-179
56
440
936
780
-219
-740
418
2022
1737
-251
-1130
172
1192
38
-1431
-880
352
-447
-2444
-2424
-412
181
-1689
-2915
-1464
211
-472
-1858
-1161
706
894
-382
-393
1298
2219
1237
325
1170
2727
3089
2148
1371
1515
2184
2755
2921
2603
1931
1459
1523
1862
2054
1964
1596
826
-1
-102
584
977
215
-1047
-1601
-1380
-1220
-1410
-1544
-1571
-2046
-3056
-3661
-3035
-1797
-1522
-2691
-3897
-3710
-2631
-2146
-2554
-2774
-2231
-1803
-2229
-2839
-2530
-1491
-920
-1235
-1714
-1697
-1362
-1054
-677
-221
-34
-225
-244
290
905
1162
1355
1852
2279
2231
2192
2740
3580
4008
3910
3701
3657
3864
4309
4785
4838
4319
3755
3655
3900
3906
3457
3018
2891
2702
1912
843
458
864
942
-141
-1632
-2176
-1751
-1581
-2394
-3486
-3830
-3428
-3248
-3899
-4605
-4329
-3479
-3472
-4421
-4654
-3422
-2357
-2878
-3695
-3068
-1959
-2120
-2662
-1640
-129
-758
-2753
-2635
-4
1578
271
-1471
-1271
-54
623
1110
1798
1604
319
-88
1570
3439
3430
2446
2425
3085
3021
2678
3557
5038
4891
3121
2212
3183
4201
3799
3024
3022
2781
1354
236
1096
2550
1932
-592
-2226
-1740
-803
-823
-1299
-1765
-2805
-4146
-4164
-2570
-1540
-2621
-4267
-4327
-3263
-2842
-3042
-2709
-2169
-2597
-3412
-2918
-1344
-778
-1790
-2533
-1718
-460
-357
-1037
-1202
-642
-74
48
-34
-55
101
443
798
1024
1140
1168
1101
1274
2054
2918
2773
1685
1383
2825
4403
4077
2356
1656
2822
4144
4025
2873
2114
2223
2532
2472
2133
1843
1597
1185
694
442
534
580
181
-453
-798
-727
-687
-1015
-1403
-1416
-1229
-1475
-2155
-2442
-1954
-1537
-2069
-2926
-2966
-2329
-2154
-2746
-3177
-2965
-2587
-2447
-2471
-2590
-2783
-2589
-1798
-1192
-1457
-1925
-1505
-512
-45
-199
-243
121
623
1121
1452
1328
1093
1540
2550
2983
2447
1971
2317
3026
3432
3449
3125
2469
2157
2817
3583
3093
1689
1131
1768
1990
1072
282
492
560
-505
-1476
-1051
-237
-743
-2138
-2659
-2092
-1549
-1613
-2017
-2573
-3038
-2721
-1695
-1254
-2091
-3031
-2700
-1582
-1060
-1406
-1851
-1809
-1366
-839
-578
-699
-799
-575
-290
-216
-62
317
351
-136
-240
550
1141
514
-385
-37
1156
1404
354
-410
195
1302
1515
843
393
780
1512
1811
1661
1642
1996
2400
2544
2559
2611
2700
2851
3108
3263
2997
2466
2201
2328
2406
2092
1557
1068
615
171
-175
-325
-451
-893
-1684
-2431
-2599
-2228
-2034
-2493
-3241
-3539
-3255
-2866
-2735
-2817
-2811
-2603
-2377
-2394
-2492
-2022
-1044
-641
-1420
-2234
-1648
-232
338
-327
-1019
-951
-537
-101
385
579
96
-467
-154
696
881
423
539
1351
1452
425
-72
1148
2617
2295
819
422
1444
2170
1838
1586
2029
2186
1472
974
1634
2519
2254
1225
947
1562
1614
663
188
1038
1577
168
-1699
-1361
627
988
-1195
-2981
-2197
-607
-693
-1899
-2257
-1832
-1903
-2315
-2052
-1369
-1299
-1700
-1720
-1439
-1379
-1323
-785
-224
-352
-693
-507
-67
84
308
992
1348
628
-195
373
1856
2366
1400
408
502
1140
1398
1223
1035
846
433
-27
-124
249
632
386
-466
-1074
-764
-27
68
-577
-939
-509
-96
-422
-833
-361
500
453
-521
-977
-136
903
726
-412
-979
-342
418
204
-548
-710
-213
44
-245
-386
-6
344
261
199
533
839
702
546
853
1240
1138
747
627
718
638
538
690
713
161
-420
-151
621
674
-114
-459
223
817
389
-223
200
1145
1159
249
-152
463
980
687
297
427
419
-249
-705
-152
554
198
-843
-1307
-1029
-822
-823
-663
-718
-1518
-2343
-2011
-989
-883
-1832
-2372
-1946
-1670
-2130
-2353
-1760
-1348
-1900
-2454
-1923
-1031
-1062
-1644
-1378
-231
397
-31
-417
186
1233
1746
1737
1746
1856
1932
2168
2689
3036
2789
2305
2191
2369
2293
2016
1985
2048
1595
728
441
1005
1379
727
-250
-350
234
357
-227
-589
-305
-36
-286
-679
-715
-573
-561
-624
-648
-745
-1030
-1263
-1204
-971
-896
-1153
-1591
-1827
-1596
-1183
-1170
-1681
-2121
-1938
-1464
-1365
-1615
-1642
-1348
-1315
-1643
-1521
-543
300
-99
-1074
-909
611
1805
1524
727
840
1689
2203
2199
2337
2766
2898
2559
2253
2428
2925
3310
3278
2722
2019
1781
2220
2831
2855
2129
1198
791
1120
1656
1613
799
-84
-309
-23
-8
-613
-1269
-1339
-1063
-1214
-2073
-2910
-2816
-2002
-1662
-2490
-3661
-3871
-3047
-2336
-2442
-2964
-3275
-3209
-2827
-2214
-1738
-1823
-2187
-1994
-1197
-740
-1013
-1100
-291
500
194
-593
-437
637
1281
993
602
651
706
644
1061
1836
1874
869
181
859
1971
2051
1236
788
1008
1148
1041
1278
1754
1441
339
-67
889
1807
1254
81
71
987
1056
7
-379
689
1506
637
-714
-625
443
632
-161
-418
142
62
-1059
-1590
-624
379
-158
-1449
-1736
-1017
-645
-970
-1085
-708
-630
-1135
-1408
-873
-175
-115
-442
-485
-217
-96
-90
240
844
1105
688
163
361
1236
1907
1744
1173
1010
1290
1515
1617
1972
2355
2034
1170
956
1849
2616
2171
1265
1167
1602
1394
631
511
1171
1305
271
-893
-1068
-480
-60
-313
-1136
-2068
-2414
-1849
-1136
-1374
-2380
-2855
-2402
-2032
-2390
-2719
-2395
-2142
-2621
-3078
-2604
-1949
-2297
-3072
-2784
-1637
-1373
-2359
-2909
-1979
-765
-746
-1486
-1619
-982
-444
-302
-82
242
140
-178
186
1265
1788
1084
376
936
2191
2589
1977
1561
1832
2239
2470
2809
3027
2559
1923
2209
3195
3364
2408
1861
2514
3100
2462
1557
1750
2500
2427
1527
1008
1235
1431
1149
765
617
436
48
-315
-454
-477
-660
-1103
-1691
-2106
-2131
-2007
-2159
-2672
-3177
-3364
-3292
-3100
-2906
-2987
-3458
-3747
-3173
-2152
-1900
-2546
-2758
-1744
-559
-477
-957
-638
431
1061
981
1106
1780
2209
2028
2009
2654
3263
3082
2499
2420
2852
3033
2659
2264
2306
2365
1900
1216
1041
1364
1364
704
55
32
170
-184
-679
-606
-204
-392
-1156
-1492
-1016
-535
-736
-1179
-1147
-753
-648
-970
-1165
-852
-303
-150
-642
-1280
-1311
-645
-127
-461
-1285
-1672
-1417
-1143
-1291
-1646
-1858
-1990
-2138
-2170
-2086
-2144
-2406
-2424
-1955
-1494
-1640
-2141
-2100
-1193
-193
26
-405
-579
-7
872
1448
1657
1776
1901
1950
2094
2585
3238
3455
3030
2569
2721
3269
3405
2928
2474
2472
2538
2180
1642
1420
1420
1201
744
404
229
-91
-471
-539
-395
-546
-1095
-1459
-1264
-980
-1130
-1444
-1381
-1077
-1104
-1397
-1345
-898
-661
-830
-893
-615
-446
-630
-693
-250
206
96
-333
-421
-32
363
458
334
185
172
364
647
703
489
424
740
1016
759
327
455
971
1001
453
167
497
689
206
-309
-139
292
110
-569
-914
-723
-518
-625
-774
-794
-897
-1109
-1146
-899
-678
-701
-813
-890
-1009
-1163
-1054
-669
-526
-923
-1484
-1587
-1229
-978
-1140
-1462
-1578
-1466
-1303
-1251
-1295
-1276
-1065
-629
-277
-334
-560
-308
592
1357
1302
891
1110
1995
2556
2370
2224
2700
3189
2939
2436
2639
3278
3228
2350
1825
2208
2519
1878
923
747
1084
853
0
-478
-257
-185
-775
-1430
-1475
-1140
-1083
-1385
-1756
-1989
-1925
-1535
-1162
-1319
-1843
-1905
-1301
-879
-1222
-1616
-1248
-559
-576
-1277
-1551
-897
-203
-335
-958
-1179
-807
-384
-287
-399
-442
-373
-213
15
178
191
193
421
749
863
782
810
1049
1223
1277
1499
1849
1822
1353
1201
1855
2606
2489
1711
1288
1578
1998
2087
1882
1494
958
592
758
1077
799
5
-513
-480
-460
-776
-1026
-1034
-1193
-1653
-1911
-1680
-1458
-1612
-1824
-1810
-1831
-2010
-1912
-1438
-1285
-1789
-2176
-1760
-1141
-1255
-1798
-1716
-1048
-868
-1414
-1648
-976
-263
-387
-866
-752
-125
205
107
214
687
976
811
692
1066
1635
1914
1888
1790
1678
1644
1918
2469
2718
2161
1332
1166
1734
2238
1997
1188
465
246
540
900
704
-101
-852
-869
-444
-359
-720
-1027
-1142
-1334
-1477
-1179
-679
-768
-1482
-1779
-1163
-475
-594
-1132
-1163
-686
-493
-813
-999
-693
-310
-333
-676
-913
-848
-561
-201
13
-170
-651
-837
-301
543
790
235
-261
64
813
1098
864
812
1100
1195
973
1029
1556
1834
1432
1037
1333
1846
1751
1225
1106
1485
1649
1298
933
900
981
902
726
586
420
176
-39
-175
-297
-408
-525
-817
-1302
-1555
-1336
-1110
-1445
-2071
-2217
-1857
-1704
-1988
-2095
-1728
-1503
-1817
-2053
-1575
-873
-810
-1243
-1305
-793
-386
-415
-476
-273
-72
-107
-78
244
544
467
256
396
859
1135
995
788
874
1225
1530
1540
1315
1115
1225
1634
1875
1619
1139
961
1205
1471
1429
1137
766
459
383
613
825
539
-109
-408
-130
112
-162
-552
-481
-265
-512
-992
-983
-550
-486
-960
-1277
-1066
-918
-1272
-1571
-1253
-837
-1160
-1942
-2088
-1385
-859
-1191
-1779
-1778
-1352
-1140
-1153
-1005
-732
-724
-876
-663
-112
199
48
-18
367
805
835
635
726
1143
1471
1496
1349
1205
1208
1514
2001
2153
1718
1212
1337
1949
2226
1872
1445
1417
1530
1420
1257
1324
1383
1030
497
354
612
695
300
-154
-238
-135
-258
-579
-715
-575
-488
-720
-1082
-1194
-971
-727
-743
-970
-1157
-1194
-1135
-987
-820
-796
-1077
-1420
-1364
-989
-797
-1041
-1342
-1251
-963
-913
-1061
-1018
-742
-568
-563
-534
-367
-222
-120
144
486
545
313
277
749
1263
1223
818
691
1016
1307
1202
1003
998
957
717
531
681
848
539
-29
-208
92
235
-141
-572
-585
-387
-420
-625
-685
-609
-641
-748
-678
-491
-491
-653
-652
-431
-312
-422
-489
-329
-176
-254
-381
-317
-127
-37
-90
-158
-166
-128
-45
102
190
111
-11
30
242
412
416
352
350
398
433
467
575
685
655
476
330
430
674
739
557
357
340
441
481
437
433
448
363
230
188
274
341
268
144
97
82
24
-50
-61
4
34
-90
-307
-432
-376
-234
-201
-328
-500
-578
-566
-517
-426
-335
-364
-530
-634
-489
-199
-52
-146
-284
-260
-106
39
123
153
132
63
45
193
375
360
165
61
210
406
367
138
21
155
326
294
99
-50
-43
58
121
79
-33
-164
-232
-193
-90
-60
-171
-310
-336
-248
-184
-223
-292
-283
-225
-243
-319
-328
-243
-172
-197
-235
-225
-242
-294
-274
-135
-44
-162
-334
-315
-148
-79
-182
-237
-118
-8
-102
-237
-124
148
236
48
-100
56
332
397
252
202
348
487
488
422
446
535
557
515
503
532
516
442
413
457
466
347
222
229
306
310
194
68
48
120
182
154
37
-59
-32
80
127
45
-41
-23
23
-13
-60
-25
34
-22
-161
-178
-49
11
-96
-231
-233
-143
-143
-206
-213
-196
-244
-312
-268
-170
-172
-289
-316
-196
-129
-216
-312
-241
-100
-90
-202
-257
-170
-82
-91
-111
-71
-38
-85
-128
-38
81
68
-56
-115
-14
85
48
-72
-95
-13
1
-77
-133
-88
-34
-80
-170
-199
-167
-164
-217
-234
-196
-198
-273
-342
-297
-199
-185
-250
-278
-215
-143
-129
-151
-119
-21
59
66
2
-58
13
196
312
234
54
14
175
333
342
249
205
243
277
301
362
459
504
462
415
439
518
581
614
628
588
487
433
491
575
554
418
316
285
257
191
167
213
190
43
-91
-94
-24
-6
-24
-16
-67
-202
-259
-130
39
1
-180
-240
-149
-108
-188
-188
-76
-59
-227
-374
-288
-112
-107
-244
-323
-306
-306
-345
-342
-312
-355
-456
-476
-402
-380
-456
-479
-405
-369
-452
-475
-339
-244
-314
-405
-299
-100
-71
-182
-180
-6
106
69
67
192
291
237
174
250
386
435
372
329
351
367
378
392
383
322
249
223
233
206
168
142
92
2
-64
-42
1
-39
-164
-242
-209
-152
-155
-225
-267
-265
-263
-261
-253
-244
-222
-225
-245
-229
-178
-135
-134
-151
-141
-99
-60
-35
-30
-21
13
35
44
67
102
138
161
171
192
224
260
290
306
320
322
329
363
390
391
364
345
363
380
366
322
314
336
316
264
246
294
328
264
175
167
207
218
170
118
100
67
5
-42
-39
-17
-67
-188
-282
-290
-238
-246
-346
-447
-482
-467
-474
-496
-500
-524
-586
-644
-618
-528
-482
-524
-583
-571
-504
-441
-397
-361
-336
-343
-346
-288
-164
-59
-61
-97
-84
1
98
140
173
215
242
226
216
307
446
497
412
331
370
477
517
465
415
416
435
415
368
374
407
391
311
240
242
276
262
198
131
95
75
27
-8
-1
-2
-73
-164
-194
-173
-150
-170
-226
-268
-289
-302
-290
-258
-245
-281
-340
-342
-277
-223
-229
-251
-255
-247
-223
-176
-111
-75
-75
-70
-32
38
98
140
165
191
224
286
333
344
353
361
397
404
376
361
353
339
323
326
335
307
227
170
193
226
203
118
33
8
-26
-61
-80
-113
-177
-282
-369
-360
-318
-348
-416
-478
-493
-482
-483
-450
-407
-408
-455
-462
-391
-299
-258
-263
-250
-205
-180
-140
-60
32
69
20
-4
62
176
231
200
141
129
173
207
226
237
238
210
152
138
191
231
232
197
154
155
190
218
229
230
211
190
155
141
164
181
164
111
79
84
84
67
53
62
67
27
-44
-55
6
38
-19
-114
-143
-113
-104
-146
-185
-176
-186
-236
-282
-241
-169
-173
-235
-279
-246
-187
-156
-139
-128
-134
-140
-119
-42
39
32
-24
-28
38
107
101
92
127
181
148
88
110
194
303
218
95
83
191
244
170
139
124
140
96
64
76
107
84
-10
-22
-4
-34
-46
-44
-32
-82
-169
-136
-73
-51
-119
-194
-126
-85
-135
-168
-120
-23
-51
-170
-169
-53
35
-25
-120
-99
-42
-45
-87
-66
26
38
-69
-139
-61
64
90
13
-14
13
32
46
57
105
123
76
35
59
142
184
151
110
109
121
128
136
152
161
138
87
77
109
132
128
105
62
22
15
52
90
47
-34
-71
-58
-37
-57
-106
-128
-127
-147
-190
-207
-171
-142
-181
-235
-227
-191
-186
-211
-191
-142
-161
-218
-216
-137
-70
-72
-98
-92
-58
-47
-28
41
93
86
54
70
138
197
216
210
209
209
210
233
271
284
260
227
219
219
226
216
209
181
118
87
97
117
95
18
-38
-40
-48
-90
-111
-127
-162
-213
-245
-232
-240
-290
-338
-335
-322
-341
-372
-366
-335
-335
-340
-307
-243
-219
-231
-200
-115
-38
-20
-8
57
130
150
162
232
318
343
308
310
377
439
453
440
432
436
423
415
435
449
426
380
329
316
340
325
291
265
242
218
188
161
141
121
94
70
27
-43
-102
-127
-132
-153
-220
-310
-400
-447
-437
-422
-464
-580
-699
-742
-714
-658
-643
-712
-801
-841
-794
-680
-561
-528
-601
-654
-601
-424
-256
-198
-216
-243
-194
-66
100
237
271
242
226
308
481
627
655
606
555
577
685
798
836
772
676
639
676
733
744
699
606
515
499
518
529
497
412
331
282
247
214
186
143
69
-28
-110
-145
-170
-226
-304
-375
-445
-506
-553
-581
-589
-618
-666
-700
-706
-688
-680
-667
-636
-611
-594
-570
-515
-433
-362
-320
-285
-248
-187
-104
-23
28
63
103
146
219
292
354
403
420
444
484
540
599
632
641
640
637
664
710
728
711
646
585
568
569
567
511
410
311
242
211
178
103
-10
-128
-224
-289
-336
-385
-453
-547
-637
-700
-712
-705
-729
-761
-805
-828
-785
-735
-688
-650
-637
-608
-544
-482
-401
-317
-264
-219
-187
-122
-35
39
100
134
162
198
229
272
327
343
343
342
332
346
357
358
345
319
289
282
294
295
288
256
230
227
234
234
216
191
177
190
200
191
173
149
125
110
116
124
109
54
-2
-24
-14
-5
-34
-71
-120
-152
-160
-162
-142
-157
-198
-233
-241
-227
-210
-198
-198
-208
-218
-191
-140
-90
-58
-65
-70
-60
-22
36
73
79
63
60
65
84
125
134
127
118
98
101
117
137
144
126
94
59
67
89
97
102
68
17
-16
-1
34
38
18
-39
-90
-90
-61
-32
-46
-95
-147
-177
-153
-113
-113
-131
-158
-172
-148
-135
-113
-83
-77
-95
-108
-89
-51
-17
-7
-10
-17
-31
-22
10
63
69
40
5
-2
38
59
80
49
17
4
-13
25
27
47
39
-13
28
-30
56
71
45
87
-10
85
17
92
96
68
149
39
111
50
99
136
70
159
54
88
120
17
150
42
81
69
-29
114
-38
16
2
-89
-17
-71
-81
-109
-115
-100
-138
-108
-106
-134
-119
-94
-111
-121
-71
-96
-73
-53
-69
-59
-70
-35
-32
-35
-18
-61
1
-47
-49
-21
-91
-51
-86
-83
-81
-92
-133
-139
-96
-101
-87
-143
-136
-109
-125
-55
-80
-63
-44
-55
-24
31
0
58
-27
47
108
-24
191
-52
158
72
13
119
24
25
125
16
78
-48
195
165
-468
872
-427
-5
595
-249
167
88
537
-338
111
867
-599
51
1156
-790
236
656
-219
-64
257
537
-702
381
620
-758
192
646
-598
-57
493
-229
-316
298
41
-456
252
54
-258
-88
177
-140
-317
255
-148
-287
127
-133
-195
-1
-96
-103
-128
-10
-40
-147
-23
-37
-95
-22
-16
-44
-20
-11
-15
-3
35
-4
18
5
25
83
17
39
61
33
56
15
41
48
5
43
-11
2
36
16
6
-9
3
-5
4
28
1
-15
8
-20
-10
25
11
-11
1
18
-9
-3
12
-11
-13
2
-13
-19
6
-8
-18
3
8
-4
-16
5
15
1
1
-25
-27
1
-6
-16
-16
-12
-20
-28
-22
-17
-6
-16
-29
-22
-3
-6
-10
-4
-6
-5
3
12
18
6
-8
-3
15
16
16
7
26
35
14
13
-1
23
30
17
0
9
23
17
28
29
33
25
17
13
27
40
21
17
20
40
29
29
39
25
18
0
8
-4
9
5
-18
-3
-9
-19
-17
-11
-15
-14
-34
-23
-22
-21
-19
-35
-18
-26
-44
-25
-17
-27
-32
-40
-47
-41
-27
-38
-34
-18
-22
-2
-6
-11
-13
-8
7
-14
-4
9
-6
-8
-6
-2
-3
-4
7
15
15
-9
-7
16
13
17
0
0
20
17
24
37
32
19
13
21
37
35
24
15
22
35
30
21
28
30
11
15
9
16
31
9
13
10
9
4
-18
-4
-4
3
0
-23
-22
-18
-18
-28
-26
-39
-38
-22
-14
-42
-26
0
-25
-27
-22
-4
-34
-13
-3
-15
40
-49
-37
62
18
-4
-12
32
3
24
73
0
50
32
-27
41
67
74
-13
38
93
12
45
47
28
29
42
23
-21
15
13
-17
22
28
8
-33
-2
15
-8
10
-26
-41
-21
-24
-35
-44
-39
-56
-72
-42
-44
-56
-51
-74
-56
-39
-30
-52
-74
-47
-45
-40
-48
-45
-36
-22
-34
-43
-17
-18
-12
-1
21
9
0
19
24
52
33
15
44
37
51
47
73
66
50
54
48
64
61
56
49
58
60
49
42
46
34
44
43
26
28
19
46
32
17
10
-12
-1
1
-2
-24
-34
-40
-41
-26
-15
-40
-66
-40
-53
-53
-38
-56
-63
-68
-57
-51
-43
-46
-54
-54
-44
-28
-39
-22
-2
3
7
-2
0
12
30
29
29
25
33
40
36
54
56
57
39
44
53
59
59
46
69
61
69
66
45
48
34
32
34
37
24
5
18
14
-2
-13
-20
-20
-25
-27
-24
-28
-26
-56
-73
-53
-55
-68
-86
-78
-82
-82
-71
-54
-45
-60
-61
-61
-46
-36
-49
-62
-55
-36
-33
-42
-32
-13
-21
-18
-5
-2
3
10
22
17
31
43
25
39
42
46
58
61
61
55
63
77
73
66
69
57
56
71
69
62
61
51
28
29
38
31
32
4
-9
14
11
-6
-20
-18
-15
-24
-31
-38
-37
-30
-33
-49
-46
-40
-40
-33
-30
-30
-39
-27
-25
-15
12
-8
-19
0
11
6
9
13
8
8
9
17
7
16
29
21
33
25
7
13
23
15
11
33
25
11
13
25
11
5
13
1
-1
-2
-1
-5
-2
-7
-22
-17
-15
-9
-21
-31
-35
-36
-26
-23
-23
-47
-45
-37
-50
-31
-38
-54
-50
-51
-48
-31
-38
-43
-40
-31
-7
-11
-2
1
-9
4
1
-1
10
14
5
7
27
25
34
32
21
51
50
46
58
56
59
44
44
61
53
55
48
34
46
39
25
30
20
20
18
7
4
3
-4
-13
-12
-18
-27
-22
-12
-24
-22
-27
-53
-37
-26
-27
-29
-38
-33
-28
-10
-6
-6
-5
-12
-7
-2
9
10
5
-2
3
9
9
12
8
17
30
21
15
12
28
34
27
34
16
14
24
21
19
17
13
1
-4
6
13
-10
-8
-2
-19
1
-1
-14
-7
-25
-13
-7
-19
-16
-18
-23
-31
-41
-36
-22
-29
-33
-49
-56
-50
-45
-43
-46
-57
-56
-39
-37
-30
-27
-28
-11
-9
-16
-9
-9
6
6
16
36
17
31
38
39
49
58
46
31
54
55
66
68
62
63
55
71
65
48
55
53
52
50
40
41
36
32
19
0
-12
-19
-13
-20
-20
-8
-20
-32
-32
-25
-32
-48
-52
-56
-51
-55
-63
-58
-56
-55
-61
-75
-56
-37
-48
-35
-36
-28
-20
-19
-16
-18
-18
-4
-2
-1
11
-2
16
19
12
18
7
16
18
26
33
32
48
56
40
42
36
39
58
55
64
59
62
62
58
65
61
53
39
23
19
28
16
4
8
2
-6
-8
-13
-22
-27
-19
-32
-38
-35
-43
-53
-45
-55
-58
-58
-70
-57
-56
-61
-57
-54
-50
-44
-47
-42
-36
-34
-19
-27
-31
-14
-4
-11
-6
-5
3
19
21
30
26
32
33
25
32
36
42
35
22
25
33
44
45
43
44
38
38
41
29
30
31
31
27
14
27
33
21
9
11
6
-8
-14
-2
1
-2
-12
-23
-20
-7
-14
-36
-36
-32
-28
-40
-29
-17
-27
-29
-31
-35
-30
-30
-40
-34
-30
-24
-28
-33
-17
-12
-20
-22
-16
-15
-10
-8
6
14
13
12
21
28
33
23
17
23
31
41
42
45
41
43
48
54
56
47
49
36
31
49
34
25
24
12
6
3
-2
-6
0
1
-19
-20
-10
-18
-19
-11
-19
-44
-36
-19
-27
-19
-32
-47
-33
-40
-36
-40
-43
-25
-35
-36
-21
-29
-20
-4
-14
-10
-7
-19
-11
6
16
4
-11
3
7
12
13
8
16
19
20
21
27
32
26
17
19
30
25
21
15
6
22
25
17
14
14
13
4
2
4
9
15
6
5
-1
0
-1
-4
11
-2
-8
-8
-16
-19
-28
-16
-20
-28
-30
-46
-37
-19
-18
-33
-36
-28
-27
-29
-23
-29
-14
-5
-22
-20
-4
2
-9
0
9
3
1
4
15
13
17
20
14
37
46
48
47
40
36
27
34
43
37
23
30
30
36
35
33
24
1
14
3
1
16
11
0
14
24
16
18
0
2
5
-1
4
-6
-5
9
-14
-16
-5
-25
-20
-10
-32
-16
-1
-12
-14
-11
-16
-25
-13
-19
-38
-42
-36
-36
-40
-35
-40
-45
-39
-40
-29
-20
-23
-14
-17
-22
-16
-4
-1
-8
-10
-7
-8
-10
-4
-5
5
25
17
11
2
-5
-3
-3
10
3
-2
11
19
26
33
18
9
16
20
22
19
13
14
13
11
21
14
12
1
-11
-9
-2
-7
-9
7
8
19
33
24
27
31
28
30
13
12
-2
-6
11
3
11
14
22
28
27
39
28
15
22
15
5
5
5
-9
-16
-7
-20
-30
-18
-12
-10
-16
-1
2
-12
-11
-12
-7
3
5
-17
-16
-6
-12
-21
-16
-13
-26
-10
-24
-27
-1
-18
-19
8
11
0
12
19
12
3
-4
-15
-14
-16
-20
-28
-34
-20
-16
-15
-10
-2
1
-2
-4
-9
-8
5
6
0
10
7
8
1
-5
3
-2
0
-3
-5
5
13
12
7
10
11
1
1
4
2
12
4
-2
0
-4
-4
-2
-12
-19
-12
-12
-9
-4
0
-10
-15
-6
-6
-8
-5
4
0
1
-1
7
11
11
15
9
17
20
12
10
12
7
5
16
13
15
22
21
24
31
29
24
29
43
27
17
25
11
8
11
6
3
3
5
10
6
7
1
7
-1
-4
4
-4
12
2
0
12
14
11
5
0
-4
-2
-21
-20
-19
-41
-34
-37
-42
-28
-23
-28
-26
-27
-29
-26
-35
-33
-37
-31
-31
-36
-34
-41
-37
-29
-26
-26
-29
-18
-8
3
9
12
21
16
24
28
23
27
20
11
26
29
33
31
21
26
22
28
24
24
24
15
21
27
22
19
9
17
23
11
14
6
2
3
-6
-10
-4
-10
-25
-15
7
3
-11
-18
-13
-12
-22
-15
-15
-18
-2
-8
-12
-10
-19
-18
-14
-18
-19
-6
-22
-26
4
-15
-9
11
-11
-11
-10
2
8
5
6
12
18
24
34
22
22
17
10
24
16
14
27
23
24
26
16
31
31
21
21
15
18
19
5
14
34
17
9
11
10
7
-6
-11
-10
-23
-32
-29
-34
-27
-20
-24
-28
-25
-16
-10
-16
-19
-29
-38
-37
-36
-36
-40
-39
-33
-17
-10
-22
-22
-17
-9
5
10
7
12
13
11
30
18
4
6
4
1
0
11
5
-1
8
4
15
27
9
10
36
28
21
28
24
24
25
22
7
9
2
-1
10
7
7
-7
-7
6
13
10
-11
-7
-10
-2
-2
-18
-10
-20
-17
-22
-19
-20
-30
-19
-17
-20
-12
-13
-28
-24
-17
-14
-20
-20
-19
-9
5
3
7
6
6
9
10
18
7
15
23
26
29
22
26
20
24
33
34
31
32
35
37
32
16
16
22
21
22
19
23
23
22
21
17
17
-12
-16
-7
-8
-14
-16
-16
-35
-29
-24
-24
-17
-28
-26
-27
-31
-32
-29
-26
-30
-21
-23
-26
-20
-32
-34
-32
-34
-25
-21
-21
-8
-8
-8
-8
-5
0
9
13
-7
6
16
10
0
-9
-6
-4
-14
-8
3
-3
5
1
13
37
22
7
15
25
24
19
26
27
19
26
37
40
30
24
24
24
33
32
23
24
26
21
20
15
13
2
7
12
3
5
0
-5
-15
-21
-20
-28
-22
-23
-31
-28
-29
-20
-19
-18
-17
-23
-8
-11
-13
-10
-21
-25
-26
-21
-26
-32
-22
-6
-8
-14
-1
6
9
12
10
14
18
7
5
12
20
13
6
19
5
-6
0
-7
-5
2
0
9
23
17
11
12
19
14
4
14
5
6
18
12
0
8
12
-5
-7
1
-3
-7
-5
-2
-9
-8
-1
2
11
0
-9
-7
-17
-11
-5
-12
-4
0
-3
-4
-2
4
2
-13
-11
-8
-19
-13
-8
-12
-7
-2
-1
6
11
5
-4
3
5
6
24
14
13
23
15
14
9
11
1
-2
5
-4
-2
7
4
-8
0
2
-7
1
-3
-13
-17
-13
-12
-10
