SAMPLES:
17467
BITSPERSAMPLE:
16
CHANNELS:
1
SAMPLERATE:
16000
NORMALIZED:
FALSE
12
10
14
23
16
23
23
8
9
13
10
9
8
3
14
8
9
20
18
12
9
9
4
5
11
1
0
5
-9
-2
3
-6
-2
-3
-5
-10
-11
-12
-25
-19
-16
-26
-28
-31
-18
-8
-8
-7
-11
-9
-12
-1
7
0
-8
-12
-4
-9
-8
-14
-19
-21
-13
3
-11
-6
-1
5
17
16
11
1
0
1
4
4
7
25
21
3
5
7
6
10
1
5
4
-2
15
21
28
30
19
16
-2
5
4
-5
5
-2
-1
9
12
4
5
4
-4
-13
-12
-3
-9
-11
-5
-10
-17
-10
-14
-14
-6
-9
-14
-16
-7
-15
-18
-4
-11
-4
-1
-7
-7
-23
-15
-17
-26
-13
-15
-7
3
6
10
16
11
7
9
5
-1
0
5
4
6
1
9
15
17
12
3
1
4
18
10
1
10
15
13
12
26
23
14
14
18
8
-2
4
5
12
20
21
11
-5
4
3
-5
-5
-11
-7
-7
-5
11
10
13
19
5
4
1
-9
-21
-19
-17
-18
-9
-5
1
-12
-12
1
-1
-7
-11
-1
-19
-18
-8
-7
-4
-12
-4
-8
-21
-16
-11
-11
-6
-1
-5
-2
-1
-12
-8
-5
-11
-9
-9
-14
-8
-12
-20
-7
0
-6
-1
-2
3
9
2
5
-4
1
-9
-11
-1
-7
1
1
5
11
2
9
12
9
14
15
25
27
20
24
13
16
29
16
16
6
6
6
6
19
9
17
13
11
17
12
13
19
-1
0
19
8
7
3
-4
1
-2
-1
0
-13
-5
-11
-10
4
-3
-10
-12
-10
-18
-23
-17
-16
-22
-9
0
-8
-4
-20
-31
-21
-27
-25
-18
-8
-4
-6
-9
-11
-6
-9
-6
-6
-2
4
4
1
-1
7
3
6
9
1
4
12
12
18
19
10
16
10
4
7
2
18
19
17
13
0
9
8
0
1
-12
-18
-1
1
3
5
0
-2
6
9
-15
-7
-8
-18
-11
-8
-4
1
-8
2
11
6
10
-1
-1
1
-8
1
-4
-10
-5
-6
3
-2
-8
0
-2
9
7
1
5
-1
-1
-7
-2
8
2
4
5
12
13
6
4
9
3
-3
5
7
11
3
-2
2
-5
-12
-12
-21
-17
-9
-3
-4
-12
-1
2
5
2
0
-5
-3
4
1
6
1
1
4
3
-2
-20
-13
-6
-6
-9
-5
7
0
3
15
12
-1
10
4
-2
7
4
-1
0
10
22
17
8
16
12
16
4
-1
-2
-10
5
9
2
2
10
6
8
-4
1
4
-6
4
4
-4
0
-2
-9
1
-4
-11
-13
-17
-21
-6
2
-9
-2
-7
-7
-13
-17
-13
-20
-22
-17
-12
-15
-6
-7
-4
-3
-8
2
-1
-4
-1
-5
-5
1
-4
1
7
2
9
10
8
11
14
1
7
6
-5
-3
-4
5
5
5
0
6
13
4
5
7
2
5
12
5
4
13
9
6
17
14
6
10
9
-1
-2
-5
-5
4
3
6
13
14
11
3
-2
0
6
4
11
7
6
7
2
3
0
2
0
5
2
-4
-5
-6
3
-11
-6
-15
-20
-6
-22
-31
-20
-19
-21
-10
-7
0
7
0
6
11
-1
-6
-15
-18
-13
-14
-13
-6
-8
-7
1
1
5
-3
-10
3
1
1
-1
-4
-3
-2
4
2
6
6
3
5
5
2
10
20
23
21
15
9
-1
4
-6
-5
-1
-1
10
7
4
-5
-6
-1
0
-2
-7
-9
-3
3
2
9
11
13
5
2
-2
-10
-8
-4
7
1
0
0
10
18
7
6
2
-11
-14
-12
-28
-19
-8
2
5
9
17
11
19
21
15
7
6
5
-1
-4
2
2
-6
-18
-21
-23
-32
-18
-4
-5
-1
16
14
12
22
22
18
5
-4
-14
-18
-18
-19
-18
-13
-9
-3
4
8
12
7
8
15
14
2
1
7
12
16
8
3
3
4
-6
-6
-2
-7
-3
-1
-5
4
5
-1
12
10
2
10
0
-2
-2
-6
-6
-7
-9
-12
-19
-19
-18
-22
-18
-13
6
5
-4
6
8
9
7
9
3
-7
-5
-12
-21
-17
-10
-9
-4
-1
7
10
10
4
-3
3
5
2
3
7
7
11
17
8
12
2
-8
-2
-21
-12
-4
-8
3
-1
4
21
21
21
22
13
2
-2
-3
-2
3
3
3
10
7
4
5
3
1
-6
5
-1
-13
-9
-12
3
5
4
10
10
14
9
10
16
7
7
-3
-6
-3
-13
-10
-19
-21
-9
1
11
9
0
9
3
3
-2
-19
-17
-23
-15
-1
-9
-14
-12
1
0
-3
2
4
-9
-4
-13
-31
-18
-22
-16
-10
-6
0
2
14
26
12
11
23
9
8
6
-6
-14
-13
3
-7
-10
6
10
10
0
13
20
8
7
8
1
11
13
11
11
7
5
-1
-5
-4
-8
-20
-13
-11
-15
-1
-1
-4
11
8
8
7
3
10
6
6
7
9
9
11
1
-7
-11
-24
-16
-5
-3
3
16
19
14
19
19
7
8
14
5
8
7
-6
0
3
8
2
-6
-10
-10
-13
-14
-4
-10
-17
-13
-5
-4
-6
1
2
-3
-4
-5
-8
-14
-14
-17
-12
-6
-8
5
-4
-4
6
-4
-2
-1
-3
-5
1
7
-8
-6
1
5
5
-9
0
-2
0
2
-4
2
-12
-8
5
10
14
7
9
9
-3
8
7
3
10
6
9
5
1
-3
-7
-7
-6
5
6
6
13
5
-5
4
0
-11
-1
0
0
9
10
15
10
12
17
11
15
8
3
5
-1
-2
4
-9
-12
-9
-22
-16
-11
-14
3
9
14
7
-8
5
4
0
3
-3
-1
2
-5
-8
0
-9
-5
-10
-6
1
-4
-5
-6
-4
-2
4
0
-5
-2
-6
-3
21
-3
-10
-1
-13
7
-2
-9
3
-5
2
22
11
13
23
2
5
4
-2
-13
-15
-5
-12
-8
-10
-17
-16
-16
-6
-1
-3
0
-1
3
13
3
1
4
-2
-2
-6
2
-5
4
10
-5
-14
-15
-5
-20
-22
-2
-8
-7
-3
-6
5
8
9
12
17
13
19
28
21
19
13
17
16
6
8
6
16
10
6
18
12
16
21
22
17
18
13
5
9
-9
-3
-5
-15
-16
-20
-14
-16
-13
-24
-22
-18
-15
-11
-23
-13
-1
-7
-5
-3
-9
-12
-12
-14
-9
-3
-6
-11
-5
3
-7
-2
-4
-6
-4
-6
-9
-5
6
11
6
15
15
12
14
13
11
-5
-5
-20
-13
-12
-11
5
11
3
2
3
-10
6
7
-1
17
-4
-8
-2
-2
10
7
9
11
14
7
8
16
8
5
3
-4
-3
-6
-4
-2
-8
-6
4
8
-3
2
6
16
23
19
19
14
18
11
4
1
-7
-6
-8
-9
0
1
1
-3
1
3
-7
-4
-9
-11
-6
-4
-4
-7
-5
-3
-2
-8
-6
-5
-13
-11
-2
5
-7
-15
-3
-1
-10
-13
-14
-13
-15
-19
-30
-30
-11
-22
-24
-6
-2
1
-2
0
-2
2
4
-3
4
-7
-6
14
15
15
14
7
19
27
15
16
3
10
21
14
19
17
23
20
13
17
17
18
11
7
8
7
9
9
8
17
3
-10
-2
-5
-6
4
5
16
19
0
-5
-9
-12
-13
-7
-2
-6
-10
-9
-6
-9
-4
-8
-20
-12
-9
-15
-16
-7
-2
-15
-14
0
-3
-7
-6
-7
-8
-13
-23
-25
-19
-20
-11
-11
-8
-8
-7
-7
-13
-7
-10
-6
-16
-10
0
-1
3
7
8
7
9
5
9
17
13
19
30
35
35
29
29
20
20
27
24
14
2
9
6
4
17
12
12
21
17
16
3
-6
-10
-8
-8
-20
-9
-18
-15
-4
-23
-20
-22
-18
-23
-13
-11
-15
-5
-13
-10
-13
-13
-7
-20
-18
-1
-9
-4
8
-8
-7
-1
0
10
10
12
1
8
12
7
6
-2
4
4
3
7
7
7
5
14
10
6
11
10
4
7
4
0
-1
-6
0
2
4
3
3
6
0
0
4
2
-6
-8
-8
-7
-9
-6
-7
-19
-15
1
6
10
7
19
24
15
21
3
-2
-3
-10
-3
2
7
9
10
10
8
4
-1
6
-6
-14
-8
-9
-16
-10
-3
-9
-14
-3
-3
-4
-1
-17
-9
-2
-9
-4
-6
-14
-27
-29
-16
-17
-22
-17
-11
-3
-10
-6
-6
-7
3
-5
-1
-3
-12
-2
8
6
1
3
15
13
14
23
13
16
18
19
27
27
14
27
23
22
34
20
25
23
18
16
10
4
-1
7
8
0
4
7
4
18
8
-10
-1
1
-13
-3
-9
-7
4
-8
-5
-17
-25
-16
-20
-20
-21
-26
-23
-19
-21
-15
-18
-23
-15
-20
-16
-8
-11
-6
1
1
3
6
0
-4
-5
8
13
1
3
11
20
19
16
9
9
19
12
5
-1
-10
-8
-12
-13
-13
-10
-5
-5
13
17
10
9
6
0
-2
-4
-13
-9
-3
-14
-14
-5
-3
-14
-12
0
0
0
8
16
17
10
4
11
13
11
19
14
7
0
-7
-6
-12
-13
3
1
5
8
14
30
17
8
5
4
5
-5
-6
0
3
-3
-8
1
-10
-5
-4
-13
-7
-2
1
3
13
8
1
2
-6
-8
-3
-3
-5
-8
-8
-9
-7
-8
-12
-6
2
2
-6
0
7
2
-3
-6
-5
9
11
16
13
3
20
4
-7
8
-3
-10
-3
-12
-15
-15
-12
-12
-15
-7
-6
6
17
7
8
5
-1
10
2
-3
-4
-8
5
3
-1
5
9
6
1
9
3
1
9
5
-9
-10
3
-9
-5
-7
-6
3
1
7
22
18
6
8
1
3
-4
3
6
-7
-7
-4
-8
-9
-17
-13
-6
-15
-17
-20
-13
-7
-4
-8
-10
10
8
4
1
-18
-13
1
0
6
-3
7
16
0
6
14
3
0
1
3
10
3
10
10
7
8
6
-2
-6
8
8
13
9
15
23
13
20
20
13
13
4
-3
5
6
-8
-10
-1
-9
-11
-4
-9
-7
-6
-2
1
-3
-11
-16
-4
-3
-8
13
11
1
3
-7
-1
-13
-17
-11
-9
-8
-6
-4
0
-2
-2
13
6
7
3
1
5
10
6
2
-2
-5
-8
-4
-3
-7
-1
-6
-9
3
5
0
7
-3
-8
-11
-19
-23
-12
-15
-27
-16
-16
-14
-13
-15
-10
0
-5
-5
-1
0
3
4
7
17
18
14
11
5
2
-5
8
7
0
8
9
17
23
25
30
36
21
15
22
9
10
4
-3
4
9
16
17
26
20
17
29
17
5
1
-1
-6
-12
-20
-24
-18
-17
-20
-22
-22
-26
-15
-5
-9
-3
-14
-19
-11
-9
-13
-10
-19
-32
-12
-7
-8
-8
-2
6
-7
-8
1
-3
3
4
-2
7
4
6
1
2
8
16
20
18
25
20
12
5
4
-6
-8
-7
-1
5
5
10
4
3
-2
-7
-1
5
-6
-4
1
-5
-4
2
-3
-6
0
-5
-8
-12
-5
6
0
1
9
11
17
14
2
2
2
-4
-7
-14
-5
-7
-9
1
0
-1
-14
-5
9
0
-10
0
4
8
11
0
5
-3
5
5
-4
5
1
-3
1
8
9
16
15
5
9
-3
-8
-4
-15
-14
-14
-18
-11
-6
2
4
2
10
15
10
-2
-4
-7
-7
-2
-15
-12
-10
-14
-13
-18
-9
-1
2
-6
-8
-6
-7
3
6
-1
10
6
3
8
0
6
12
15
20
23
21
8
5
17
16
17
25
14
9
8
17
18
6
2
9
9
8
13
10
15
4
-7
-4
-9
-9
-10
-8
-9
-3
1
-1
-4
-18
-19
-21
-22
-22
-28
-17
-12
-10
-8
-21
-26
-25
-24
-21
-24
-24
-22
-18
-14
-13
-14
-14
-16
-18
-14
-15
-13
-5
-2
3
14
17
15
22
24
16
24
17
12
19
15
26
28
31
32
26
28
23
11
11
16
14
20
21
19
23
24
22
21
16
6
2
6
10
0
-7
-4
-6
-7
-15
-16
-14
-16
-12
-24
-25
-12
-19
-25
-28
-18
-7
-7
-13
-16
-14
-19
-3
-7
-12
1
-3
-7
-1
-4
-11
0
0
-7
-8
-3
2
-4
0
5
4
6
6
2
5
4
-1
-8
3
13
1
12
4
-6
7
11
3
5
-2
-1
-1
-6
11
8
4
1
0
-3
-8
1
4
5
4
7
2
0
6
-10
-9
4
3
-4
-12
-10
-4
3
8
8
7
11
12
8
7
7
8
5
-7
-18
-8
-9
-6
1
2
9
12
15
16
10
19
13
-1
9
-2
-9
-4
0
-2
6
-3
-15
-5
-6
-1
-2
0
-6
-15
-6
-10
-14
-13
-22
-30
-22
-23
-16
-9
-6
8
-1
16
15
0
10
-4
-1
4
0
1
-3
5
10
11
11
16
14
11
11
7
4
15
13
-1
8
7
1
18
7
-1
4
-11
-5
-9
-22
-7
-3
-2
2
11
7
10
10
-7
-14
-11
-14
-19
-15
-18
-9
0
3
-3
3
5
-3
0
5
1
-2
4
7
7
4
-1
-1
-3
-9
1
12
12
11
5
9
8
0
4
-2
0
1
-4
-7
-7
-6
-10
-9
-4
-7
-11
0
3
11
-1
-10
-1
-10
-6
-3
-1
2
-9
-5
-7
-7
-4
-7
5
5
6
7
-1
3
7
1
-1
6
9
11
3
3
9
8
16
18
15
14
4
2
4
7
15
-2
3
14
10
17
19
17
6
4
-2
-18
-12
-9
-10
-4
-1
-11
-12
-6
-11
-13
-11
-10
-16
-11
-7
-14
-15
-17
-18
-21
-15
-12
-9
-5
-15
-8
1
-1
2
-4
-7
5
8
16
13
8
3
-6
-1
-9
-9
-6
-9
2
-4
2
10
-4
-2
4
5
9
6
14
21
14
12
2
0
1
0
12
19
12
8
15
7
6
17
14
20
14
14
15
2
1
-3
-10
1
6
6
14
19
18
18
8
4
-3
-13
-9
-4
-1
0
2
2
5
2
-9
-19
-24
-13
-9
-14
-8
-9
-3
-8
-12
-12
-27
-28
-32
-34
-32
-29
-18
-22
-10
3
6
11
-2
-15
-19
-18
-10
0
-8
-15
-5
-13
-7
4
1
5
9
5
9
-1
11
14
7
26
25
23
36
34
18
14
13
11
7
4
4
3
2
14
8
14
23
-5
-3
9
-3
3
9
9
26
26
25
30
18
20
19
-6
-13
-3
-5
-5
-10
-17
-10
-3
-6
-1
5
-14
-7
-4
-9
1
-6
-9
-7
-1
-6
1
-11
-13
-10
-17
-13
-24
-17
-14
-19
-11
-7
-19
-28
-21
-23
-31
-31
-36
-32
-6
1
0
5
0
13
17
6
15
7
-4
-3
-12
-6
-5
9
16
3
26
19
10
20
8
11
13
18
24
19
26
29
30
22
9
17
3
-6
4
7
16
16
7
17
12
6
3
5
3
-5
2
-1
-8
-10
-5
-5
-3
-12
-26
-13
-20
-24
-8
-16
-11
-13
-9
-1
-6
-5
-10
-9
-8
-9
-12
-16
-11
-1
-7
-4
2
-2
-1
-10
-14
-3
-2
-3
2
8
2
3
9
1
6
8
6
4
0
-3
-2
4
-3
4
6
-2
10
6
8
15
8
12
3
1
16
23
7
9
13
2
7
17
8
-4
-8
1
5
-3
0
2
-2
0
-7
-4
1
-1
2
-7
-7
-16
-12
-4
-6
1
-2
3
-5
-4
-1
-12
-17
-8
-2
1
3
-5
3
-1
-8
-9
-16
-20
-15
-6
-3
1
0
-2
-4
-1
5
1
11
14
2
0
-1
-3
0
7
7
14
11
5
10
6
1
-3
-8
-4
-10
-7
3
-6
6
18
5
6
-2
-2
14
3
3
-8
2
9
1
3
-5
-10
-11
-3
-1
-6
-11
4
7
5
13
15
19
13
-4
2
14
0
-6
2
11
2
10
21
1
2
1
-5
-2
-5
-18
-18
-16
-13
3
-2
-2
-7
3
20
1
7
10
1
11
4
-11
-9
-13
-14
-10
-10
2
-4
-14
-4
11
4
4
6
7
11
0
-1
-4
-17
-26
-26
-30
-29
-26
-22
-17
-2
9
7
-1
1
9
7
9
-2
-1
-4
-13
1
5
3
9
11
15
10
3
3
7
7
7
16
16
12
8
16
10
9
12
6
16
17
15
19
14
3
1
0
-7
-2
1
-11
-3
-2
-11
-10
-13
-9
-5
4
-5
-14
-11
-8
-12
-8
-3
-3
-4
1
1
-3
6
6
10
7
6
4
-8
3
8
-5
-4
-7
-1
-3
5
4
1
4
-3
-4
-9
0
7
11
4
2
5
-3
-4
1
-2
-10
-2
-2
-10
1
0
-7
0
-4
-23
-14
-10
-14
5
0
-3
2
-6
-1
-3
-3
-9
-7
-10
-13
-2
1
6
3
1
8
11
0
-10
-3
-5
-9
3
11
8
13
9
2
14
3
-1
10
16
19
13
19
21
11
12
5
0
0
-4
1
6
13
13
13
23
13
0
-4
-6
2
-10
-12
-3
-11
-1
-4
-10
13
0
-3
3
-5
5
3
-14
-11
-8
-17
-4
-8
-28
-27
-19
-15
-20
-5
4
-4
-9
-4
0
-7
2
12
2
4
8
18
18
2
2
0
-6
8
4
-6
-2
-5
4
5
-6
-4
-4
-1
6
1
2
11
3
0
-2
-9
1
2
3
6
-4
-7
-8
-12
-18
-6
-13
-15
-3
-4
2
1
3
8
1
2
14
-5
-8
-5
-7
-3
5
12
1
2
5
16
19
21
29
22
18
22
22
15
4
-2
-4
-7
8
5
-3
4
14
10
3
9
5
1
2
7
3
1
5
4
1
-3
0
-16
-19
-23
-27
-25
-23
-13
-12
-3
6
-2
-9
-3
-3
-14
-15
-7
-12
-8
-7
-18
-3
-2
-7
-3
-14
-12
-8
-19
-14
-11
-5
-4
-10
-13
-3
1
8
14
1
2
8
2
-1
7
1
3
6
15
7
3
15
3
15
21
15
17
29
31
21
22
9
6
11
2
10
15
10
16
9
-2
2
2
4
-3
5
8
-3
1
-5
-1
-4
0
-3
-21
-12
3
-1
-13
-11
-8
-12
-11
-13
-12
-1
-9
-14
-15
-8
-7
-15
-18
-22
-16
-6
-10
-6
2
3
1
-3
-8
-2
-2
-8
-3
-6
-21
-11
0
-2
-1
-5
4
27
22
9
14
20
21
21
20
20
30
21
7
2
-1
-2
-8
-12
-7
-5
4
7
11
5
5
7
-7
6
2
-12
-1
-5
-4
-1
-9
-15
-2
1
-13
-7
-6
-20
-10
-2
-10
-1
-1
-5
1
0
-4
-3
-8
-3
-5
-11
-5
-13
-7
11
17
15
7
10
9
8
12
3
6
24
27
13
19
13
4
4
-9
-15
-3
-7
-15
-3
-1
-2
3
0
-2
3
3
-6
-12
-19
-8
5
-6
-5
-4
-2
-8
-14
-2
-2
3
5
8
9
4
7
9
0
-7
-1
-7
-10
-9
-13
-6
4
-6
4
15
2
8
13
5
14
10
-7
-1
-8
-15
-13
-12
-9
-12
-18
-16
-5
0
-5
-6
6
4
-1
-9
-2
-2
0
15
-2
-2
6
-2
11
9
9
20
9
14
7
-2
4
-7
-5
4
1
8
6
7
17
23
19
16
17
3
-1
-2
-5
-4
0
-2
5
11
8
9
4
4
-1
-3
-3
-4
-7
1
-2
-16
-7
-18
-23
-11
-16
-12
-9
-15
-4
-10
-8
2
-7
8
4
1
5
-5
-7
-12
-10
-13
-14
-13
-22
-9
-7
-9
-2
5
-2
1
9
3
1
13
25
17
12
4
1
1
6
-4
-16
-7
3
9
9
8
11
14
12
4
14
16
9
11
12
-1
2
-2
-4
7
-4
2
11
11
0
3
8
-5
-10
-11
-6
-9
-14
-3
-1
-4
-2
1
6
-4
-3
1
-7
-5
-19
-8
-2
-9
-9
-23
-20
-14
-15
-2
17
7
9
8
3
7
-2
-10
-8
-6
-11
-9
-2
12
6
6
23
20
9
-2
6
24
19
17
12
8
18
20
15
4
7
-1
-5
12
7
10
8
10
2
-9
1
-1
-10
-12
-13
-13
-24
-30
-16
-10
-7
-10
-1
1
1
5
-10
-6
-10
-22
-18
-23
-30
-30
-33
-17
-19
-19
-2
-11
1
4
10
11
-2
2
11
12
8
25
14
6
15
5
9
17
15
15
17
18
26
23
17
16
4
0
-2
3
-3
3
9
0
5
2
16
13
6
8
5
5
-3
-14
-14
-10
-19
-14
-20
-23
-3
3
-6
-6
-11
-27
-24
-8
-1
-5
6
4
10
15
7
4
-12
-20
-5
-3
-3
10
6
8
10
5
7
13
16
6
16
13
7
13
19
21
4
-16
-10
-8
-13
3
1
0
11
10
5
7
-10
-12
0
6
5
5
6
1
1
-10
-14
-22
-30
-22
-26
-25
-28
-29
-25
-23
-10
-9
0
1
-9
-2
9
-1
0
1
-8
-9
-6
-12
-22
-15
-2
-1
1
13
16
10
15
21
32
26
20
19
13
23
28
14
15
25
16
13
13
12
18
18
22
26
16
17
12
-3
-7
-4
3
6
10
8
3
-5
-22
-18
-18
-20
-10
-5
-1
-2
-12
-9
-3
-11
-8
-15
-11
-7
-17
-18
-14
-8
-15
-18
-7
-3
-10
-5
-5
2
-2
-10
-11
-8
-1
3
-4
-8
-6
-7
-1
-2
1
5
0
-5
-7
-15
-11
-2
-9
-14
-11
-2
-3
-4
1
14
10
11
29
16
12
22
14
4
9
10
-1
-3
-3
3
14
11
8
19
14
15
12
15
21
10
11
14
17
22
16
5
8
5
0
3
-14
-12
-11
-20
-22
-19
0
-6
-12
3
5
-3
-13
0
5
3
-1
1
1
9
6
-11
-10
-11
-19
-15
-10
-12
-11
-9
-12
-1
-1
-3
9
-7
-8
-15
-13
-9
-24
-5
1
-13
-9
-4
-13
-14
-1
2
1
-2
3
6
1
4
13
11
10
15
13
-1
-1
4
7
11
3
2
11
4
0
6
-5
0
3
0
9
7
9
5
11
15
12
18
12
15
16
11
15
6
6
-1
-5
1
-12
-6
5
8
12
7
11
15
3
-2
-5
-5
-4
-15
-20
-30
-28
-21
-18
-15
-5
-5
-4
0
-6
-5
-11
-15
-19
-18
-11
-15
-13
-13
-6
3
1
1
-2
6
12
16
13
19
8
-11
-6
-6
0
-2
-5
-1
-5
-4
19
25
17
22
17
11
4
3
7
8
14
0
-4
9
1
0
0
-7
-12
-9
-1
3
-2
11
15
14
18
7
4
-2
-6
-13
-10
0
6
0
-6
-3
-15
-7
-13
-20
-7
-2
-7
0
4
1
4
-4
5
-6
-11
-2
-15
-12
0
-2
-9
-5
0
-11
-4
7
2
7
0
-5
4
2
-4
-11
-12
-5
-5
9
13
18
14
4
8
2
4
7
3
-9
0
2
3
3
5
5
7
13
6
5
8
15
20
25
14
8
6
2
10
1
2
6
4
9
19
14
4
4
11
-9
-21
-11
-15
-24
-26
-13
-14
-21
-9
-16
-15
-15
-21
-18
-22
-19
-22
-16
-2
-5
-10
-7
-10
-10
-1
-4
-8
8
12
3
8
-3
-17
-12
-11
-4
-6
-1
12
2
8
11
6
3
17
22
21
24
12
0
-9
-8
4
16
11
7
16
12
7
16
18
9
3
11
11
14
25
11
5
15
9
17
12
-5
-1
-16
-20
-11
-7
0
1
7
5
3
6
4
1
1
4
-3
-1
3
8
-1
-7
-4
-12
-5
-15
-21
-18
-15
-3
-16
-12
4
-5
0
1
-9
-8
-7
-5
-12
-9
-8
2
3
-16
-9
1
-10
-16
-18
-17
-16
-3
-4
-5
7
8
1
-8
-3
-13
-10
-12
-14
0
-14
-4
9
2
9
9
2
5
7
4
-5
0
6
17
14
17
28
17
16
9
4
23
11
4
14
2
14
16
14
19
21
15
9
18
15
6
-1
-2
-3
4
6
13
5
9
14
15
21
15
14
-8
-26
-26
-14
-21
-25
-6
-8
-3
-4
-10
-13
-3
-6
-16
-9
-13
-12
-18
-24
-11
-8
-15
-14
-22
-24
-15
-14
-11
-10
1
0
-10
-4
-11
-24
-24
-11
-5
3
10
11
21
22
16
5
9
10
8
5
10
4
0
6
8
-5
-5
6
-2
4
11
11
20
18
11
20
21
25
12
8
10
2
2
-6
-17
-15
0
-7
-1
9
2
5
3
-3
-4
-7
-10
-20
-18
-6
-10
-10
-2
-6
10
11
-1
5
-5
3
3
7
16
10
18
22
16
7
-1
-8
0
-1
-4
2
-8
0
11
8
2
1
-3
-7
-5
-11
-5
-4
-1
-19
-25
-16
-24
-21
-8
-4
-1
-1
1
-1
-17
-17
-10
-5
-3
-4
7
8
-4
3
8
4
13
16
10
9
8
15
11
1
8
-1
-4
-1
2
1
1
8
7
9
8
0
-1
2
0
-2
-7
-3
-8
-21
-8
0
6
6
5
9
5
1
-3
-19
-10
-8
-17
-4
-3
5
8
-2
-5
5
7
5
6
-8
-5
-7
-9
-6
-19
2
2
5
20
11
14
18
13
13
15
4
11
15
2
-6
4
3
-19
-14
-16
-17
-7
2
6
0
4
4
5
11
7
2
5
2
5
11
-6
3
9
-4
-3
-1
3
-8
-10
-4
-1
5
3
6
4
-2
6
13
0
-4
-5
-11
-2
5
13
9
9
0
-8
1
-3
-16
-7
-6
-19
-16
-21
-9
-3
-12
-16
-27
-24
-18
-10
-7
-23
-13
0
-15
-12
-10
-15
-3
-4
-2
1
0
4
18
18
5
12
6
10
23
15
13
15
4
13
8
12
13
24
33
13
24
24
21
23
5
-3
3
1
6
3
18
24
13
20
23
12
-7
-10
-16
-8
-9
-20
-11
-10
-13
-4
-11
-10
-11
-20
-8
-9
-12
0
-2
-8
8
6
-3
-4
-9
-16
-22
-22
-26
-22
-27
-16
-7
-1
15
11
21
27
15
12
0
-4
-2
-7
-1
3
-12
-20
-11
-1
5
-4
-2
7
10
11
8
3
4
8
-7
-21
-22
-16
-14
-23
-15
-11
-1
8
13
16
14
11
-2
-2
-1
4
7
9
12
13
18
10
13
16
-1
-6
-8
-10
-14
-6
-1
5
6
-3
11
16
9
18
17
11
11
1
-2
-2
11
-2
-8
-5
-19
-8
3
4
11
19
13
10
0
-3
6
8
2
5
-3
-1
5
-5
9
2
-4
9
10
8
5
-6
-8
4
-7
-12
-1
0
0
-3
-11
-11
-18
-10
-14
-28
-28
-28
-17
-19
-15
-12
-13
2
0
-2
-3
-14
-6
-13
-7
-15
-25
-22
-23
-23
-15
-2
-5
17
24
19
17
23
27
19
25
32
24
21
20
16
7
2
13
10
8
17
24
34
28
18
20
10
14
4
-12
5
9
1
-10
-2
-2
-9
4
-4
-17
-10
-11
-13
-14
-14
-10
-17
-15
-13
-9
-14
-24
-12
-14
-13
-9
-14
-6
-14
-12
-5
-14
-13
2
7
1
12
9
1
18
29
17
17
35
9
-1
-9
-22
-14
-21
-18
-23
-21
-2
5
12
14
-5
10
21
0
11
8
-13
-8
-4
-3
5
-3
-3
4
-8
1
8
-2
23
14
2
15
8
9
5
7
6
0
-12
-23
-10
-6
0
12
15
14
12
17
14
10
14
3
-2
3
6
4
5
0
-4
2
-1
5
5
-7
9
20
17
16
9
-2
9
10
-6
2
-8
-15
-2
-9
-14
-10
-8
-13
-20
-12
-14
-20
-10
-20
-29
-26
-29
-30
-23
-21
-27
-22
-18
-11
-20
-27
-24
-34
-23
-19
-15
3
10
8
13
5
8
22
13
9
7
-2
11
4
1
10
14
18
14
24
18
15
20
29
40
34
36
40
45
51
49
39
35
41
30
24
12
8
14
4
-7
-3
0
0
-4
-6
0
-3
-9
-16
-19
-21
-25
-24
-24
-34
-30
-33
-33
-17
-31
-33
-19
-14
-20
-12
-14
-19
-8
-19
-18
-20
-27
-34
-25
-25
-16
-5
-3
16
6
15
24
22
16
4
8
-2
-6
5
9
11
9
19
17
16
17
9
14
13
21
23
17
16
12
12
15
-5
-7
-17
-23
-17
-17
-4
-10
-17
-6
-11
-14
-3
-7
-9
-3
-8
-11
-5
-10
-5
2
-1
4
-6
-5
-8
-6
13
3
4
20
20
11
19
28
24
19
13
29
27
23
34
19
15
22
13
14
10
1
-6
-8
-8
-9
-7
-7
-2
12
-3
-14
5
0
8
-3
-10
-17
-18
-11
-31
-44
-51
-44
-37
-15
-23
-32
-12
-11
-2
31
15
-5
81
86
-13
-142
-59
145
109
-35
-157
-89
-54
-4
195
488
177
-727
-846
291
1104
405
-622
-492
20
-328
-268
861
828
-1044
-1693
-244
901
85
-1039
-939
-135
64
-411
-444
-194
-149
-738
-379
644
490
-757
-1246
301
1231
452
-538
-129
789
405
97
654
1049
729
617
1526
1732
1612
1616
1322
1298
1309
1783
1552
1098
1259
894
573
542
1084
714
-289
-27
20
-165
-905
-1067
-1177
-1560
-617
-899
-2296
-3932
-3049
-1316
-1447
-2013
-2686
-2429
-3243
-3159
-1671
-838
-1749
-3547
-2361
-811
-1508
-2931
-2466
-822
-937
-1642
-2464
-3180
-2603
-1070
516
1131
1190
334
2387
9377
11935
3630
-5419
721
14604
18189
10029
2111
1618
3950
8678
14223
14913
6217
-6317
-8338
1278
10313
6498
-5176
-10914
-8653
-5107
-5986
-8280
-9605
-11232
-11620
-10490
-9124
-10745
-13394
-11854
-7440
-3058
-2252
-4631
-7926
-8533
-2512
5124
8261
4576
384
1322
4041
6052
7523
10344
8658
1352
-1036
5003
10151
5562
350
2615
5359
2086
-2526
-151
4530
4307
1058
173
3006
2935
-239
-493
4478
8242
4147
-454
484
4098
4586
3086
3454
2702
42
-1414
238
965
-2059
-5227
-4829
-3591
-5117
-7570
-8913
-9055
-10411
-11598
-11067
-8631
-5205
-3528
3246
16046
16064
-3760
-16554
-1299
24843
31346
13088
-5968
-7151
4238
19195
28399
24035
6004
-12474
-12056
4935
19115
14132
-3584
-14688
-13857
-7321
-5752
-9144
-13631
-16384
-14095
-11802
-14107
-21577
-24910
-18387
-9095
-3770
-5875
-12111
-18696
-19617
-9800
3850
10594
4402
-6319
-9404
-3130
7057
12508
12217
7743
2763
1516
4328
9471
11210
9011
6504
6438
6609
3358
404
1865
6986
10729
9947
5986
1086
-981
2232
9358
14540
13004
7690
4019
3479
6307
11367
14413
10146
5178
7576
10534
5631
-1103
1885
8632
8471
1597
-5657
-9108
-8406
-4774
-2258
-3512
-8042
-14143
-16303
-11810
-6365
-6373
-10084
-11033
-9896
-8881
-7624
-5942
-5423
-5909
-4485
-2269
-2596
-5522
-6084
-3564
-1119
-1395
-3176
-4381
-5261
-4102
-818
7953
16791
12241
-8173
-21369
-4495
24485
30849
9628
-11988
-14347
-1514
16224
28580
24089
2782
-17909
-15938
5130
21702
16626
-2498
-14059
-11615
-2907
466
-1944
-5573
-7590
-5215
-2590
-4759
-12644
-16849
-9963
1390
7975
4893
-4841
-15370
-18068
-6329
10902
17694
6805
-9675
-14602
-6182
6083
10810
7671
708
-6015
-8342
-4957
2671
6644
4054
-54
-124
1839
-509
-3781
-819
8431
15198
12923
5726
45
703
6402
12809
16336
15450
11260
4723
1474
5623
12426
13741
7849
2652
1880
2390
86
-3536
-2402
1263
1838
-2746
-8386
-12182
-13059
-8235
-1504
461
-4095
-9617
-10736
-7054
-535
3553
3127
352
-2666
-3287
-753
3014
3266
948
224
610
-1556
-5972
-7943
-6256
-4249
-6203
-10233
-13908
-15050
-14206
-10089
-5206
-1416
2961
885
-10829
-21063
-8753
18091
27582
12118
-7084
-8568
3804
18980
29824
28020
13124
-5321
-8957
6045
21769
20495
2894
-10103
-10192
-4673
-2286
-3654
-4186
-6848
-8667
-8084
-7811
-10880
-14552
-10073
-410
5653
2052
-8034
-15305
-14297
-2801
10366
13972
5177
-7107
-9031
-1675
7299
10796
7554
1162
-6122
-8260
-4490
1390
3000
-955
-4116
-3741
-2598
-6230
-9444
-3818
6606
10816
3829
-4150
-4845
-99
5168
8880
13459
16036
12231
5576
3884
9952
18012
20560
15816
8771
9130
13905
11497
4222
5915
16000
16137
3195
-7202
-5618
1123
3208
779
-2224
-4813
-8452
-12013
-9190
-1657
1973
-3111
-10634
-11870
-8629
-6408
-7272
-7943
-6261
-5472
-7312
-11105
-13436
-13480
-10911
-7748
-9861
-15485
-19367
-15426
-9245
-3228
4607
3849
-11972
-29338
-20320
11518
28742
14521
-11671
-18071
-2138
19059
31890
29186
14061
-4690
-7813
9495
28554
27422
7282
-5936
-2798
5857
6843
932
-2305
-2699
317
2408
-735
-8331
-14110
-9832
-651
6152
5103
-4055
-15291
-20736
-11809
4066
11997
4268
-11249
-17273
-9980
2122
7013
3504
-1691
-6472
-8957
-7760
-2051
2157
-483
-4553
-3713
591
-473
-5882
-5438
3779
13158
12576
4808
-1265
-1245
3972
10804
16777
17074
10324
4218
5948
12166
13954
11529
10557
10886
10221
9749
9295
6749
4841
8542
12980
10343
2420
-2946
-2476
527
2855
2295
-950
-4972
-7876
-7939
-5033
-1203
-483
-4688
-9159
-9716
-7432
-7261
-9749
-10064
-7612
-5939
-8626
-13131
-15660
-14524
-11667
-11186
-12144
-13274
-14166
-12910
-4342
6953
2517
-18632
-29341
-9979
18268
22079
1677
-16510
-16018
-974
19255
32231
25136
2065
-15488
-8566
15384
30352
22313
1953
-9536
-6175
3667
9117
6065
-922
-4440
-681
3530
-32
-8887
-12299
-5052
5367
9944
5276
-5938
-16045
-16137
-2963
12438
15157
2337
-13852
-18136
-8509
5869
12576
7034
-5261
-14353
-13092
-4487
3047
3106
-1948
-5277
-4668
-3434
-4106
-3182
2332
8835
11257
8677
5552
3909
3875
6586
12639
18840
16955
8323
1586
3234
9639
12973
10550
6158
4507
3062
-769
-2959
2248
8499
6662
-1315
-6366
-5110
-2475
-1314
-371
905
-25
-4255
-7755
-6440
-2349
317
103
-1066
-2607
-3871
-4674
-4182
-1953
-1251
-2472
-5521
-6977
-7959
-9010
-8920
-8236
-7416
-8587
-9011
-8694
-3838
4675
6917
-5976
-21427
-15555
9556
24016
10971
-11957
-19577
-7637
10835
23743
21586
6457
-10329
-12056
3633
20958
21591
5236
-8786
-8661
499
4586
276
-5846
-7041
-2366
2156
67
-8053
-13974
-10207
-158
7403
7946
1508
-7340
-13247
-8916
3794
13332
9760
-2706
-9661
-6752
119
3165
3143
2251
-1423
-7324
-10516
-7178
-2384
-1812
-3589
-3616
-2162
-4339
-8772
-7274
1969
10584
10764
6579
4431
5019
5938
8928
15973
21902
18734
6264
-1447
5391
16410
16229
7172
3671
5080
1635
-2694
380
5958
4889
88
-1730
-2229
-3398
-3051
-306
2262
2467
1305
7
-775
-1320
-532
2763
6015
3957
-1940
-3228
496
1605
-2223
-5186
-4332
-4859
-9578
-13885
-13054
-10245
-10828
-13208
-14965
-6538
7488
6557
-13955
-32252
-18387
14092
26684
8802
-15493
-21368
-11029
7087
23576
24912
6090
-19020
-23382
-1360
23569
23946
1920
-14978
-12828
-205
3999
-1960
-7490
-8513
-5195
-2888
-2975
-6430
-10300
-8346
-1009
8112
10156
3731
-4798
-6801
3507
16335
20163
10571
-1919
-3646
3964
12553
12989
7668
1897
-2921
-4738
-3294
1107
1553
-4498
-10154
-8876
-4592
-7392
-13238
-11846
-3030
2520
-1174
-5611
-4150
1343
4674
7578
15683
19287
9602
-4019
-916
16859
24969
16281
4501
347
147
2880
8423
9884
2923
-6456
-8944
-4852
-787
-979
-3207
-3505
-2962
-3818
-4641
-2232
1891
3892
4895
5864
4234
176
1035
8394
12874
8884
1041
-1221
480
-179
-3245
-4835
-4850
-6981
-11360
-13837
-6730
5293
6411
-12747
-32037
-23753
5172
20813
6676
-17482
-27679
-18780
1992
20469
21347
1650
-22139
-25832
-5433
18786
21243
1934
-15567
-14960
-2571
5042
2964
-3959
-8575
-7506
-2774
-268
-4572
-11074
-10601
-1178
10155
13439
5623
-6380
-10118
1678
20490
29207
18377
-364
-8033
904
15332
20529
14291
3246
-4598
-5402
605
7509
6245
-4028
-12729
-9889
-1274
-1869
-12260
-16774
-8085
2060
941
-7836
-11895
-8270
-1372
6869
12958
12505
4425
-2061
573
9826
17764
16941
8988
935
434
7083
12791
11004
1676
-5641
-3659
2337
1145
-7547
-11294
-6169
-21
-630
-5821
-8470
-5859
48
5326
7201
4559
-648
-2895
2622
12488
16285
9869
213
-1966
2267
5274
3560
-263
-4090
-7242
1157
12882
8567
-16737
-32748
-13589
16935
23260
-816
-26093
-30610
-14647
9280
22531
14259
-11486
-31616
-24029
3221
21836
12755
-9703
-22112
-17458
-4696
2286
978
-6409
-10787
-7398
-3177
-4602
-11012
-11515
-3277
5723
7914
2469
-4422
-8582
-4836
7730
20825
23323
11064
-2187
-4011
5676
16986
19276
13392
3061
-4267
-4345
1462
7821
7501
2380
-1740
-2205
-3889
-8691
-8701
-737
7947
7368
-850
-7656
-8930
-4918
3813
13845
14842
3032
-10073
-8938
5274
16462
13936
2067
-5437
-3225
2405
4924
4395
2669
-1676
-6163
-5168
-283
634
-4897
-9924
-8038
-1536
986
-3476
-8607
-6597
940
5122
3435
783
1700
4653
5832
6091
5896
5801
3734
1401
2212
4344
5866
1159
359
10221
17181
4366
-20630
-22451
3270
23825
15937
-8673
-22245
-19663
-5457
12303
21014
10166
-15808
-29664
-17080
8807
18788
4494
-14184
-20870
-14164
-6778
-4525
-6829
-11917
-13068
-10310
-8153
-12699
-19460
-17897
-8351
2385
5163
-858
-11241
-18086
-10254
8497
24355
22259
6543
-4459
-1980
9937
18792
21479
17805
8379
-1024
-3468
4566
12895
12295
5514
1133
1475
-1716
-7533
-6603
3417
12060
8750
424
-3751
-2461
2663
9128
16297
17483
9766
-1690
-5413
5537
17697
15841
3385
-3203
-574
1250
14
-1583
-1949
-2172
-2982
-4715
-8408
-10512
-10556
-8967
-7060
-7088
-8845
-10842
-9893
-7898
-5139
-906
1344
-15
-3190
-1942
4328
8434
5978
1465
1018
3234
2430
550
882
1708
7835
15707
13253
-5442
-20694
-9066
14063
21537
6814
-12090
-19446
-13949
2544
18089
18472
-32
-20939
-21040
-1299
16285
12109
-3132
-9408
-6154
-3727
-7535
-9005
-7256
-6081
-5682
-7464
-11267
-17050
-17220
-9372
-706
2998
-1055
-8137
-14599
-14136
-3341
10251
16852
10102
-249
-3643
1310
9682
15117
17723
13111
2680
-4194
-461
8947
11008
6573
3113
1434
-3754
-10694
-7741
3666
11312
6323
-3203
-5137
-1120
4802
6177
8575
13608
14207
6949
-422
6394
16250
13093
3479
3502
10419
7654
-1267
-4670
-1454
1010
-1271
-3714
-5990
-7751
-10624
-11673
-7665
-4895
-7681
-13237
-11868
-6196
-4092
-4895
-5186
-3041
-1072
2146
7081
7396
1905
-2154
1818
7814
7329
3894
1456
1156
4899
14086
15975
720
-15555
-9987
11285
18675
3502
-14759
-17668
-6861
5804
13067
9449
-6093
-22178
-21385
-1025
16170
10342
-9130
-17070
-8184
654
-1237
-7230
-8054
-6422
-6119
-7849
-10929
-14457
-15431
-9649
-1192
3634
666
-8212
-15583
-13346
1281
16747
18291
6333
-3924
-1576
7445
13866
16172
16278
11875
2414
-3471
1387
11386
13245
6166
586
521
-1585
-9338
-11278
-750
10133
6614
-5641
-10985
-4480
3257
3161
3506
9084
11461
2347
-4643
5161
17365
14304
2773
1680
8344
9219
3617
-2515
-3299
190
3420
1438
-4726
-8441
-8434
-5584
-3986
-6237
-9480
-9381
-6554
-6958
-7968
-3672
1099
-570
-4960
-2892
5049
8250
5127
1193
1171
3408
5015
7330
12478
20449
15886
-1743
-14134
-2168
22482
28023
9671
-13737
-21889
-13193
4063
17761
14383
-5860
-27373
-30119
-11133
8423
8916
-7403
-18821
-16615
-9374
-6419
-7150
-5499
-5519
-7458
-10272
-12274
-12409
-13057
-11437
-5601
3221
6043
-3574
-16065
-16271
-1638
11622
12455
6290
1526
2023
3884
7282
13194
17286
14456
4616
-1009
3771
12082
12285
5344
2750
6008
6488
-1921
-8913
-3207
7900
10250
1695
-4023
791
4712
-98
-3046
5884
14068
8200
-1548
-790
4303
3478
3375
7919
8367
1257
-4153
-2534
105
-180
-2493
-3992
-3547
-4344
-7223
-8029
-4711
-1846
-3151
-4328
-3314
-3993
-5856
-4366
-40
2113
2067
3419
4370
2195
-384
918
5278
6468
3414
-511
-690
4443
13573
17370
5447
-11770
-12924
7219
24416
17843
-2322
-15510
-13172
-2831
10432
17778
7451
-15310
-29048
-16914
6043
12606
-2084
-17673
-18221
-10747
-7039
-8882
-8814
-7349
-8750
-9993
-10592
-12881
-17773
-18248
-8139
3807
5431
-4540
-15441
-16088
-5949
7685
13217
8637
1141
-591
3858
8474
12498
15396
16596
13349
6779
3289
5594
9901
10434
9306
9825
7121
-1963
-9435
-3272
10243
14028
3841
-4027
1684
5519
369
-2437
6991
15598
9679
1155
-1186
808
3060
6917
9866
6033
-718
-5242
-4931
-2413
-1354
-2924
-5321
-6549
-9922
-12408
-10198
-6600
-6540
-8426
-6138
-3865
-5748
-7466
-3790
2227
3492
1622
1268
4371
5516
851
-1868
2519
10795
11144
4614
5451
11495
7561
-8665
-13092
7044
26807
20615
-4522
-19661
-12726
4235
17775
18852
7270
-11558
-23851
-17066
2400
14904
6613
-10668
-19440
-15392
-7283
-4526
-6121
-9324
-9841
-9425
-11710
-14919
-15545
-12170
-8531
-5202
-1619
-1814
-8126
-14775
-10984
2127
12181
11414
2929
-2007
-340
5758
12605
16301
14459
6790
1632
4521
11369
12547
6817
3050
5181
8115
4980
-1626
-3025
1168
4269
3029
3522
8190
5398
-5833
-7504
8698
20890
11003
-2626
-1163
6790
7631
7835
12486
10101
-1496
-9354
-3534
7317
8262
-3392
-15772
-14876
-6243
-2796
-6428
-10692
-12850
-13691
-12148
-9981
-9417
-9968
-8160
-6674
-6937
-4749
1460
4651
3012
664
2949
7104
6390
13250
25986
27111
5905
-12789
-1776
23118
32148
15141
-6197
-12281
-6410
5698
17597
19849
3595
-21589
-28381
-9737
12268
10397
-8871
-20691
-17284
-9665
-8766
-7895
-5597
-7081
-11258
-13058
-10121
-9646
-11509
-10674
-6989
-3009
-2042
-3176
-7684
-10408
-3868
8193
15098
7818
-3294
-5400
1190
9821
14055
15230
11015
1118
-5864
-294
13751
17631
8102
-1522
-1395
1678
-570
-1115
3743
7804
4282
-2482
-3004
2218
4273
554
2140
11091
13258
3098
-3333
3356
10298
8941
6867
8113
4981
-1508
-1714
3241
4067
-819
-4467
-3759
-2970
-6322
-10258
-9208
-6010
-5735
-7297
-6538
-5666
-8855
-11335
-6982
191
244
-5321
-7845
-4284
-392
-206
20
2485
3664
2216
7564
16078
13711
-2284
-10997
3737
23344
24114
6440
-8079
-8488
304
13249
21637
15671
-5393
-23661
-18073
3699
15454
4518
-12928
-18583
-13105
-6242
-5110
-7503
-12022
-13432
-8755
-5184
-7234
-13532
-15909
-11492
-4151
2538
3731
-3195
-13501
-13314
1299
15868
15436
2543
-4073
1228
8749
11463
10114
8915
5853
1235
852
6930
11840
7555
959
1213
6111
4545
-4055
-6872
-602
5166
2057
-1585
1171
2995
-1784
-4558
5036
14517
9115
-2271
-1642
8796
13480
9664
6227
5448
2248
-1384
84
3920
3277
-3249
-8729
-8323
-5287
-4584
-7032
-9390
-9844
-8500
-7160
-6752
-6842
-5358
-1173
1957
230
-3187
-2358
2124
5265
4959
4038
4093
2918
6133
17555
23046
9787
-11287
-11701
10249
24632
14085
-7840
-16812
-11902
-1826
8543
13094
4634
-16448
-28301
-15142
8051
12260
-6704
-21867
-16465
-1668
2628
-3974
-9131
-9271
-5831
-2741
-2385
-6225
-12811
-15160
-10394
-898
5111
1874
-8531
-16722
-10940
3814
13670
8666
-3807
-6908
713
9744
12867
13298
11999
4668
-3068
606
15346
22039
11839
-107
1369
10429
10417
3088
1576
6227
6232
-832
-2502
3684
5231
-2317
-5022
5461
12583
4654
-6206
-3721
6272
9457
6397
3092
611
-2273
-2538
462
1744
-1169
-6465
-9150
-8051
-6932
-7771
-9315
-10411
-11711
-10432
-5954
-3373
-5955
-8784
-6112
-853
2136
2503
1718
1241
1795
5063
8736
9625
8066
5023
8858
18975
22808
10248
-6751
-4251
15119
26000
14489
-5718
-16526
-14719
-2952
12277
16404
910
-23454
-32433
-17147
3761
6858
-7657
-20849
-21403
-13644
-6669
-2886
-3058
-7013
-9565
-7086
-2089
-1377
-6038
-9421
-6359
2306
8848
5532
-6022
-12751
-4509
10084
14693
5802
-3311
-3041
1679
5779
9922
12951
8573
-2062
-6023
3461
15188
13438
2095
-2048
5640
12939
8741
548
-288
5144
7253
5420
6368
6717
992
-5842
-474
11599
12378
964
-6045
-149
6920
7834
4627
1192
-1640
-3395
-1437
709
-1219
-6582
-9827
-8323
-6479
-7616
-10633
-11774
-11686
-11436
-8979
-5930
-5957
-8587
-7250
-1022
2710
931
-1225
1298
5436
7353
8443
8821
7633
5919
7966
18067
25709
18223
-852
-10617
2538
21993
24478
7084
-11301
-16686
-9575
4685
14686
9665
-10222
-26854
-23191
-5945
4922
-1242
-14338
-20609
-16956
-9776
-6845
-7871
-10805
-12000
-8819
-4240
-3009
-8079
-13163
-11061
-1721
7815
8195
-729
-9986
-7640
5213
14978
13095
4256
305
1768
4322
7481
11139
11752
4484
-2859
20
9301
11265
1951
-3791
2809
11746
8382
-3001
-5612
2124
8363
5402
3048
5943
5287
-1631
-3919
6935
16163
10580
-762
-2321
4668
7686
5797
4201
3505
862
-2305
-2355
-1525
-1607
-2930
-4781
-7101
-9964
-11807
-11628
-9535
-8405
-8405
-8711
-9637
-10361
-8859
-3951
662
406
-2010
-1361
2840
7047
8627
8869
8355
9013
8848
10648
18593
23912
16248
-1384
-6795
8302
23002
18654
429
-12864
-14346
-6727
5777
12369
3562
-17054
-29494
-21405
-3768
3363
-6274
-18204
-20876
-14965
-9203
-8418
-10994
-14237
-12438
-6367
-2516
-6205
-13564
-14667
-7798
1956
7076
3395
-4909
-8821
-1644
10075
15120
11402
6018
5122
6064
7748
11527
15547
13657
4902
-144
4913
12386
10732
2989
1806
8064
10846
3254
-4798
-2737
4071
4676
-227
1148
5651
1463
-7216
-4297
9737
12721
1069
-5939
887
9630
7962
2160
844
2745
2426
-482
-1640
-1383
-2413
-5072
-5868
-4947
-6293
-9910
-12500
-11795
-9488
-7094
-6196
-7612
-9137
-8646
-5317
-1473
1226
2268
906
8
2185
7703
12235
10799
7006
5700
8531
15967
22636
20363
5969
-7282
-2926
13317
22317
12884
-5049
-15617
-13252
-1617
8635
8483
-4185
-21164
-27206
-15660
957
3015
-10503
-22179
-19943
-9881
-6413
-11057
-14975
-11932
-5428
-4720
-9541
-13735
-13552
-9540
-3495
2994
5035
921
-5103
-5987
722
10170
15377
12259
5893
3080
5648
10656
14031
15063
12258
6915
3386
5036
9846
11471
10072
9144
8636
4614
-2153
-3019
3086
7714
4407
-1656
-982
1771
-301
-3891
-581
6209
5263
90
-489
2834
2725
297
2233
6385
5977
-889
-6952
-6189
-1649
396
-2066
-4991
-8415
-12605
-12895
-7742
-3259
-5538
-10047
-10738
-8263
-6112
-4568
-1473
1607
1834
-1173
-1281
4011
9792
10772
7669
6365
7486
8422
7471
11849
20086
18820
2345
-13587
-6823
13363
21216
7826
-10611
-16960
-12406
-2567
6440
8008
-2981
-20864
-26885
-13746
4030
5271
-8526
-17722
-14188
-6835
-7263
-9903
-7900
-4414
-4383
-8800
-10867
-10080
-9104
-9059
-6635
1210
6775
3133
-7172
-10452
212
13676
17056
8907
2250
3379
7233
9901
12053
15936
14601
6329
589
5404
14576
14384
7314
4083
7850
8293
796
-3376
361
4905
3272
-544
-1070
-1656
-6164
-7200
806
7504
2697
-6195
-5320
1979
3491
499
2308
5757
1801
-5675
-5496
1624
4688
197
-4891
-5665
-5845
-8182
-7519
-3056
-1355
-5041
-8865
-7700
-5031
-3903
-1368
2227
1446
-3088
-3692
3063
11324
11679
6715
3633
4844
7017
6605
6903
6839
9814
14275
11633
-1868
-16209
-10946
8529
19130
8451
-11878
-22244
-19965
-8199
6399
13014
1695
-21827
-32611
-17585
7592
14296
-801
-14759
-14473
-6151
-2952
-4097
-4197
-4124
-3442
-3317
-3951
-8251
-13218
-10792
-600
9563
9098
-748
-11088
-12148
-1641
11745
18392
12142
627
-4230
478
9788
15158
15288
10737
4437
2309
6373
12044
10868
6349
6113
8698
6186
-3030
-7206
-1488
5867
5147
-853
-3698
-4137
-5363
-6070
563
8289
4143
-7237
-9506
100
5590
2702
850
1901
-616
-4929
-730
6988
5869
-2991
-7308
-2025
2518
-425
-5150
-3716
383
-1154
-6231
-7055
-1865
1483
-62
-1954
-843
2092
2692
2837
5035
7659
6934
2938
835
1848
5223
6232
3152
-1349
-4290
1658
8673
5230
-8731
-17369
-6772
7763
8789
-4197
-14935
-15690
-11404
-2687
6155
7100
-5816
-20327
-17788
-539
12483
7523
-4921
-11170
-9163
-3258
774
2274
-1719
-6895
-6659
-3179
-1957
-6011
-7487
-3439
1809
3428
-71
-3952
-6561
-3818
3633
10346
11610
6259
1622
513
3497
10228
17340
18871
9784
-739
-996
7765
13045
8706
4090
4086
3339
-3725
-10088
-5504
3885
5027
-3511
-8000
-4329
-2538
-5660
-4496
4678
7789
-1596
-9805
-4825
6167
8419
2854
-99
2260
4146
3015
2562
2702
1487
215
1720
3831
1919
-1928
-3152
-1688
-843
-1088
-848
-1495
-3760
-4214
-284
3693
2439
-1104
-811
2334
2617
666
1147
3660
3192
-906
-4167
-4032
-2755
-3070
-4325
-4496
496
5259
-937
-14720
-19579
-5707
9576
8070
-5451
-15419
-14429
-7544
3542
13786
13519
-1013
-18106
-16975
3068
20501
15593
-2661
-11363
-5735
2303
2248
376
1628
1694
-1725
-6718
-7299
-5298
-4807
-4427
-142
6103
3575
-8041
-15909
-7955
8830
16131
10906
2049
-990
1384
5579
11862
16704
14553
3376
-6162
-3508
6374
10013
2702
-3487
-2347
-964
-5555
-10644
-6944
403
1686
-3110
-5353
-3991
-5623
-7904
-1519
10797
11638
182
-6017
1070
9236
9014
8145
9751
8422
2595
201
4680
9284
8148
2786
422
1889
1724
-1069
-1527
805
423
-2991
-4872
-3941
-3510
-3311
-1177
-156
-2443
-5441
-4953
-1227
2166
2293
-1703
-6506
-7668
-3561
1062
-264
-5409
-9169
-8863
-5452
-4174
-4552
-1198
2368
-2551
-14277
-15420
467
13543
9061
-3512
-8909
-7468
-2864
7955
18702
15616
-2252
-14490
-5869
12269
18866
9540
-560
-2827
-1484
-1723
-1498
1454
776
-3558
-4638
-1815
-2272
-8321
-11154
-6083
1503
3897
470
-4491
-6786
-2369
6044
12195
11402
4730
-672
-1464
1988
6276
8557
6671
-412
-6564
-5686
269
1845
-2866
-5273
-2876
-2323
-7498
-10353
-5387
75
-330
-2482
157
2455
-839
-3102
3069
13206
13268
5945
4288
8453
9023
5523
9242
15332
10766
-402
-1628
8032
11578
5540
-109
580
1137
-3339
-6323
-3882
-297
-2998
-7998
-7691
-4669
-5041
-7827
-4937
342
-538
-6499
-9044
-3945
1313
1454
-1138
-3483
-4192
-4557
-3590
-1889
-1407
-1249
-3881
-6530
-7402
-5007
-3248
-2618
3632
7018
-785
-14568
-13614
3896
15677
11479
-1308
-7668
-5473
3287
15515
21118
14833
-1557
-11540
-4161
10968
15800
4991
-3978
-3094
314
-2901
-8240
-6235
-1511
935
-2348
-6290
-7334
-8369
-7637
-3670
4891
9216
1749
-9672
-12055
-1357
8557
8649
2873
-825
-988
-3697
-3893
2980
10604
7171
-6165
-11222
-3192
4501
124
-6413
-2046
4689
1206
-9020
-8286
3705
8957
2757
-1761
4712
8223
1048
-3475
6509
20296
15850
707
-3956
5865
14257
11447
7230
5988
4054
458
984
5303
6146
2101
-3608
-6485
-6587
-3951
-619
-1364
-6556
-11560
-10265
-5981
-4440
-4955
-4134
-2490
-4696
-7849
-6354
-1112
2239
1741
-63
-1329
-1609
-1250
1063
3697
2971
-8
-1945
-2077
-3521
-5293
-4238
-1475
-1420
-4949
-364
8358
6249
-8752
-16578
-1455
15865
15586
2579
-6120
-7498
-6216
5040
20911
23495
2007
-22432
-19071
6158
23410
14551
-1652
-7698
-7542
-7166
-4317
6050
8753
-1881
-11891
-9947
-872
-1241
-8209
-9611
-722
8429
5307
-6066
-13923
-8653
2354
7571
6289
1090
-3155
-7992
-8387
1418
14414
15656
-1421
-15879
-10266
7253
13128
2810
-4152
-1371
1657
-1982
-2905
4199
7441
1409
-3550
3140
10544
5261
-3316
-516
10102
10829
1988
-259
5699
6756
466
910
9486
11222
468
-7212
-1048
7026
5124
-2643
-5737
-4147
-2971
-1899
-507
-1860
-7175
-8969
-2782
3847
2176
-4873
-6359
-1245
3137
3143
2341
2946
2520
607
-401
759
1702
-154
-2622
-1637
1007
628
-3001
-7238
-8595
-5636
-1953
-2012
-7002
-12315
-10897
-8661
-3609
7490
8991
-5641
-25080
-16561
11050
22946
11110
-7096
-9167
-5064
3733
16259
24140
15913
-7346
-16970
-1963
20510
19772
-1237
-11974
-5528
5206
2791
-2399
-920
-548
-1910
-4198
-864
466
-4036
-6696
-3177
6703
7946
-842
-12071
-12291
1158
9378
7708
-1533
-5700
-5060
-5352
-1856
4188
8668
741
-11315
-12175
-2099
6466
1786
-3809
-2085
440
-3646
-9509
-2623
8172
7782
-2705
-5931
3683
7279
866
-2518
6316
14220
7061
-2568
-1107
6569
7566
5009
6555
6196
357
-1898
5926
12106
7333
542
319
4280
4114
1977
3807
6955
4973
-2384
-3744
2094
6018
3442
100
1024
643
-2445
-3770
-1418
190
-1690
-3833
-5216
-6671
-8385
-8244
-6962
-7923
-9472
-10092
-8674
-7875
-9383
-9798
-7549
-3923
-4898
-9529
-12600
-11174
-5733
-2708
-964
3407
5737
-816
-12130
-9856
7722
20793
16024
2841
-4314
-3303
4324
15151
21813
16975
2917
-6782
-2643
10934
19063
14548
6113
2421
4096
4786
4091
4224
3273
2244
886
-967
-5010
-8668
-8183
-5474
-2553
-2226
-4883
-11365
-16805
-14384
-6260
-46
-242
-4580
-9368
-12622
-10732
-3694
2516
919
-6203
-8403
-4053
507
-144
-749
2911
5339
2131
-2893
-1962
2067
3529
3675
7184
10445
5213
-2769
-1539
8929
14265
9892
5450
6144
7820
5857
7508
14216
16983
10674
4009
8362
15757
13790
4697
2255
7289
8313
3440
-179
1342
1362
-2522
-4961
-3654
-2635
-6363
-10705
-11270
-8834
-7230
-8626
-9799
-8856
-6212
-5774
-9165
-12320
-10580
-4613
-1770
-5221
-10777
-11374
-7497
-5457
-6344
-7095
-6603
-8814
-13128
-12604
-6042
-3387
-6802
-10662
-6522
1931
5228
6872
4195
701
-1823
4883
18345
22393
15891
5306
3677
8848
16051
23425
23298
13820
-80
-2802
7709
17505
15682
5073
1632
2315
725
-4199
-6078
-325
1133
-2114
-6877
-8594
-10523
-14717
-12056
-3960
2615
-4080
-17378
-22001
-15759
-4794
-1801
-3717
-5901
-9012
-12354
-13752
-5471
5372
7001
-2418
-9932
-3821
4562
4793
-832
412
8304
8610
505
-5742
11
9352
11376
8347
6729
7800
4013
778
6238
16523
18927
9804
4081
8197
12240
10511
9395
11989
12271
8020
4423
2962
3218
5159
7438
5928
1387
-2348
-4581
-3821
-162
2874
122
-6559
-11155
-9535
-4039
-1749
-5323
-9835
-9464
-6950
-7731
-10102
-9905
-9343
-11821
-13805
-11081
-7216
-8836
-14041
-14205
-8047
-3859
-6264
-10826
-10422
-5199
-2134
-3225
-3986
-2309
-176
-1388
-2413
-650
1644
1875
-61
2699
7499
12794
12620
5870
1621
4348
14985
19343
14059
7754
6406
10144
11487
14558
16949
15248
8460
2568
6601
12429
11856
2736
-2387
499
1595
-2678
-8865
-7544
-4904
-5950
-8493
-11477
-11972
-13662
-13734
-12039
-10398
-9101
-10404
-11191
-12248
-10237
-5672
-3968
-4882
-8137
-5829
-1889
-671
-963
-1412
261
-421
-417
1322
3264
2647
28
1535
5095
7832
6208
2688
2624
5192
9663
11905
11003
8240
7023
10375
13538
13381
10453
10475
13947
13932
9327
5765
9692
12011
7481
3769
4755
5715
447
-2438
841
3733
-13
-7226
-9233
-5977
-2755
-6220
-10343
-9416
-7108
-7993
-11096
-9992
-7506
-7054
-9298
-11624
-11542
-10602
-9375
-10121
-10808
-9929
-9793
-11208
-12256
-8517
-4262
-4998
-9047
-9318
-3228
726
-279
-2410
-110
4269
4165
2427
1603
3508
5229
6345
9358
10026
5962
-70
1112
10082
17908
15758
5369
-1529
1318
11302
18191
17176
10386
2024
-1176
3624
13958
17870
9328
-1799
-5006
20
3638
1879
-1022
-1192
-969
-3286
-5886
-6985
-7636
-9777
-10065
-5973
-3538
-8379
-17203
-19406
-11330
-2658
-3206
-10837
-15378
-14003
-10424
-6898
-2649
535
-2109
-6515
-6185
-207
5211
5316
3647
3734
5667
6625
6916
8187
9854
10761
10904
11541
10591
7129
5122
7836
12127
11858
7791
5392
6152
6972
5642
5020
6329
5859
2471
297
2697
5152
3455
12
161
3627
3421
-1814
-6205
-3660
2267
2708
-2117
-5985
-6280
-6701
-7930
-6918
-4118
-3775
-9109
-14750
-14003
-7185
-2880
-6773
-12593
-13146
-8756
-5911
-6604
-7821
-8331
-7861
-5978
-2483
-394
-2335
-5861
-5707
233
6404
7122
2286
-1313
1791
8156
11098
7919
3894
3722
6017
7385
6081
4424
3586
3820
2180
-1258
-929
1034
1358
-3148
-3743
1448
2262
-2504
-6573
-2011
3326
3266
917
-257
1322
3167
7019
10031
9515
5851
2632
5527
10100
11717
8212
4783
4300
2756
1587
456
-371
-3680
-7292
-7643
-8409
-10568
-13884
-13967
-12961
-13805
-14493
-13859
-12069
-12599
-12315
-7701
-2102
480
-605
381
3430
5520
6832
8269
10696
10389
8596
8075
9496
11030
10757
9826
7924
5598
3090
2512
4228
5116
3273
-828
-2919
-1791
300
1638
1071
-829
-2478
-1119
2224
4497
4507
3969
4259
4195
4403
5005
5833
4960
2405
1366
2167
2332
-902
-4697
-4856
-2136
-1770
-6013
-9713
-9051
-6788
-7501
-9225
-8151
-6874
-8950
-11843
-9940
-4985
-3327
-6367
-8914
-6302
-2194
-1004
-2292
-2262
-382
129
-1
1239
3402
3103
519
-34
2450
4932
4086
1373
-581
-837
120
-29
-1510
-1780
-649
-1159
-4182
-4985
-922
1803
-45
-1956
31
4248
4477
1555
1668
5692
9351
7213
4147
5974
9310
8817
5666
7017
11534
12252
7952
4786
5531
6781
5938
4223
4088
2619
-1019
-4370
-5547
-5493
-6729
-6935
-6236
-8099
-12868
-15441
-12098
-8234
-8849
-11784
-11675
-8911
-8170
-7884
-4589
648
2031
-475
-862
2080
4580
4521
5495
8066
8154
4745
2501
4735
7354
6005
2368
1231
2781
3122
1278
389
2678
4697
4126
3596
4863
5873
4677
4583
6889
8361
7091
5094
5138
5889
5683
4725
3877
3050
1245
-926
-1905
-1240
-1590
-4287
-7165
-7440
-5909
-6025
-7773
-9470
-9396
-8297
-8158
-8627
-7951
-5496
-4252
-4729
-4197
-2513
-2224
-3514
-2021
2019
2851
-1366
-5016
-1902
3857
4296
-677
-3578
-813
1496
-497
-3180
-2068
-103
-2331
-5369
-4599
-1324
-1822
-5805
-7290
-4578
-2019
-2741
-4571
-3589
-638
-565
-2019
-1618
2666
5125
3481
2084
2644
5006
6408
8865
11244
10580
7779
6038
9455
13704
15254
12524
9359
8279
8166
9840
10909
11348
8503
4166
1767
990
2115
1484
-505
-3747
-6571
-7744
-9450
-10361
-10909
-9696
-9583
-12144
-14623
-15166
-11914
-8669
-7318
-7490
-8342
-8271
-7625
-4544
-1051
540
396
103
688
570
1844
4341
5817
4738
2351
757
365
2305
4324
3692
585
-1479
-250
1010
598
42
2115
5625
5531
2658
1423
3669
6596
8108
9846
11312
10802
8168
7212
10455
14609
14858
10610
7740
7943
8329
6667
4734
4135
1744
-3558
-8707
-9158
-6667
-7247
-12359
-16342
-14798
-11967
-13055
-16578
-16524
-13040
-11955
-14127
-14886
-10954
-5962
-4869
-6535
-6539
-3567
-1423
-1387
-962
1531
3551
2027
-508
-836
1442
3225
1944
-886
-2446
-1930
-816
-387
-773
-2226
-3702
-3046
-302
2067
1905
933
892
2016
3614
5792
7997
8405
6816
6354
9894
13023
12050
9506
10667
13248
13229
11854
11673
12596
11350
9508
9147
9897
8916
5376
2837
3039
3466
901
-2605
-4537
-5465
-6940
-9442
-11121
-11497
-11581
-12873
-14903
-14708
-13324
-13858
-16079
-15015
-10272
-7749
-9279
-11388
-10407
-8415
-7328
-5021
-833
2304
233
-3880
-3344
2566
7730
7198
5200
5880
7820
7457
6173
8085
10860
10528
7588
6987
9389
10075
7575
5604
8089
11163
9425
4410
2330
4604
6267
5659
5623
6671
4938
-293
-3049
779
6222
5149
-1804
-6162
-4291
-1299
-2039
-4233
-4887
-5416
-8045
-10181
-8597
-5663
-5998
-9576
-11697
-10051
-6893
-6107
-8084
-9592
-8322
-5799
-4744
-5271
-5988
-5463
-3741
-2131
-1885
-2374
-2376
-2097
-1747
-875
393
262
-1416
-2396
-826
2411
4170
2655
-304
-860
2079
5741
6770
5203
3451
3702
6162
8833
10322
9987
8108
6038
6906
9991
11497
9821
6816
5285
5199
6718
6982
4281
1079
302
992
-39
-1589
-3479
-5155
-6819
-7257
-6305
-6049
-7349
-10260
-11367
-9552
-6628
-5655
-7383
-9217
-9215
-7170
-4593
-3161
-2635
-2486
-1552
-198
991
2200
3452
5193
5270
4380
4313
5770
6923
5885
5000
5567
6461
4938
2476
2447
4469
5508
3826
2794
3995
4297
2277
873
3361
6278
5440
2567
1469
3074
4039
4080
3611
2726
1399
-381
-570
-177
134
-1160
-2704
-2958
-3419
-4836
-7183
-7979
-7264
-6018
-5893
-7903
-9774
-9719
-7635
-6040
-6372
-7612
-8198
-7081
-5449
-4274
-3392
-2768
-2317
-2403
-2141
-1352
-761
-563
-244
1534
3034
2474
679
437
2608
4516
4672
3474
2743
2845
3093
3956
5154
5503
3906
2469
3308
4980
5510
5099
5319
5797
5782
5675
5561
5703
5540
5008
4277
4130
4413
2902
505
-436
789
352
-3115
-6232
-7055
-6346
-6714
-7666
-8447
-9135
-10269
-12020
-11799
-9066
-6515
-7140
-10018
-10110
-6553
-2398
-1370
-2554
-2410
-1937
-1557
-863
1974
3887
2477
989
1087
3232
4212
4779
4575
4298
4525
4705
6337
7612
7848
6097
5901
8476
10588
10497
8747
8221
8773
10270
11395
10651
9059
7789
7698
7536
7431
7363
6211
3999
1988
1961
2586
1445
-1469
-3900
-3952
-3467
-4192
-6169
-8137
-9547
-10706
-10668
-9643
-9309
-11154
-13399
-13486
-11986
-10656
-10836
-11928
-12492
-11832
-9949
-8112
-6781
-7175
-8355
-8046
-5624
-2780
-1641
-1512
-1574
-900
800
2838
3829
2870
1520
1609
3205
5075
6110
6305
5476
4734
5403
7135
8997
9595
9036
7415
6615
7880
9650
10129
8589
7335
6691
6694
6747
6188
5067
3380
2425
1893
1727
1332
25
-1648
-2815
-2581
-2197
-2583
-3878
-5495
-6026
-5236
-3749
-3347
-4475
-6426
-7786
-7051
-5123
-4056
-5451
-7140
-7054
-5903
-5360
-5474
-4970
-4621
-4205
-3831
-3205
-2807
-2625
-2656
-2741
-1674
-360
-400
-2111
-2268
248
2771
3152
2586
2150
1272
1927
5234
7954
7193
5435
5377
6330
7976
10183
10977
10019
8974
8312
7611
8397
10175
9995
7841
5814
4774
3190
2155
3006
4179
3012
-531
-3356
-4151
-2916
-1451
-1443
-3459
-5597
-5763
-4955
-4177
-3614
-2956
-2951
-3478
-4139
-4504
-3604
-2647
-2942
-3934
-3717
-3268
-4470
-6184
-6221
-4461
-4057
-5836
-8070
-7981
-6002
-5065
-5670
-6008
-5248
-4499
-4121
-3997
-3319
-2290
-1767
-1201
121
1162
772
-70
516
2945
5587
5776
3352
1961
3641
5962
5678
4547
4912
5355
4189
2870
3485
4805
4588
2511
949
1254
2239
2094
582
-213
634
1513
1085
71
-385
-220
89
129
136
306
79
-363
-480
172
629
-571
-2443
-2949
-1449
385
972
-665
-3251
-4163
-2546
-247
151
-1084
-2092
-2259
-2026
-1382
13
1151
323
-1430
-1363
678
1790
1017
599
1945
3630
3700
2618
1915
2218
2981
3536
3866
3994
3453
2238
1757
2877
4055
3563
1737
595
906
1882
1662
63
-981
-846
-532
-1413
-2383
-3187
-4033
-4703
-4217
-2503
-2331
-3935
-5501
-4856
-2968
-2086
-2018
-2329
-2078
-1553
-675
598
1197
595
-922
-949
843
2306
1686
-151
106
1951
2712
1128
-301
948
2260
1442
-406
-295
1179
1340
118
-584
587
1379
566
-21
1154
2031
197
-1899
-968
1782
2576
980
60
817
1262
322
-542
3
515
-534
-2531
-3098
-2311
-2819
-4425
-4641
-3475
-3946
-6236
-7271
-5869
-3796
-3150
-4002
-4754
-4558
-4211
-3985
-2699
-660
-28
-830
-1005
-310
347
1148
2550
3582
3150
1885
1304
2614
4585
5070
3999
3385
4026
4455
4349
4342
4842
5006
4361
3680
3348
3533
3704
3828
4285
4589
4288
3526
3086
3302
4175
5144
4729
3039
1505
1192
1639
2259
2766
1860
-452
-2288
-1826
-290
7
-1271
-3085
-4080
-4253
-3729
-2845
-2394
-2753
-3898
-4798
-4754
-4048
-3412
-2982
-2260
-1968
-2564
-3142
-2676
-1621
-914
-600
-1175
-2502
-3691
-3646
-2320
-987
-958
-2755
-4520
-4639
-3651
-2778
-2442
-2430
-2583
-2848
-3472
-3493
-1775
645
1651
944
528
1043
2127
3260
3825
4607
5720
5888
3972
2524
3830
5989
6499
5550
4873
3956
3107
2759
2962
3442
3612
3290
1659
-178
-1185
-747
665
1576
877
-1487
-3455
-4274
-3652
-1811
-254
-519
-2904
-4684
-4764
-4231
-3620
-2517
-1307
-2557
-5685
-7436
-5721
-2888
-2066
-2609
-3203
-3800
-5484
-6491
-4371
-412
1233
-1152
-3863
-3094
197
2203
2055
2261
3512
3919
2965
2506
3801
5660
6614
6305
5655
4832
3893
3907
5763
8013
7518
4234
1522
2012
3878
4736
4061
2799
1719
816
741
1568
2811
2888
1644
869
1499
2241
1533
942
1629
2444
1916
49
-912
-244
451
-590
-2289
-2387
-2428
-4577
-6798
-5458
-2786
-3551
-7290
-9618
-8170
-6066
-6422
-8060
-8562
-7806
-7893
-8365
-7044
-4670
-4175
-5815
-6115
-4188
-1702
-656
-871
-452
422
1710
3061
4309
4779
4323
4658
5766
6482
5886
5517
5996
6236
6697
6996
6816
5589
4370
4416
5075
5697
5326
4158
2578
1812
1979
2220
2346
1923
1200
-56
-1272
-1517
-827
-493
-1449
-2595
-2854
-2530
-3050
-4069
-3976
-2915
-2684
-4464
-6168
-5507
-4026
-4645
-6746
-6913
-5230
-4754
-6132
-7103
-6044
-4739
-4468
-4791
-4520
-2940
-1428
-588
-248
515
1161
1020
1375
3001
5361
6195
5174
3826
3645
5211
7031
7852
7191
5450
3690
3208
4943
6781
6223
3621
1840
2537
3566
3401
2703
3048
3790
3260
2153
1801
2413
2580
2317
2706
3232
2842
1321
614
1520
2374
1801
519
135
-484
-1663
-1902
-995
-884
-2647
-4082
-4492
-4995
-5986
-6500
-6261
-6567
-7631
-8928
-9724
-9792
-9383
-8480
-7624
-7524
-8482
-9270
-8070
-5431
-3272
-2462
-2233
-2308
-2613
-1569
1038
3431
4142
3672
3037
2666
3563
5175
6106
5932
5554
5511
5049
4785
5149
5913
6250
5609
4767
4106
4098
4142
3991
4255
4574
4336
2931
2044
2717
3818
3952
2809
2070
1725
1379
1132
1380
1936
1252
-127
-1315
-1934
-2410
-2941
-2767
-2946
-3842
-5250
-6227
-6423
-6428
-5787
-5285
-5528
-6838
-7988
-7393
-5664
-3990
-3691
-4017
-4230
-4437
-3995
-2414
170
1540
1053
100
-157
775
2338
4089
4803
4429
3921
3509
3304
3574
4996
6175
5505
3646
2422
2788
3659
4440
4642
4203
3181
1761
1119
1929
3444
3355
1688
1051
2186
2573
767
-511
716
2260
1404
-740
-1503
-806
-626
-1416
-1874
-1311
-944
-2118
-3746
-4057
-2875
-2198
-3317
-5207
-6035
-5439
-5117
-5695
-5940
-5214
-4636
-5301
-5950
-5105
-3087
-1588
-1581
-1655
-713
696
979
621
1640
3701
4499
3019
1781
2426
3898
4783
4904
4580
3639
2901
2968
3507
3822
3548
2689
1539
1077
1459
1525
456
-789
-707
303
792
-152
-1541
-1461
124
1331
842
188
437
391
-572
-859
740
2063
1016
-1277
-2047
-786
97
-734
-2195
-2674
-2374
-2456
-2944
-3226
-3080
-3011
-3319
-3737
-3653
-2893
-2369
-2642
-3065
-2397
-862
52
55
49
764
1430
1585
2135
3519
4792
4777
4113
3892
4110
4317
4428
4839
4849
3711
2150
1663
2427
2812
2327
1357
296
-870
-1632
-1282
-707
-710
-1805
-3212
-3807
-3506
-2897
-2985
-3002
-2703
-2896
-3711
-3983
-2302
-209
455
-619
-1875
-1534
-71
1183
1165
752
720
489
-179
-721
-468
-204
-404
-769
-1078
-1367
-2035
-2684
-2461
-967
267
-484
-2041
-2175
-609
850
1402
1426
1220
1151
1382
1923
2541
3294
3606
2989
2354
2656
3514
3447
2652
2525
3279
3442
2184
1120
1483
2592
2674
1407
88
-566
-968
-1681
-1608
-671
-661
-2295
-3819
-3495
-2396
-1623
-1310
-1362
-1926
-2586
-2165
-1095
-425
-506
-507
-323
-856
-1645
-1611
-726
-562
-1339
-1674
-1478
-1923
-3120
-3149
-1582
-404
-976
-2157
-2354
-1943
-1396
-197
1702
2394
875
-501
663
3394
4844
4489
3714
3407
3446
3637
4172
4755
4748
3772
2730
2608
2962
2862
2285
1926
1554
850
-32
-698
-881
-649
-445
-1209
-2562
-3176
-2763
-2497
-2950
-3201
-3136
-3540
-4609
-5175
-4467
-3302
-2901
-3453
-3743
-3506
-3553
-3833
-3205
-1862
-1519
-2100
-2137
-1504
-1571
-2044
-1382
92
579
-617
-1769
-1352
196
1277
1431
1581
1957
2266
2593
3497
4498
4814
4783
4872
5087
5225
5553
5925
6029
6049
6044
5816
5099
4352
4152
4540
4901
4372
3052
1787
1285
1371
1440
1232
674
-378
-1854
-2946
-2912
-2249
-2270
-3605
-5382
-6056
-5330
-4705
-5222
-5878
-5591
-5249
-5960
-6690
-5777
-4062
-3770
-4955
-5555
-4664
-3650
-3555
-3706
-3186
-2436
-2401
-2653
-2157
-1026
-392
-563
-748
-346
520
1157
1449
1855
2402
2736
3030
3766
4373
4403
4486
5154
5954
6317
6408
6227
5869
5876
6357
6629
6235
5599
4893
4087
3531
3377
3008
1959
931
354
-258
-1213
-2022
-2195
-2214
-2686
-3473
-3789
-3484
-3394
-3735
-3938
-3716
-3636
-4047
-4286
-3812
-3181
-3380
-4037
-3986
-3260
-2998
-3614
-3873
-3193
-2684
-3121
-3583
-3041
-2370
-2477
-2891
-2723
-2117
-1957
-2074
-1635
-563
-98
-771
-1118
1
1656
2140
1701
1803
2576
3085
3202
3970
5175
5499
4862
4556
5249
5917
5920
5634
5491
5436
5286
5268
5235
5054
4787
4534
4391
4127
3668
2839
1953
1571
1532
1157
-35
-1322
-2027
-2171
-2232
-2573
-3009
-3668
-4422
-4974
-4969
-4433
-4118
-4407
-5139
-5489
-5171
-4743
-4644
-4723
-4584
-4426
-4329
-4196
-4145
-4133
-3643
-2463
-1612
-1888
-2547
-2350
-1162
41
457
6
-604
-552
262
1330
2014
2035
1438
946
1551
3031
4082
3924
3372
3376
3846
4446
5015
5414
5281
4750
4420
4421
4487
4372
4110
3701
3149
2587
1954
1261
779
661
551
185
-313
-1128
-2450
-3447
-3010
-1888
-2005
-3546
-4675
-4357
-3733
-3876
-4206
-3875
-3307
-3436
-3979
-3943
-3250
-2706
-2669
-2557
-2012
-1505
-1519
-1726
-1349
-374
325
185
-240
-112
434
722
754
1121
1729
1684
814
220
923
2342
2809
1802
695
898
1807
1877
1245
1363
2358
2649
1654
885
1591
3036
3741
3355
2601
2242
2520
3039
3283
3124
2707
2073
1330
936
1177
1585
1264
-30
-1386
-1769
-1280
-1124
-1998
-3199
-3780
-3749
-3710
-3820
-3925
-4017
-4066
-3850
-3288
-2765
-2679
-2938
-2956
-2283
-1130
-266
-261
-658
-479
448
1287
1444
1326
1361
1347
1105
1055
1452
1632
1022
136
-129
158
256
92
176
581
753
513
435
942
1673
1944
1817
2092
2946
3418
2901
2294
2631
3473
3672
2951
2002
1518
1607
1844
1780
1318
447
-727
-1569
-1356
-642
-944
-2484
-3764
-3873
-3662
-3967
-4316
-4277
-4401
-4992
-5394
-5048
-4246
-3551
-3257
-3304
-3315
-2829
-1839
-859
-261
24
218
400
605
1010
1728
2532
2878
2589
2053
1785
2058
2654
3100
2970
2188
1149
517
654
1012
822
203
-158
-289
-671
-997
-582
398
1003
778
329
571
1469
2011
1894
2053
2816
3031
2061
1179
1608
2523
2410
1297
542
748
928
152
-771
-617
23
-351
-1542
-2078
-1718
-1444
-1612
-1714
-1591
-1652
-2044
-2321
-1913
-945
-290
-483
-1028
-1157
-779
-173
557
1160
1096
240
-569
-258
1143
2323
2062
646
-403
-88
1046
1843
1777
1133
501
270
424
747
1082
1233
899
247
-5
404
772
442
-66
131
813
813
-286
-1217
-784
323
386
-923
-2145
-2285
-1968
-2197
-2767
-2784
-2570
-3171
-4199
-4016
-2625
-1973
-2720
-3202
-2305
-1199
-1183
-1685
-1368
-238
386
6
-284
333
968
742
524
1259
2143
1880
883
694
1618
2466
2206
1299
928
1289
1550
1379
1448
1792
1573
663
239
997
2016
2236
1682
1160
1055
1212
1496
1789
2022
1955
1423
743
402
524
760
862
689
101
-794
-1417
-1244
-736
-733
-1357
-2019
-2317
-2551
-2925
-3095
-2747
-2343
-2600
-3307
-3580
-3050
-2388
-2190
-2154
-1788
-1218
-995
-1161
-1088
-223
1017
1597
1206
603
777
1796
2968
3606
3512
3150
3093
3509
4014
4252
4260
4218
4188
4002
3653
3352
3296
3477
3567
3292
2647
1924
1426
1296
1374
1192
626
-80
-674
-1123
-1457
-1485
-1279
-1366
-2108
-3074
-3492
-3280
-2992
-3094
-3507
-3963
-4310
-4383
-4132
-3833
-3900
-4240
-4271
-3816
-3499
-3803
-4150
-3780
-2996
-2757
-3196
-3486
-3147
-2605
-2316
-2131
-1819
-1504
-1328
-1107
-641
-49
442
776
984
1114
1370
1910
2523
2852
2907
3002
3245
3468
3632
3854
3956
3627
3101
3013
3523
3924
3569
2758
2285
2471
2932
3220
3140
2716
2201
1998
2212
2459
2360
1976
1634
1449
1346
1248
1124
813
265
-225
-411
-515
-927
-1613
-2167
-2416
-2536
-2692
-3077
-3780
-4402
-4289
-3553
-3286
-3986
-4705
-4438
-3640
-3331
-3449
-3255
-2687
-2291
-2170
-1880
-1326
-803
-366
162
726
1132
1449
1842
2198
2457
2913
3643
4095
3800
3257
3406
4222
4661
4213
3555
3381
3416
3137
2745
2739
2883
2490
1516
704
575
869
995
703
193
-325
-734
-938
-887
-689
-678
-1088
-1675
-2005
-1964
-1789
-1801
-2023
-2290
-2570
-2874
-3127
-3115
-2879
-2793
-3053
-3460
-3706
-3793
-3896
-3968
-3802
-3500
-3472
-3867
-4294
-4257
-3783
-3256
-2905
-2761
-2776
-2745
-2290
-1273
-120
520
529
565
1278
2443
3328
3696
4027
4572
4910
4935
5136
5610
5753
5301
4955
5254
5508
4883
3839
3516
4016
4166
3273
2112
1712
1956
1982
1502
1046
885
593
-82
-680
-646
-236
-309
-1093
-1939
-2279
-2258
-2317
-2437
-2512
-2823
-3514
-4054
-3795
-3050
-2830
-3461
-4132
-4069
-3500
-3119
-3005
-2804
-2583
-2644
-2698
-2072
-949
-388
-692
-825
91
1384
1816
1459
1467
2374
3450
3825
3534
3262
3421
3867
4325
4639
4625
4112
3323
2949
3320
3813
3560
2573
1671
1363
1276
927
522
419
307
-327
-1163
-1414
-1038
-803
-1093
-1407
-1354
-1300
-1650
-2037
-1890
-1406
-1374
-2020
-2651
-2752
-2615
-2755
-3084
-3206
-3213
-3491
-3992
-4251
-4019
-3651
-3624
-3877
-3991
-3773
-3495
-3402
-3248
-2759
-2217
-2081
-2124
-1695
-775
-82
51
259
1094
2057
2397
2331
2735
3667
4316
4311
4158
4324
4530
4440
4337
4515
4545
3900
2973
2721
3264
3505
2701
1588
1303
1742
1796
1138
602
721
905
541
38
68
383
264
-218
-339
10
115
-393
-950
-933
-583
-541
-963
-1522
-1958
-2205
-2223
-2032
-1972
-2420
-3161
-3514
-3147
-2488
-2205
-2429
-2700
-2622
-2164
-1553
-1103
-902
-727
-361
129
476
629
835
1213
1669
2082
2320
2240
1941
1865
2394
3182
3371
2663
1750
1516
2046
2601
2490
1757
945
547
629
844
844
504
-44
-476
-623
-505
-366
-538
-991
-1290
-1071
-647
-737
-1394
-1824
-1568
-1145
-1227
-1677
-1967
-2118
-2448
-2743
-2510
-2041
-2152
-2904
-3453
-3177
-2491
-2107
-2055
-1975
-1797
-1669
-1438
-768
170
786
829
771
1191
1966
2534
2703
2844
3250
3653
3601
3165
2965
3286
3655
3419
2594
1814
1528
1544
1376
868
253
-246
-677
-1079
-1240
-1132
-1138
-1546
-2073
-2172
-1730
-1208
-1079
-1384
-1719
-1600
-1012
-451
-364
-677
-886
-677
-261
-56
-191
-379
-344
-201
-224
-464
-688
-681
-493
-355
-491
-884
-1197
-1098
-655
-306
-352
-642
-755
-503
-58
347
630
818
915
1006
1247
1677
2146
2440
2552
2685
2919
3080
3021
2945
3201
3689
3836
3311
2537
2192
2417
2744
2671
2064
1170
396
92
200
235
-216
-1028
-1740
-2128
-2293
-2403
-2574
-2866
-3227
-3457
-3463
-3462
-3666
-3873
-3705
-3222
-2942
-3095
-3322
-3218
-2776
-2320
-1996
-1748
-1621
-1694
-1715
-1327
-649
-243
-412
-722
-573
-25
354
314
224
444
749
768
673
967
1600
1939
1724
1531
1929
2676
3063
2946
2855
3110
3494
3629
3516
3363
3244
3151
3071
2955
2605
1981
1384
1094
1021
831
365
-286
-921
-1382
-1517
-1325
-1193
-1534
-2294
-2869
-2784
-2237
-1900
-2146
-2653
-2920
-2846
-2667
-2535
-2435
-2380
-2527
-2828
-2932
-2646
-2245
-2113
-2219
-2163
-1877
-1713
-1721
-1512
-880
-261
-119
-211
-5
538
1008
1225
1483
1970
2370
2380
2202
2257
2683
3227
3587
3531
3117
2805
3043
3660
3987
3751
3366
3233
3241
3105
2980
3090
3116
2586
1770
1461
1704
1682
956
161
-17
90
-282
-1068
-1567
-1556
-1552
-1899
-2277
-2427
-2577
-2922
-3137
-2889
-2476
-2513
-3051
-3448
-3236
-2656
-2281
-2347
-2613
-2748
-2658
-2413
-2076
-1715
-1516
-1645
-1893
-1816
-1250
-571
-261
-388
-562
-438
-11
526
929
1078
1015
975
1195
1640
2023
2143
2118
2155
2281
2399
2453
2486
2472
2381
2258
2149
1976
1599
1115
862
933
922
430
-375
-849
-720
-450
-538
-957
-1301
-1418
-1468
-1500
-1411
-1282
-1390
-1737
-2005
-1981
-1889
-1953
-2002
-1873
-1779
-2014
-2313
-2141
-1569
-1202
-1305
-1445
-1223
-905
-850
-889
-618
-146
43
-119
-216
-11
310
575
861
1252
1478
1379
1293
1612
2278
2787
2876
2794
2795
2876
2944
3079
3375
3661
3653
3283
2846
2701
2930
3286
3375
2984
2324
1877
1857
1988
1865
1407
909
610
396
37
-443
-813
-987
-1079
-1274
-1653
-2133
-2516
-2615
-2497
-2461
-2683
-2988
-3103
-3061
-3099
-3183
-3057
-2741
-2597
-2783
-2984
-2816
-2385
-2134
-2135
-2117
-1914
-1682
-1602
-1547
-1336
-1054
-845
-711
-553
-357
-210
-58
171
444
664
816
987
1198
1354
1415
1500
1693
1908
2025
2067
2063
1951
1739
1623
1769
1978
1857
1361
896
822
937
796
428
231
308
231
-282
-818
-867
-525
-373
-670
-1120
-1374
-1457
-1475
-1341
-1087
-1011
-1346
-1812
-1919
-1568
-1127
-968
-1090
-1287
-1384
-1281
-936
-475
-192
-197
-277
-183
84
346
570
831
1096
1197
1124
1075
1199
1423
1595
1704
1745
1656
1440
1285
1371
1624
1813
1766
1537
1334
1292
1447
1683
1791
1712
1614
1651
1737
1709
1608
1614
1720
1700
1471
1239
1137
994
710
466
413
313
-129
-698
-897
-738
-787
-1328
-1908
-1947
-1616
-1531
-1903
-2315
-2341
-2082
-1911
-1942
-1996
-1951
-1860
-1846
-1882
-1847
-1698
-1495
-1386
-1436
-1542
-1569
-1448
-1249
-1040
-862
-781
-853
-1015
-982
-590
-43
205
-13
-340
-307
105
476
557
503
542
565
388
187
298
676
849
560
108
-65
65
188
155
109
118
36
-184
-319
-184
84
205
81
-67
-63
52
139
108
79
158
282
307
173
28
86
344
577
553
306
131
235
558
842
850
588
327
358
716
1113
1172
879
602
688
1110
1455
1421
1152
1049
1257
1542
1606
1387
1144
1088
1184
1289
1250
993
616
341
426
775
852
361
-301
-432
86
529
275
-394
-692
-374
42
52
-202
-325
-291
-363
-515
-432
-161
-134
-517
-904
-906
-724
-801
-1110
-1260
-1176
-1254
-1674
-2033
-1976
-1695
-1645
-1868
-2028
-1999
-1949
-1931
-1749
-1410
-1187
-1246
-1309
-1067
-673
-454
-388
-182
172
378
321
297
586
992
1145
1067
1092
1246
1247
1064
1032
1331
1607
1403
886
629
769
952
882
706
618
428
44
-216
-52
277
227
-231
-614
-593
-367
-293
-396
-524
-594
-616
-557
-467
-512
-688
-782
-684
-552
-591
-768
-880
-859
-808
-778
-724
-671
-712
-766
-664
-406
-162
-66
-70
-9
204
515
781
901
925
1004
1212
1435
1533
1551
1605
1717
1762
1705
1664
1690
1708
1633
1509
1424
1358
1236
1102
1053
1057
930
663
501
595
739
611
299
157
319
473
279
-54
-77
204
311
-29
-475
-548
-296
-178
-409
-756
-949
-1050
-1213
-1387
-1447
-1471
-1667
-2023
-2267
-2248
-2179
-2246
-2349
-2341
-2188
-2068
-2102
-2073
-1806
-1385
-1068
-1009
-1009
-778
-352
-11
99
146
363
648
785
766
810
1035
1252
1279
1229
1287
1420
1448
1383
1430
1616
1693
1520
1307
1313
1458
1451
1236
1070
1050
916
612
399
465
562
289
-198
-421
-282
-184
-450
-794
-824
-646
-634
-892
-1144
-1162
-1028
-928
-934
-1075
-1318
-1472
-1389
-1169
-1073
-1239
-1448
-1420
-1231
-1124
-1139
-1105
-938
-763
-701
-658
-480
-226
-45
58
233
496
722
821
896
1097
1395
1613
1686
1738
1827
1938
2039
2083
2107
2123
2093
2025
1951
1871
1810
1713
1534
1344
1201
1133
1040
814
490
267
248
242
61
-246
-490
-594
-650
-781
-948
-1054
-1135
-1273
-1476
-1640
-1687
-1656
-1668
-1789
-1945
-2026
-1981
-1881
-1842
-1820
-1731
-1612
-1564
-1554
-1412
-1087
-770
-690
-756
-678
-424
-182
-81
-26
134
289
288
214
285
550
771
779
679
701
865
997
1035
1096
1260
1410
1385
1264
1273
1478
1690
1719
1609
1522
1507
1487
1437
1410
1427
1357
1130
838
652
584
492
311
78
-125
-352
-627
-871
-999
-1036
-1129
-1345
-1597
-1761
-1826
-1871
-1911
-1915
-1903
-1922
-1996
-2048
-1987
-1809
-1592
-1432
-1366
-1326
-1218
-1001
-729
-492
-324
-193
-76
47
216
453
673
790
836
920
1093
1291
1418
1464
1513
1589
1660
1692
1719
1765
1805
1780
1681
1588
1547
1561
1558
1485
1344
1154
967
844
780
724
588
354
107
-114
-286
-409
-495
-584
-755
-999
-1204
-1269
-1223
-1216
-1300
-1383
-1386
-1353
-1356
-1366
-1272
-1109
-1035
-1077
-1085
-983
-816
-693
-603
-482
-362
-310
-306
-245
-77
115
220
224
174
163
215
319
432
476
454
394
393
454
523
571
595
642
655
600
548
562
649
712
676
574
486
440
438
453
456
417
325
239
177
127
72
30
31
7
-120
-315
-414
-365
-301
-362
-538
-652
-653
-645
-709
-801
-797
-720
-703
-782
-859
-827
-698
-584
-546
-541
-488
-395
-312
-236
-130
-1
97
124
139
215
331
397
412
457
544
615
599
550
579
695
794
788
713
675
704
741
729
692
685
670
590
472
397
390
364
265
145
57
-15
-106
-190
-222
-231
-269
-362
-433
-450
-463
-491
-518
-516
-520
-557
-603
-621
-600
-581
-579
-579
-575
-554
-541
-517
-455
-397
-352
-306
-242
-161
-92
-40
5
61
129
203
240
243
261
304
355
375
374
406
467
493
480
462
503
583
612
617
612
632
654
635
607
628
649
613
490
363
319
322
272
123
-18
-92
-164
-296
-437
-514
-548
-606
-741
-870
-905
-909
-943
-997
-1022
-976
-944
-978
-987
-915
-819
-728
-691
-652
-577
-490
-410
-336
-250
-181
-100
-38
22
106
180
243
308
376
434
498
560
612
631
662
705
769
819
810
808
834
878
888
900
905
906
900
855
819
825
812
734
658
581
508
383
247
151
82
-48
-241
-420
-549
-642
-809
-950
-1016
-1079
-1200
-1332
-1367
-1303
-1253
-1299
-1312
-1204
-1071
-1018
-985
-852
-617
-447
-411
-350
-181
48
167
224
345
528
649
660
685
795
943
992
973
964
968
966
945
953
985
962
872
802
784
764
711
675
671
631
526
419
385
394
365
267
187
142
37
-114
-230
-266
-291
-415
-590
-709
-779
-845
-934
-1022
-1066
-1109
-1180
-1246
-1250
-1205
-1174
-1160
-1136
-1079
-1016
-980
-902
-758
-630
-563
-528
-455
-316
-152
-68
-12
86
186
224
237
306
461
585
579
544
585
687
756
744
763
852
891
845
769
786
894
936
872
803
770
765
753
709
693
705
666
571
473
430
442
425
355
245
126
52
-2
-74
-167
-262
-344
-421
-521
-632
-701
-733
-766
-828
-906
-947
-938
-931
-945
-952
-921
-861
-835
-838
-810
-733
-638
-585
-550
-481
-401
-332
-268
-206
-118
-5
89
157
217
302
413
508
579
628
679
762
850
896
909
967
1034
1054
1037
1020
1037
1050
1006
928
876
852
799
660
520
439
377
255
65
-87
-173
-245
-374
-548
-669
-712
-764
-861
-969
-1004
-968
-969
-1044
-1098
-1061
-970
-916
-937
-939
-849
-722
-686
-697
-647
-530
-415
-391
-395
-318
-204
-136
-111
-64
42
122
120
109
174
275
313
288
297
365
419
408
388
452
551
565
512
506
595
694
698
653
692
786
810
759
727
774
836
796
685
627
631
622
518
390
328
287
175
31
-51
-77
-144
-269
-372
-413
-421
-472
-549
-567
-538
-554
-598
-614
-569
-495
-481
-500
-482
-427
-386
-362
-322
-267
-224
-232
-259
-226
-162
-114
-111
-153
-165
-147
-141
-138
-135
-110
-92
-112
-133
-128
-83
-37
-10
-4
6
31
53
72
117
183
228
229
211
222
265
301
306
288
256
244
231
205
179
157
140
109
61
31
23
31
28
-12
-23
-13
-10
-10
-28
-35
-12
0
-14
-27
-31
-10
2
-19
-28
-18
-13
-16
-29
-35
-27
-15
-15
-35
-46
-43
-37
-43
-53
-50
-46
-42
-44
-43
-28
-10
-2
0
-2
12
37
47
45
41
48
66
69
53
47
54
68
75
56
51
65
57
48
42
61
73
56
37
35
46
42
20
7
12
5
-11
-25
-33
-33
-31
-32
-29
-40
-46
-53
-72
-66
-58
-63
-68
-74
-88
-100
-97
-87
-88
-106
-120
-126
-119
-105
-100
-108
-118
-121
-125
-131
-123
-110
-106
-89
-77
-63
-38
-26
-7
15
29
57
79
76
74
97
135
156
141
133
154
170
169
152
151
168
153
114
99
110
133
110
53
38
71
92
61
37
52
58
31
-1
0
30
45
17
-20
-27
-22
-19
-32
-35
-36
-50
-72
-88
-75
-70
-71
-72
-82
-89
-94
-91
-71
-57
-63
-65
-69
-62
-45
-33
-26
-10
4
8
18
20
26
42
54
65
56
44
42
40
52
45
32
23
0
-4
-3
1
15
15
-3
-10
-25
-20
10
24
15
-1
-2
-3
4
11
-4
-20
-34
-25
-19
-41
-61
-67
-55
-56
-69
-81
-88
-87
-77
-51
-44
-53
-54
-54
-39
-32
-34
-24
-19
-18
-24
-24
-10
-2
7
6
3
22
22
22
46
60
76
89
90
94
99
111
107
99
92
80
71
56
68
77
50
31
16
14
12
-1
-2
-9
-17
-10
-21
-28
-33
-33
-24
-21
-28
-35
-29
-18
-5
-8
-3
1
-9
-14
-18
-6
6
5
-11
-19
-11
4
1
-3
7
16
14
0
-3
-1
0
2
2
9
13
6
6
17
27
21
20
19
27
25
8
12
13
17
8
7
8
4
2
-10
-8
-14
-17
-27
-33
-39
-56
-62
-66
-55
-54
-65
-65
-72
-63
-57
-57
-46
-52
-53
-53
-48
-39
-37
-44
-48
-36
-23
-17
-16
-19
-12
-1
10
13
15
21
21
23
40
60
54
41
47
57
78
85
70
70
73
65
67
80
90
89
88
80
78
81
70
70
75
70
61
54
49
43
41
39
33
33
22
8
3
-1
-1
-12
-30
-55
-69
-78
-77
-73
-84
-93
-96
-101
-102
-101
-111
-110
-111
-113
-91
-81
-78
-71
-68
-67
-64
-53
-39
-40
-30
-10
-7
-6
1
8
15
29
30
24
37
47
51
61
71
79
88
83
80
92
101
96
90
92
84
80
77
81
83
76
69
58
44
40
38
28
24
9
-3
-15
-37
-36
-35
-44
-59
-83
-94
-93
-91
-103
-119
-117
-116
-104
-91
-89
-80
-89
-96
-85
-84
-80
-75
-73
-66
-63
-47
-38
-39
-27
-12
4
17
27
25
30
46
64
81
78
87
98
94
102
111
110
114
119
112
111
123
125
117
111
104
109
90
65
56
49
34
23
20
8
-1
-19
-23
-20
-23
-36
-57
-63
-62
-68
-77
-75
-81
-82
-82
-95
-89
-80
-79
-74
-78
-79
-70
-76
-69
-59
-58
-47
-51
-57
-48
-35
-35
-32
-20
-11
-2
-2
-1
17
22
20
28
24
30
40
43
52
52
59
66
71
80
81
84
93
87
74
80
80
78
84
76
67
59
45
43
35
19
12
5
-12
-27
-33
-32
-32
-40
-51
-52
-60
-65
-66
-77
-77
-70
-68
-66
-68
-66
-57
-51
-54
-68
-64
-50
-52
-54
-50
-39
-35
-39
-36
-14
-2
-10
-5
-6
11
30
31
31
33
41
47
43
40
55
59
63
60
63
84
86
83
80
82
84
76
66
63
45
33
30
23
8
-5
-10
-17
-16
-22
-44
-35
-43
-50
-45
-47
-34
-44
-47
-50
-54
-40
-44
-55
-44
-34
-44
-45
-45
-36
-22
-27
-36
-31
-22
-25
-19
-19
-18
-10
-8
-5
2
13
17
18
25
30
41
36
34
43
47
49
49
49
58
56
46
49
54
59
56
44
44
51
51
49
47
32
26
22
13
12
7
-3
-8
-6
-10
-15
-22
-29
-33
-37
-28
-35
-50
-56
-63
-54
-51
-47
-59
-69
-61
-59
-51
-44
-40
-51
-45
-36
-35
-24
-30
-27
-19
-14
-2
3
0
6
12
26
30
24
16
18
27
22
27
40
38
34
36
34
23
22
13
-6
-3
2
4
9
0
-2
-3
-10
-12
-20
-12
-5
-17
-15
-21
-20
-13
-11
-8
-6
-8
3
14
19
17
13
26
20
15
19
17
11
8
12
17
14
17
19
8
10
11
13
9
12
8
3
8
17
34
31
24
24
32
35
41
47
34
27
21
17
31
31
15
7
2
12
19
11
-2
-12
-3
-9
-20
-22
-29
-32
-47
-47
-40
-45
-59
-58
-56
-58
-60
-65
-58
-50
-44
-36
-27
-28
-36
-33
-26
-13
-8
-14
-10
-8
0
8
6
9
5
2
6
14
21
24
29
20
14
21
29
34
35
29
25
27
25
30
28
30
32
30
32
24
24
19
6
7
20
20
8
-6
-14
-6
3
-2
-8
-24
-33
-24
-31
-38
-49
-58
-56
-53
-49
-47
-48
-48
-45
-44
-36
-25
-22
-21
-12
-3
0
-3
-3
1
6
7
0
7
0
-14
11
30
35
41
38
47
54
63
61
59
59
58
61
69
76
71
81
84
86
80
65
56
55
63
61
49
37
31
25
23
16
-2
-11
-17
-21
-29
-39
-42
-42
-49
-55
-55
-52
-55
-65
-67
-74
-71
-66
-73
-65
-67
-74
-65
-62
-57
-60
-57
-57
-59
-55
-61
-64
-56
-42
-36
-36
-38
-33
-25
-24
-11
-3
2
6
0
8
27
39
42
40
51
57
55
54
53
66
63
52
49
48
46
48
49
45
47
46
35
40
39
35
38
27
24
24
12
13
15
3
-6
-15
-20
-22
-24
-18
-23
-35
-30
-29
-32
-28
-26
-32
-42
-45
-38
-31
-32
-30
-25
-28
-24
-24
-25
-22
-15
-8
-5
3
10
11
15
25
24
28
32
33
22
29
38
42
40
40
48
53
59
48
36
42
49
35
38
35
22
25
18
21
19
8
0
-2
0
-12
-8
-18
-19
-13
-11
-13
-18
-20
-21
-24
-25
-29
-30
-33
-41
-37
-37
-34
-39
-51
-60
-55
-53
-49
-54
-51
-52
-59
-45
-43
-35
-37
-29
-25
-20
-18
-13
-11
-19
-9
-5
9
5
0
4
15
24
23
24
26
34
38
41
49
51
42
38
48
55
44
25
16
30
31
31
24
20
31
33
31
33
31
26
25
20
9
15
6
-6
-8
-10
-4
-10
-20
-26
-24
-19
-13
-9
-19
-28
-28
-19
-9
-12
-33
-32
-23
-19
-15
-16
-12
-14
-11
-7
-7
2
1
-5
-6
-4
4
-6
-6
6
11
21
20
21
28
23
18
26
23
23
28
22
28
32
34
26
26
28
16
25
28
25
31
25
20
18
17
2
-7
0
-9
-20
-20
-22
-23
-23
-37
-36
-30
-30
-36
-49
-46
-49
-57
-54
-53
-53
-59
-59
-53
-38
-35
-46
-40
-29
-20
-17
-26
-18
-1
6
7
12
5
0
8
12
22
25
26
29
29
30
29
27
30
24
33
33
26
28
26
26
23
25
18
20
24
19
27
23
20
10
9
16
10
4
1
9
20
11
9
12
4
1
-7
-5
14
5
-6
2
-2
-12
-10
-9
-20
-21
-27
-33
-21
-13
-10
-8
-7
-10
1
0
-7
-7
-12
-1
2
-3
-9
-14
1
0
8
13
0
12
7
10
15
6
5
-1
0
3
8
2
-1
-1
6
17
5
-2
3
9
11
9
10
-1
1
2
-4
5
3
-2
-8
-15
-5
1
3
-6
-9
3
1
1
-3
-4
-3
-10
-15
-18
-13
-23
-18
-11
-19
-5
-5
-9
7
2
0
5
-1
-3
-8
-2
-3
-13
-12
-17
-30
-25
-19
-11
-10
-15
-8
-12
-13
-1
-6
-7
9
3
-1
7
0
-5
-11
-7
5
4
6
10
6
11
7
-4
-7
-7
-7
0
10
13
3
-7
3
19
25
7
7
15
11
18
21
22
24
25
30
20
20
24
2
2
7
7
8
11
12
14
20
18
19
19
24
35
35
33
27
28
32
31
37
30
22
15
5
11
8
-2
0
3
-5
-13
-10
-27
-28
-20
-37
-38
-43
-44
-48
-55
-52
-50
-45
-57
-62
-58
-58
-43
-45
-51
-49
-44
-31
-28
-28
-8
-1
-9
-7
-14
-3
-2
-7
-2
-10
-8
0
2
10
19
16
19
19
22
23
27
36
44
40
34
40
39
38
44
48
37
34
39
46
50
43
39
35
23
21
22
22
15
-2
-5
0
-2
-7
-12
-14
-13
-11
-12
-25
-36
-39
-33
-33
-34
-36
-49
-41
-37
-36
-32
-38
-29
-33
-30
-27
-17
-17
-21
-11
-14
0
7
-2
9
8
9
14
13
23
18
23
32
34
38
39
45
46
44
37
37
35
36
48
49
39
36
33
30
27
13
10
11
10
6
2
9
6
-8
-19
-25
-25
-30
-29
-30
-43
-41
-43
-46
-38
-43
-42
-46
-41
-44
-46
-42
-52
-42
-37
-35
-23
-24
-16
-14
-22
-15
-16
-21
-18
-9
-10
-10
-3
3
12
16
13
12
17
25
37
40
40
44
48
42
30
39
52
52
53
41
39
54
49
42
45
40
44
49
32
35
28
11
11
3
-5
-7
-15
-25
-25
-29
-26
-35
-41
-38
-35
-37
-42
-43
-48
-45
-44
-39
-34
-32
-41
-43
-39
-32
-33
-31
-30
-38
-35
-32
-23
-21
-19
-19
-11
-13
-13
11
13
8
20
32
35
40
43
47
48
43
39
38
29
32
34
36
37
29
33
41
48
46
42
40
38
38
32
20
17
21
22
8
-2
-10
-10
-19
-22
-17
-27
-24
-25
-20
-27
-33
-32
-40
-42
-46
-44
-39
-35
-42
-36
-24
-27
-20
-25
-21
-8
-13
-9
-19
-26
-10
-6
-2
-2
-6
6
-4
0
13
8
20
22
27
29
33
38
29
39
38
30
27
33
22
13
14
16
24
25
27
24
24
21
17
3
-5
-11
-22
-13
-16
-16
-15
-13
-15
-23
-20
-23
-28
-32
-34
-26
-26
-28
-27
-20
-11
-24
-19
-14
-22
-25
-22
-19
-30
-26
-5
-8
-7
6
-3
2
6
0
11
6
1
12
18
22
21
29
28
16
21
24
16
21
29
13
4
18
23
21
17
12
18
21
15
15
18
13
14
17
20
18
15
15
14
15
10
3
-7
-4
4
-1
4
10
8
1
-9
-5
-10
-20
-23
-27
-33
-28
-19
-25
-27
-16
-9
-14
-19
-17
-18
-10
-5
-14
-13
-13
-11
-6
-2
5
12
8
-6
-1
0
-1
10
0
1
8
0
-10
-14
-6
-2
-10
-8
-10
-11
-5
-4
4
10
13
10
1
0
-3
-8
-4
-6
0
-2
-10
-8
0
13
5
6
7
15
20
19
22
19
18
15
15
10
1
3
2
-6
-10
-14
-11
-6
-3
-3
5
17
10
19
14
0
1
-4
-2
5
0
2
6
3
-6
-5
-7
-11
-11
-16
-12
-7
-13
-14
-5
-1
2
-1
-7
-7
0
1
5
8
-2
9
19
9
5
10
11
1
-3
-8
-7
-7
-9
6
12
11
11
4
8
6
-3
-1
-12
-19
-16
1
7
6
14
2
-9
-4
-1
-2
5
16
21
18
14
11
24
24
10
8
19
20
8
1
-1
-4
-10
-12
-21
-8
-4
-6
-9
-16
-15
-18
-20
-22
-20
-20
-11
-6
-7
2
-4
-19
-14
-8
-17
-25
-26
-29
-24
-25
-27
-21
-26
-34
-22
-13
-13
-7
-6
-2
6
12
17
17
18
10
12
13
15
11
14
20
20
26
25
40
36
29
34
31
28
29
40
27
18
24
24
24
20
24
22
27
26
11
8
8
-7
-16
-12
-9
-9
-5
-4
-5
1
-5
-6
-6
-14
-16
-17
-25
-25
-27
-26
-21
-26
-30
-29
-24
-22
-14
-15
-24
-20
-15
-17
-11
-19
-19
-17
-28
-18
-17
-32
-24
-14
-6
-5
0
0
-1
4
-3
8
11
7
17
20
25
27
8
8
9
11
23
4
13
27
19
21
24
30
22
14
16
21
19
22
19
9
9
0
1
4
-1
-9
-8
-5
-12
0
3
0
-7
1
9
4
9
13
8
2
-10
-14
-14
-15
-25
-18
-17
-11
6
2
1
-2
-1
-2
-5
-6
-7
-6
-4
-18
-12
-3
-16
-11
-10
-9
-1
-4
-5
-1
5
8
13
22
24
29
31
27
22
20
13
-3
5
13
4
1
4
-4
1
6
12
15
-4
-7
5
7
6
6
-5
-14
-28
-32
-25
-26
-40
-48
-41
-36
-30
-25
-27
-26
-27
-22
-21
-23
-30
-36
-30
-30
-32
-31
-23
-23
-16
-9
1
8
6
15
14
22
35
28
28
35
30
35
42
34
34
39
31
36
47
42
55
60
55
63
64
56
48
41
30
23
22
15
11
19
5
8
10
1
0
-7
-10
-15
-14
-12
-17
-20
-27
-34
-33
-26
-31
-34
-41
-41
-42
-42
-30
-30
-26
-26
-34
-36
-31
-31
-35
-34
-33
-31
-29
-26
-19
-14
-15
-8
-7
-4
-4
-13
-4
17
15
10
20
24
29
26
28
35
26
24
22
20
10
2
1
7
8
6
9
18
27
24
25
15
5
5
-12
-12
-2
-9
-8
1
-3
-12
-16
-24
-20
-16
-12
-5
-7
3
-2
-3
-2
-3
8
2
-2
-2
-8
-11
-26
-18
-9
-14
2
4
0
8
6
10
13
20
14
2
9
12
13
10
16
15
16
19
24
26
26
28
25
29
28
23
23
23
19
2
-1
-7
-17
-12
-1
0
1
11
9
5
1
8
-9
-15
-8
-23
-15
-12
-23
-26
-29
-25
-25
-25
-23
-23
-23
-20
-24
-10
-10
-14
-2
-1
0
-3
-5
-8
-10
-12
-10
-13
-19
-4
-2
7
16
6
7
6
0
-1
2
9
11
9
15
18
19
7
2
12
11
9
3
-5
-7
-10
-7
-3
0
4
5
-1
1
5
0
4
3
1
-5
-7
-6
-12
-11
-12
-20
-24
-19
-12
-17
-8
0
1
8
10
15
12
6
15
14
17
10
3
3
2
-6
-10
0
-9
-6
12
18
22
17
12
24
23
19
25
24
16
13
20
10
2
4
-3
-2
3
6
4
6
6
-3
4
-2
-18
-19
-19
-16
-19
-12
0
-2
-3
-4
-5
-6
-11
-3
-1
-12
-11
-8
-2
-1
-10
-8
-6
-9
1
4
0
9
8
-4
3
2
-3
4
7
5
6
10
15
18
17
10
14
15
4
7
8
-3
-2
0
-5
-6
-11
-12
-17
-19
-12
-6
-6
-8
-6
-14
-12
-18
-31
-30
-28
-35
-31
-26
-23
-23
-25
-22
-25
-23
-30
-23
-9
-1
7
-4
6
16
15
10
-3
9
1
-12
-2
-2
9
28
18
20
24
18
25
14
15
18
22
34
28
26
31
34
27
29
35
33
29
39
40
34
33
40
34
23
23
15
10
16
12
-1
-3
-6
-3
-12
-17
-20
-23
-16
-14
-8
-12
-27
-20
-17
-17
-22
-23
-15
-18
-24
-29
-34
-33
-38
-39
-36
-39
-33
-26
-24
-19
-16
-11
-10
-14
-11
-6
-8
-3
-2
-10
-12
-5
-1
-2
-3
0
3
2
19
28
21
31
31
34
40
32
38
26
10
17
16
10
10
3
-3
-1
-6
-5
2
8
15
17
11
9
10
8
7
-4
-8
-13
-15
-5
-17
-24
-22
-23
-24
-15
-15
-25
-13
-15
-15
-8
-11
-13
-11
-18
-21
-17
-17
-22
-27
-18
-17
-10
-5
1
15
12
8
13
27
31
24
16
22
24
28
36
26
28
28
25
32
22
25
38
33
19
18
28
20
13
12
13
3
1
5
6
4
-3
-1
-13
-12
-6
-13
-13
-19
-23
-18
-19
-8
-14
-5
1
-13
-7
-19
-26
-17
-32
-28
-20
-28
-20
-15
-16
-15
-14
-14
-11
-12
-12
-4
-4
3
-2
-10
3
-6
-7
1
3
-1
4
13
17
27
24
24
29
36
30
18
12
10
8
2
-3
1
-2
-8
-14
-10
-6
-1
1
0
10
4
-2
1
0
-5
-2
-3
-7
-9
-16
-22
-21
-24
-36
-31
-23
-18
0
8
6
10
3
2
1
1
-2
-15
-10
-25
-27
-12
-12
-16
-11
1
2
4
13
12
18
23
27
36
34
33
34
24
14
16
14
6
-6
2
9
13
16
18
21
19
33
30
25
33
32
24
11
10
18
12
-2
-2
-5
-3
-6
-11
-6
-11
-13
-5
-7
-22
-13
-13
-19
-19
-19
-16
-23
-22
-33
-35
-33
-32
-23
-22
-11
-9
-11
-17
-13
-11
-16
-6
-6
-9
-14
-10
-2
-2
1
1
-3
5
0
-1
8
8
14
17
20
15
10
7
2
3
-8
-8
-3
2
0
0
-3
-1
