SAMPLES:
16248
BITSPERSAMPLE:
16
CHANNELS:
1
SAMPLERATE:
16000
NORMALIZED:
FALSE
-8
-4
-13
-24
-18
-9
-20
-17
-15
-17
-6
-7
0
-2
-9
-3
6
5
-3
5
6
1
-5
-9
-4
-1
-3
-4
1
9
12
17
28
20
19
18
8
5
-1
-5
5
0
-7
-3
2
6
1
-13
-8
-2
-2
-4
-15
-6
2
-2
-4
3
9
-8
-15
-12
-10
-4
-9
-9
-4
-14
-10
3
0
-3
2
1
-6
-7
3
3
9
6
3
13
0
7
2
0
8
2
8
-1
6
9
8
12
17
31
23
19
12
-6
6
5
5
18
10
16
2
2
3
-17
-8
2
6
-8
2
-3
-1
5
-2
9
-6
-5
-1
-10
7
-6
-20
-19
-22
-16
-14
-17
-14
-6
-19
-14
6
-5
5
5
7
8
-3
3
-1
0
-2
-8
-15
-13
-7
-9
-10
-9
-6
9
21
13
9
6
5
1
-19
-14
-10
-13
1
0
-2
10
10
2
1
-2
4
-11
-20
-9
-8
-12
-13
-6
-5
0
0
2
7
4
16
16
7
8
14
5
1
1
6
0
2
7
-1
8
8
16
21
20
17
14
24
18
13
10
-3
3
10
13
19
12
18
17
15
12
4
0
2
8
-2
-6
-2
-10
-9
-7
-1
0
-7
-6
-11
-14
-16
-10
-6
-12
-12
-17
-14
-9
-20
-20
-8
-10
-4
-4
-6
-6
-2
0
-6
3
-4
-13
-18
-22
-21
-24
-26
-26
-21
-16
-16
-18
-5
-3
-16
-9
11
11
7
15
8
0
7
-1
1
16
15
9
5
7
10
9
7
10
2
-3
5
11
17
18
21
18
7
10
12
16
6
7
22
16
19
19
19
18
15
5
9
12
12
22
12
2
-1
-6
-9
-5
-5
-8
2
-1
-1
0
-8
-8
-4
-8
-10
-13
-17
-16
-16
-5
-11
-25
-9
1
0
-7
-6
-6
-11
-16
-20
-25
-20
-12
-17
-6
-8
-10
1
-6
4
0
-13
-4
-4
-3
0
-4
-5
2
7
24
21
6
3
3
2
1
4
8
16
8
9
13
14
6
0
-3
5
-1
-1
14
9
8
16
21
14
17
16
14
5
-12
-6
-3
-12
-8
3
-2
-1
-7
0
-4
-5
18
13
8
12
3
-6
-13
-11
-7
-6
-11
-10
-9
2
1
-11
-5
2
0
5
-7
-24
-18
-25
-23
-30
-16
-14
-23
-9
-4
-12
-20
-15
-25
-16
-14
-12
-11
-17
-1
-2
-2
17
9
8
21
14
4
12
11
10
24
23
26
27
32
32
22
22
23
25
20
17
28
33
28
28
30
28
34
27
0
2
10
-9
-12
-11
-19
-11
-4
-10
-14
-11
-12
-14
-13
-12
-9
-13
-5
0
-5
-14
-21
-20
-13
-13
-22
-13
-10
-13
-1
-10
-14
-4
-14
-20
-10
-10
-7
-4
-17
-5
1
-9
-1
4
-8
-14
-3
-6
-21
-19
-11
-12
-22
-16
-6
-12
2
0
-6
3
1
-4
-3
-8
-5
12
17
18
12
1
0
16
2
5
4
2
19
21
33
31
34
24
25
20
11
17
7
5
2
10
11
14
15
15
19
9
10
16
14
4
15
18
8
20
9
10
4
-2
11
1
1
-9
-15
-12
-22
-30
-30
-16
-24
-24
-20
-17
-6
-4
-14
-15
-11
-12
-3
-12
-18
-11
-7
-15
-16
-15
-19
-7
-6
-19
-16
-8
-10
-15
-3
-2
-7
4
2
4
4
8
10
15
7
-2
17
16
7
9
11
10
14
20
7
5
5
7
9
7
17
14
10
8
11
4
-1
4
2
-1
-5
10
8
-10
-8
0
7
-6
-19
-13
3
1
-7
-1
-7
-4
-3
-12
-10
-10
-4
-12
-14
-3
-4
-10
-1
-9
-12
-10
-20
-12
-22
-15
-3
3
20
13
6
10
20
15
7
8
6
9
-1
5
7
-3
2
2
0
3
11
12
13
10
7
19
12
7
5
-1
0
-5
4
3
2
0
2
5
7
6
2
-2
-5
4
7
5
6
0
2
-1
-6
-3
-2
7
0
5
4
-10
-7
-6
1
0
-5
-5
0
1
-19
-14
-5
-2
-1
-13
-11
-14
3
3
-21
-12
-10
-12
-13
-16
-11
-2
7
4
-12
-1
13
10
13
2
2
12
-4
-5
-9
-10
-6
-9
2
3
-1
-3
6
13
5
11
3
5
4
-6
-2
-2
2
-9
-4
1
-4
-4
-3
8
8
3
-5
-3
10
4
0
7
-1
-1
8
3
-8
-12
10
6
11
12
10
18
16
21
7
11
4
-3
1
5
-1
-7
-3
-2
-2
4
6
-3
3
0
-11
-1
-5
-1
8
9
1
3
14
-1
-15
-16
-15
-25
-21
-15
-18
-4
13
18
21
30
19
10
12
6
6
2
4
15
19
13
3
-13
-19
-26
-13
3
-2
-4
-10
-8
-3
-6
-2
-6
-7
-12
-10
2
-1
-12
-13
-15
-16
-8
-10
-9
-16
-15
-1
-9
-10
1
3
2
11
12
8
17
-2
-24
-19
-18
-14
-18
-16
-5
-2
-4
1
6
3
10
8
17
22
10
11
9
16
10
1
7
2
-2
4
-4
-15
8
12
14
23
29
29
11
23
26
15
17
13
2
2
0
7
12
3
19
17
9
22
31
17
5
4
-1
1
0
-17
-16
-12
-27
-16
-4
-10
-2
-5
-12
-21
-24
-17
-13
-13
-16
-16
-21
-24
-22
-29
-36
-20
-14
-18
-25
-29
-21
-28
-23
-7
-13
-7
-7
-14
-9
-9
-3
1
11
10
11
11
8
-3
1
9
-4
17
18
14
22
16
21
29
24
19
26
21
23
27
28
27
29
31
23
18
19
22
12
12
10
6
10
13
6
19
12
4
17
7
-10
-19
-28
-25
-16
-14
-11
-8
-8
-7
-19
-28
-21
-15
-21
-21
-15
-21
-17
-16
-17
-10
-15
-25
-27
-18
-11
-15
-1
2
11
15
5
1
-6
-2
-10
-5
-8
-14
-10
-13
-1
-4
-7
14
18
21
30
15
28
31
15
18
10
12
11
2
2
-1
-12
-12
-11
-5
-4
-11
-6
-2
4
8
16
4
6
13
-2
-3
-10
-30
-27
-15
-19
-24
-13
-6
-4
5
15
14
8
4
8
13
8
8
-1
0
6
15
9
7
18
2
16
13
6
9
9
16
21
25
15
23
10
19
25
4
0
0
-5
0
6
3
1
1
7
-2
-5
-4
-7
-1
-7
-7
-8
-8
-13
-10
-15
-19
-26
-33
-21
-35
-29
-27
-31
-25
-26
-19
-24
-14
-14
-27
-16
-17
-14
-1
-8
-2
12
4
2
3
0
0
-6
-12
-16
-9
7
11
19
17
15
23
26
20
8
5
9
19
39
32
40
45
38
38
14
16
6
1
16
6
15
11
26
24
11
17
7
3
4
4
-5
-5
-2
-1
-1
-3
-2
-9
-16
-24
-30
-29
-27
-24
-6
-1
-7
1
-14
-17
-18
-30
-21
-23
-23
-17
-23
-10
-10
-26
-19
-12
-10
-10
-12
-17
-12
-12
-17
-10
0
6
-3
17
31
17
25
10
-2
10
10
12
8
8
6
-1
3
2
3
1
6
11
7
20
21
28
30
22
25
22
11
13
18
2
3
0
-9
1
-14
-8
5
-12
0
12
5
16
17
16
26
16
1
5
-4
-9
-2
-10
-20
-16
-21
-12
-3
-7
13
0
-9
-5
-15
-17
-23
-26
-27
-23
-24
-18
-7
-15
-7
-3
5
1
-2
3
-4
0
-9
-10
-10
-11
-19
-15
-5
-11
-6
-9
-7
-11
-12
-1
6
1
0
14
23
20
13
5
6
5
-1
-6
11
12
20
16
-5
13
11
1
5
10
12
15
15
10
18
26
33
24
12
14
9
4
0
0
3
14
21
14
14
1
7
1
-1
0
-10
1
2
-1
-5
-3
-4
-11
-12
-15
-14
-17
-29
-32
-30
-19
-14
-5
2
-12
-3
6
7
10
1
1
1
-11
-16
-12
-14
-20
-17
-27
-22
-11
-9
4
0
6
12
20
31
17
16
13
7
-6
-21
-17
-16
-7
-13
-10
5
2
1
4
7
7
3
5
6
-6
-9
-15
-18
-9
-15
-6
2
0
4
-1
0
-3
-5
13
9
3
14
11
21
16
15
9
10
26
15
17
10
-8
10
17
7
17
19
9
13
16
16
12
1
9
12
5
0
1
1
2
9
-2
5
2
-16
-8
-13
-18
-18
-18
-18
-5
1
-6
-5
-10
-9
-4
-5
-5
-1
-9
-13
-15
-16
-5
-10
-16
-13
-17
-12
-12
-17
-17
-15
-2
-5
-4
-9
-14
-12
-14
-12
-17
-15
-14
-7
6
9
10
20
7
3
0
-11
2
7
0
4
3
9
14
13
21
20
26
32
18
25
24
23
28
22
23
20
18
16
4
-1
3
9
13
13
12
5
19
12
5
20
1
-13
0
-10
-18
-16
-24
-18
-13
-17
-15
-13
-13
-9
-8
-14
-21
-28
-24
-20
-23
-18
-22
-16
-9
-5
-3
-12
-10
-21
-23
-16
-6
-10
-16
-13
-10
4
0
5
10
6
10
7
16
17
18
33
25
15
17
14
13
12
-3
4
11
10
10
9
19
19
24
28
24
20
17
16
20
10
0
2
6
-3
3
6
-11
-6
-9
-13
-6
-19
-9
-8
-19
-12
-11
-7
-8
-7
-16
-21
-11
-8
-6
-1
-10
-11
-3
5
-5
-18
-21
-22
-20
-17
-17
-6
-7
-15
-9
-12
-4
-9
-5
3
5
0
2
5
8
10
2
13
12
7
7
1
4
7
14
14
12
3
-1
11
12
19
15
7
13
27
24
18
22
9
10
16
9
1
0
0
4
7
10
11
5
11
8
3
7
1
-7
-9
-12
-10
-7
-9
-9
-17
-15
-10
-18
-14
-12
-28
-23
-15
-26
-25
-25
-21
-8
-10
-12
-10
-7
-8
-3
2
-6
-1
3
5
9
-4
-1
0
-7
0
3
15
17
1
2
3
12
18
15
10
12
20
8
9
4
-6
6
12
9
8
8
6
4
-8
0
2
-4
5
-1
2
5
9
9
8
6
2
11
0
0
3
2
3
-16
-4
-5
6
20
0
5
-3
-13
-2
-4
-14
-10
-6
-6
-6
-13
-3
-10
-15
-13
-5
-1
-9
-1
-7
8
22
2
-1
-2
-8
3
2
4
5
-2
-3
-2
-10
-5
4
-15
-2
2
-4
6
-2
-8
-3
8
11
15
15
12
21
12
-5
-7
-17
-25
-23
-14
-14
-17
-12
-7
5
11
1
-1
0
3
2
3
-2
10
19
10
14
14
15
8
0
0
-6
-2
6
8
0
3
13
9
8
8
7
3
5
9
-3
2
9
5
9
2
1
3
-11
-10
-2
-10
-9
-4
7
7
-5
5
6
0
-1
-3
-5
-11
-14
-17
-9
-8
-21
-19
-16
-7
-4
-2
1
-6
-15
-20
-21
-30
-31
-15
-19
-23
-8
-2
-1
-2
-5
1
1
-6
9
7
3
15
13
12
12
10
19
27
20
26
34
33
34
24
34
31
29
35
21
17
16
13
1
-2
5
-9
1
11
10
12
4
10
2
-11
0
-11
-17
-8
-19
-14
-9
-18
-15
-9
-28
-30
-21
-21
-29
-29
-18
-21
-26
-28
-15
-20
-16
-8
-23
-28
-16
-2
0
1
6
6
2
-4
2
-9
-11
-5
-7
8
11
13
16
24
16
8
11
5
9
0
-19
-10
-3
2
12
13
24
16
10
18
9
12
10
14
12
9
13
8
9
-2
15
13
9
16
6
13
11
6
9
5
1
0
1
5
7
1
-5
-13
-9
4
2
3
0
-7
-13
-10
-5
-3
4
0
2
5
-6
0
0
-4
-1
2
-4
-12
-7
-3
1
-13
-6
-6
-4
5
7
-5
-6
6
-5
-10
-18
-15
-21
-39
-29
-23
-33
-33
-28
-23
-14
-6
-4
-2
-7
-4
-8
-5
5
-9
-8
0
0
-4
-10
-7
3
2
6
13
18
16
14
22
23
28
24
24
27
26
41
39
31
33
39
19
20
26
16
26
20
13
18
15
8
11
14
13
8
13
5
2
4
-10
-8
-16
-24
-19
-27
-19
-13
-23
-23
-30
-28
-34
-37
-26
-23
-24
-18
-26
-34
-31
-46
-30
-31
-30
-23
-33
-18
-22
-20
-5
-5
5
8
1
-2
-5
-2
13
19
20
27
23
29
42
22
13
15
10
18
9
18
33
24
32
31
26
35
27
21
15
18
22
11
21
18
10
9
6
6
-3
-7
-7
-16
-12
-21
-29
-14
-16
-25
-19
-15
-7
1
-6
-2
-3
-8
-6
-5
-6
-9
-15
-14
-13
-23
-14
-14
-15
-8
-8
-5
6
12
9
3
-9
-5
-9
-12
-5
-2
1
-1
1
-3
0
2
-1
7
-1
1
1
3
15
17
10
10
5
-6
4
-1
-10
1
3
0
6
-2
-4
1
-4
-2
-1
-7
-3
-6
-3
5
1
7
8
-12
-10
-2
-5
10
5
4
16
12
4
2
7
4
-3
-8
2
9
12
17
23
21
11
11
9
0
1
6
17
20
20
15
9
15
-4
0
9
6
7
-2
1
2
-4
-7
-12
-17
-15
-10
-13
-16
-14
-12
-12
-19
-13
-17
-23
-19
-16
-15
-26
-17
-13
-26
-18
-26
-23
-16
-23
-10
-13
-20
-22
-8
-1
-5
8
-4
3
12
8
19
20
25
20
13
15
9
9
10
18
26
31
21
20
22
16
19
16
21
24
18
26
26
13
9
9
6
-3
-5
2
1
1
-3
0
9
13
5
-9
-1
-8
-10
-2
-18
-10
-6
-16
-7
-17
-19
-14
-22
-32
-27
-30
-31
-17
-17
0
3
-2
4
3
10
8
-4
-11
-2
-10
-17
-8
-10
-11
-7
-9
-9
-7
-3
18
17
7
27
26
29
18
10
24
6
-5
2
-9
-12
-8
-12
-9
-1
7
12
20
4
1
5
-9
-8
-15
-7
7
-5
-3
-2
0
6
3
1
5
11
21
23
7
5
3
-2
13
-3
-12
1
-8
-4
-3
-5
2
3
5
7
7
-1
1
4
6
2
-2
-5
-12
-7
3
1
3
7
8
18
16
0
-6
-6
-5
-9
-8
-8
-12
-19
-22
-13
-18
-7
-11
-21
-6
-3
-6
-5
1
6
7
15
6
-6
-3
-5
0
-7
-8
1
3
3
7
15
7
12
15
6
13
15
5
0
8
8
8
8
8
4
-4
-6
-7
-10
-19
-9
-7
-11
-7
-10
-3
-6
-5
-12
-13
-3
1
8
9
-7
14
21
11
20
19
10
-1
2
-1
-3
-1
8
0
8
14
1
11
0
-4
-3
-4
-6
-4
9
5
0
-11
-7
-4
-9
-5
-8
-4
2
-7
-6
6
-3
-8
2
-2
-5
5
2
-10
-7
-6
-11
-7
-3
-8
-6
-14
-8
-1
-12
-4
-7
3
4
4
14
15
25
17
10
6
9
1
-3
2
-5
0
0
7
8
-2
-7
-3
-10
-4
10
-2
-3
-4
0
-3
-8
0
-2
3
9
4
1
9
2
1
17
5
0
12
-2
0
-6
-7
8
-10
-13
-15
-6
-9
-10
-5
-4
9
5
7
12
18
9
10
-2
-2
-4
-13
2
-10
-6
-4
-8
-1
-6
-1
-10
-13
7
7
-1
-2
10
7
-3
3
-2
-7
-5
-4
-6
-3
1
-3
-2
10
7
-2
5
-2
-2
5
-2
3
7
5
8
0
7
2
-1
9
0
3
1
-8
-2
17
17
4
7
6
1
2
-2
-9
-8
-15
-16
-14
1
-11
-11
7
-7
0
-3
-10
-8
-5
-16
-18
-7
-5
-2
0
0
6
18
-1
13
11
1
20
5
-4
-7
-15
-15
-8
-16
-5
3
-5
12
26
13
21
17
23
26
10
14
6
6
0
-2
2
0
2
-5
-1
8
7
13
11
-2
-8
-8
-13
-18
-14
-6
-21
-11
-5
-14
-17
-18
-6
-15
-14
-7
-10
-17
0
-3
-3
-1
-3
1
-1
16
10
6
13
2
0
1
4
12
4
8
9
3
8
0
1
-1
-4
4
2
0
5
22
28
14
0
12
9
-5
-7
-11
-10
-12
1
-4
-2
12
0
-6
-9
-9
-7
-6
-3
9
8
12
7
-4
-2
-14
-18
-7
-5
-7
-3
2
8
2
0
0
4
9
-3
0
7
12
1
-3
8
2
1
-8
-12
-16
-9
-7
-5
-6
-7
-5
-6
0
12
2
7
20
11
9
3
9
7
7
10
11
6
3
2
-17
-11
-15
-21
11
7
4
21
7
10
12
1
3
0
-12
-12
-20
-27
-23
-16
-6
-7
-9
2
7
1
-1
-1
-5
-10
-16
-7
2
8
9
-1
-1
-8
-2
-1
-10
-14
-8
5
-4
11
20
9
16
22
8
6
17
7
3
-1
-4
-1
-1
10
24
20
10
6
4
-3
-16
-9
2
-2
4
6
-3
-8
-7
-3
-18
-5
4
-8
13
10
5
5
3
6
10
20
-1
-9
4
-16
-12
2
-9
-7
-6
-9
-6
2
11
13
19
5
-1
4
-4
5
6
-7
1
6
3
7
-2
-12
-13
-22
-15
-11
-21
-13
-17
-16
-11
-17
-27
-25
-14
-15
-2
-4
1
6
5
2
-7
-12
-8
-2
-6
7
4
5
16
9
5
14
25
13
12
18
10
7
12
8
8
4
3
15
12
13
17
21
21
32
29
11
24
13
12
13
0
2
3
3
-2
-8
-11
-12
-10
-15
-16
-25
-18
-3
-11
-5
-11
-17
-1
-10
-6
2
-13
-18
-11
-17
-18
-12
-17
-16
-7
-12
-11
-8
-5
-5
-7
3
-11
-7
-4
-6
1
-10
-15
-13
-8
1
13
11
10
14
2
14
18
10
11
4
11
23
20
6
6
14
12
8
3
10
6
6
9
7
11
5
21
25
16
23
21
14
12
-2
-3
-1
-20
-14
-21
-20
-4
-12
1
-1
-2
7
-4
-3
-4
-11
-13
-16
-21
-16
-24
-26
-11
-10
-15
-18
-15
-17
-7
-1
-2
0
1
6
0
-3
6
-2
-12
-3
-11
-6
7
-3
9
11
11
23
23
17
13
22
19
11
10
16
8
0
4
-2
-7
-2
2
-13
-8
9
0
6
2
1
8
1
-6
-2
4
-1
3
-7
-9
4
4
4
-5
-8
-15
-14
-15
-7
4
-2
-2
6
14
9
6
-1
5
2
1
-1
3
5
9
20
4
0
-4
-5
-5
-11
-8
-5
-6
2
10
9
4
6
10
-4
0
-10
-26
-15
-15
-11
-6
-9
-6
-1
4
-15
-16
-13
-24
-6
-1
4
-1
-3
-1
2
-3
4
6
-1
10
4
5
5
1
8
8
9
19
25
12
13
11
-7
2
9
5
8
9
19
28
26
28
20
14
12
3
3
3
-12
-16
-18
-23
-12
-22
-16
-1
-10
-2
-8
-6
4
-8
-9
-5
-17
-8
-17
-24
-8
-12
-6
-19
-23
-7
-11
-6
-4
0
1
0
-16
-21
-9
-9
-1
9
11
24
30
17
18
8
10
26
12
13
14
0
1
7
-3
4
1
2
14
9
11
7
-2
-10
-9
4
2
-2
8
1
-7
1
-7
-3
2
-10
-10
-6
-9
-6
-3
-1
-2
-7
-4
-4
1
-4
-9
-1
-6
-6
7
2
18
19
9
7
1
15
-3
-1
18
8
5
9
11
4
-3
-10
-5
-11
-5
10
12
11
4
3
-2
-4
-34
-50
-21
-20
-11
-6
-32
-57
-23
-32
-67
-27
3
-17
-20
34
15
-55
-38
-35
-46
-35
1
7
-55
-28
-11
-40
-81
-82
28
75
47
-10
1
36
43
61
13
-24
-85
-31
77
11
-23
15
21
-42
-5
152
125
40
77
138
162
119
130
215
233
200
131
167
276
214
213
304
314
192
147
317
349
213
140
162
205
144
74
111
89
12
-201
-246
-135
-284
-500
-475
-327
-409
-636
-716
-738
-771
-716
-752
-697
-749
-764
-760
-735
-495
-313
-332
-426
-607
-345
-112
-96
-108
37
1731
2148
-102
-3137
-1434
4947
5738
499
-2276
-116
571
-407
4007
6300
-576
-7029
-2694
4903
3366
-1153
-2278
-1914
-2433
-2094
-626
-1040
-2351
-3428
-3127
-825
-103
-3262
-5984
-3285
179
-1338
-3944
-3568
-2774
-3738
-3405
-2098
-2333
-4836
-5365
-4315
8527
25441
17735
-8736
-22388
-120
28489
28846
6723
-7834
-5343
491
11831
25769
26737
5191
-17967
-13314
11914
24544
10175
-9082
-9849
-398
1388
-5559
-7976
-4962
-5611
-7644
-7018
-6155
-12963
-20440
-16395
-2985
5286
-1859
-15403
-22040
-14825
-1238
6076
4390
-2656
-7143
-7474
-3871
3166
8220
6744
-981
-5726
-2318
3958
4650
-781
-1928
3743
6865
239
-8772
-6513
3390
7971
4601
1951
2866
121
-3870
-180
11123
16377
8458
-286
362
7413
10889
9878
9103
8690
7268
5775
5552
5942
6127
5523
3966
2058
2541
2154
-1450
-4082
-2665
-217
-1845
-3492
-3732
-5268
-7345
-6160
-2197
-1537
-3731
-5828
-5727
-4229
-3308
-3185
-2414
-763
-1969
-5300
-5545
-1992
-603
-3773
-5577
-4012
-3506
-5577
-8377
-7617
-7212
-8273
-10089
-10352
-5735
1330
10133
5928
-10447
-20129
-5712
21360
28209
12457
-6062
-9926
-736
14473
30007
30307
10847
-11305
-11527
10428
25683
18307
1833
-2678
3380
4662
18
-1876
736
633
-1291
-615
-1527
-8594
-16742
-13936
-2209
5428
892
-11497
-20144
-18716
-7509
3606
5155
-1861
-9829
-11504
-8690
-3238
3197
5317
405
-7439
-7933
-771
3899
1197
-2074
2362
7801
3837
-5604
-7472
2060
10416
9503
4104
623
-770
-2381
93
7377
12132
8205
-65
-2664
2122
7910
9244
7016
4608
3389
3829
5091
5516
4235
4613
6071
5357
3120
2939
4222
1707
153
2671
4385
1075
-2377
-1599
-1050
-1830
-2101
-2354
-4064
-4799
-3353
-3164
-5229
-6706
-6051
-4733
-5051
-6585
-7810
-6824
-6116
-7760
-9303
-8467
-6898
-7895
-10126
-9765
-9301
-9934
-11164
-9023
-1956
5233
10245
2663
-11531
-16258
1439
26385
29081
11261
-7371
-8905
3338
20220
32340
26132
4661
-13068
-8026
12833
23902
15176
117
-2131
4858
6645
1215
-2626
122
1876
1101
36
-2369
-8240
-14435
-10215
808
7269
872
-12806
-19705
-15353
-3292
4898
3523
-3983
-11023
-11977
-9273
-4205
586
947
-4275
-11347
-11132
-4290
547
-1538
-5322
-2787
1382
-468
-6921
-7488
1893
9892
9136
3373
311
981
2161
5600
10597
13599
10832
5193
3502
7814
14004
14769
10448
7141
8294
10648
10833
8428
5124
5313
8148
7778
2764
368
2466
2569
7
177
1876
-1014
-6000
-6594
-2337
445
-2572
-8652
-10663
-6113
-2465
-4218
-7636
-8770
-8357
-8474
-8472
-8262
-8305
-9219
-11398
-12923
-13128
-12347
-12808
-14596
-14784
-12524
-7004
497
6971
3403
-11209
-18845
-3828
22851
30705
12853
-7124
-8918
5311
22689
32399
25295
5658
-9309
-4656
14023
25001
17050
978
-6360
-2873
1817
2487
1797
1557
45
-2236
-3239
-5602
-10742
-13240
-6985
3412
6930
-1092
-14038
-19570
-11765
2597
10878
6563
-4276
-11667
-10568
-2921
5427
8394
3073
-6344
-11594
-8130
-1157
1037
-2426
-4150
-816
1045
-4206
-11380
-9420
1339
8352
5877
176
-2386
-2757
-2242
2462
10849
15186
9734
34
-2944
4247
13920
17122
13449
8775
7369
6793
8049
10605
13158
13744
8365
2372
-746
1896
3871
2144
395
-924
-1404
-3480
-4189
-3688
-2506
-1570
-3494
-5989
-6426
-4031
-2754
-3009
-2958
-3993
-4735
-5557
-6153
-6139
-5600
-4548
-7317
-11061
-13032
-12992
-12678
-13845
-12928
-11416
-7091
-1415
-1774
-12554
-21503
-11526
11848
21790
8984
-8944
-12501
-658
15829
29637
28885
11593
-8188
-8363
12230
29314
24838
6472
-4510
-2558
2699
4417
4154
4827
2972
-1447
-4045
-4456
-6217
-10405
-8701
950
8766
4076
-11161
-21048
-16295
-1496
9749
8282
-1785
-11086
-11636
-5103
3550
9621
7810
-601
-9590
-10094
-1863
5326
4931
-99
-1329
717
-730
-6376
-7604
1645
10489
8354
-1070
-6629
-4358
-1445
1528
6417
9453
5430
-2994
-5109
937
8341
10440
6673
3178
1939
4005
9467
10552
9466
6149
3991
3800
5829
9406
5615
656
-1299
1108
3231
2607
1003
-4428
-5712
-974
2743
-514
-6341
-6140
-3672
-2152
-4406
-7315
-5979
-3638
-1939
-4049
-4989
-4974
-7013
-8529
-8898
-6533
-7080
-9187
-9750
-7564
-2290
577
-4717
-15614
-18195
-3104
13487
12288
-3185
-12612
-6408
5852
16762
22017
16338
1037
-9788
-909
18775
25784
11904
-4677
-4523
5310
8431
1750
-2368
1428
4397
2032
-3303
-5926
-6720
-6557
-1284
6013
7554
-2401
-14946
-16714
-6455
6111
8458
14
-10220
-13388
-7616
-755
2563
1360
-2566
-7182
-10948
-9363
-4278
-367
-1258
-4204
-3394
-1304
-2170
-5826
-4459
4571
11463
9944
2764
-1827
-1315
2288
8539
13021
12256
5839
1153
2866
7778
11022
10022
7139
5428
7916
8891
5697
5325
9789
10134
5230
4217
5393
822
-1949
4279
8308
2399
-3884
-2491
-151
-624
-1447
-1434
-777
-1320
-4582
-6084
-2645
-1727
-8595
-13427
-7649
-767
-3127
-10479
-12780
-10256
-9314
-10496
-10699
-6971
-4870
-6511
-7786
-3475
1830
-4293
-14081
-12537
4310
13552
2467
-12714
-14352
-1436
10514
16943
15773
6835
-4809
-8852
2650
18960
22975
10887
-3254
-4957
2221
7826
6190
2787
3963
6327
4428
-2645
-7145
-5574
-152
5917
8093
4679
-5241
-13843
-12019
-277
10412
8357
-2757
-12453
-13821
-8033
-818
4082
2405
-5343
-12867
-14477
-9218
-4175
-2398
-2675
-3959
-6300
-10356
-10782
-5138
3953
9156
6553
2031
148
1903
3693
6096
11572
14575
9735
766
-887
6958
13831
13388
8081
6163
7563
5273
3285
5753
12514
11633
4777
1995
3326
5168
4470
6525
7029
4698
1620
-857
-35
1920
3046
1432
73
271
-1457
-3477
-4705
-4538
-4722
-5978
-6881
-10920
-11535
-9764
-8106
-11216
-15360
-15346
-15684
-10979
-6966
-2401
-2237
-4854
-10831
-16934
-10113
7306
17620
5796
-13423
-17008
-4920
9767
17920
16552
6021
-8784
-11847
1673
19141
20447
5533
-5756
-3106
4875
4239
-475
213
5164
7276
4213
-448
-4954
-6320
-1959
6517
12093
9196
-71
-8036
-7178
2334
11108
10227
978
-5705
-4192
-452
0
-546
905
-78
-6187
-11584
-10612
-7043
-7998
-10410
-8264
-4172
-5734
-13039
-16169
-8801
2691
6524
966
-3503
-958
3928
6200
8509
12551
12574
6143
1623
5056
12024
13361
8891
3801
4806
8329
5965
2297
4152
7547
3946
1283
3780
2976
-1873
-1031
5832
5873
986
1208
5383
7027
4941
2976
2709
4221
4385
2421
3565
5146
1672
-5012
-5516
-960
-136
-4716
-9625
-12038
-12377
-13209
-15086
-13578
-8339
-2768
-3625
-6894
-13400
-19091
-16871
-3309
11232
7896
-8504
-20166
-15134
1308
15344
18618
7902
-7516
-14745
-6560
10888
19424
12625
-1277
-7283
-3697
-722
26
1195
3271
2133
-182
-568
-2476
-5138
-4540
3753
12032
11599
4115
-3522
-4071
2877
11715
15231
9572
1189
-3232
-115
6084
8931
7810
2100
-4371
-8645
-7505
-3099
-2404
-5791
-8739
-8101
-9147
-14145
-15819
-11015
-4183
-2651
-5431
-5904
-3568
-848
398
3498
8705
10044
5000
-257
3775
13149
16203
11762
5461
6671
10579
8772
4436
5204
8272
2535
-3219
-1055
2440
-233
-3029
1090
1901
-1696
-2907
818
5074
5980
4469
1498
2781
7150
9598
10161
8291
5565
1532
1260
3105
3207
170
-3213
-3975
-6912
-10235
-13928
-10750
-3492
710
-1413
-8019
-16484
-21635
-15543
675
10114
898
-18758
-27867
-17402
1270
14052
11647
-3176
-18949
-20925
-5997
12700
16690
3306
-9383
-9408
-3214
-1564
-3279
-1462
1488
106
-3734
-5508
-6386
-6499
-1628
7993
13623
8282
-2462
-5098
2083
12015
17162
15457
8912
2101
892
5802
11499
13744
12963
8826
2474
-2460
-1144
3992
6270
3369
-256
-2417
-6547
-11629
-11108
-3123
3056
-702
-9712
-12884
-8028
-2018
525
2116
3893
2785
-3228
-6191
119
10011
12361
6076
3700
4880
4202
2307
4851
9327
6911
1540
-4636
-8601
-7435
-1100
4961
1046
-7527
-13035
-10293
-1370
5160
5066
-607
-4847
-5677
-3
10014
13736
8972
1316
530
4201
6641
5313
2579
446
-1905
-3193
-5876
-5441
-157
6990
9888
4453
-8105
-17305
-12307
7334
20738
11664
-11915
-26475
-18129
1542
17318
16580
-251
-18904
-23480
-10196
6641
9892
-896
-11591
-12075
-8167
-6935
-7389
-6627
-5596
-5636
-4800
-6662
-12694
-16640
-10057
4073
11628
6268
-5525
-10906
-4620
8875
19448
19236
9407
-1520
-3030
5701
14897
16371
9151
567
-2039
1697
6819
6640
1410
-1771
566
3944
1968
-3374
-6499
-3759
2642
6267
4380
-2038
-7535
-6849
129
9133
11876
5967
-2709
-3717
2226
8546
9442
8378
9379
5293
-213
-1297
7868
11213
4011
-492
-2103
-5428
-11224
-5611
4518
3687
-7304
-16580
-13775
-5634
1358
2689
885
-1274
-6725
-7961
-1465
8204
9607
3192
81
-10
2306
429
435
3709
2292
-3795
-12627
-11353
-1240
9265
14112
6154
-11091
-21594
-10718
14363
24666
12189
-10502
-21532
-11764
6709
21409
18454
1392
-15550
-17050
-1809
11959
11109
-1792
-9963
-7709
-4451
-4114
-6731
-8388
-9124
-9208
-6851
-8731
-15493
-20554
-14833
-1271
6410
2865
-8214
-14124
-9779
2654
16111
18080
8530
-3060
-4814
4096
11690
13336
9067
3473
-1199
-2952
1147
4918
4550
441
-774
1704
-321
-4429
-4980
2177
9067
7256
1732
-2383
-1717
631
4255
10222
13341
10401
1704
-1806
3858
10208
15725
16028
10048
927
-2200
4462
10227
12922
8843
-786
-9253
-9095
-1145
1755
-306
-5251
-10665
-12621
-10488
-5993
-4027
-1034
1076
-2305
-6381
-7121
-1893
4404
7716
5536
-2076
-4331
-461
3434
2513
-612
-2220
-6579
-10747
-6640
6529
15539
5440
-16254
-23291
-6778
16912
19623
1108
-17988
-21257
-6869
11150
23149
15881
-6770
-25204
-19909
6006
22522
12950
-9888
-18747
-7928
3474
3902
-3100
-6889
-7616
-8507
-7824
-7795
-8801
-12807
-13439
-5304
3125
2019
-9991
-16144
-6683
9284
18012
11984
1498
-4291
-443
9714
15149
13050
3900
-4121
-5491
480
9689
9973
1664
-6102
-4884
931
1695
-984
-2946
794
6521
7096
3185
-826
696
4114
6490
8769
8207
5615
2707
5745
9330
9885
12179
9290
3590
1112
6555
11197
9351
6635
-577
-7033
-4439
5170
5726
-6152
-12866
-11436
-7226
-4113
-2709
-3950
-8113
-9177
-6414
615
4578
-354
-5406
-1553
7464
6782
-1473
-4216
195
2908
2000
-2890
-6158
-7508
-7045
1222
10834
14539
-3683
-25999
-24130
3555
29579
20608
-8258
-29173
-23479
1174
20674
26710
12054
-11760
-27340
-18768
9257
22540
10102
-13215
-19062
-8759
-1898
-1453
-5146
-3809
-2795
-6029
-11156
-15303
-11677
-6874
-2610
755
1187
-2794
-13775
-15702
-2255
17384
26104
13760
-1662
-6539
2563
14059
18920
18646
7927
-6215
-13259
-5505
7966
9531
2218
-6472
-9531
-9929
-10558
-6156
843
7730
6317
-1714
-4900
-1432
5371
8631
11548
13108
8307
1569
2334
11144
19836
21114
10062
-1799
-2220
7223
10655
9955
11285
3469
-12064
-16108
1037
11163
-236
-15456
-18740
-12165
-6838
-4378
-6231
-6731
-6709
-9284
-6133
1348
6551
4106
2531
7960
9387
5664
2351
5288
8509
8923
4410
-2615
-5821
-3988
6429
15594
13035
-7564
-25954
-19285
7902
25902
12803
-15135
-31597
-23652
538
21213
23146
958
-26067
-31019
-7796
19788
21265
-1011
-21304
-19991
-7227
141
-1572
-6724
-8135
-7555
-6090
-7508
-12967
-16656
-12911
-2140
6332
4750
-7553
-20619
-18287
804
20704
23583
9461
-3244
-4859
4109
15458
23067
22717
10075
-6243
-11818
-199
12401
9345
-1341
-4717
-1137
-4739
-13492
-13692
-4253
4768
4873
214
-3287
-3793
-1779
3069
13728
21930
16789
1016
-4514
7017
23412
29891
17184
1835
-2475
6254
11500
11354
12549
5499
-7629
-12886
-31
8243
-914
-14267
-19805
-15710
-9991
-5773
-7502
-11069
-11984
-11496
-5991
-696
-612
-4129
-1010
9455
11493
5409
-169
2765
8025
10531
7085
-277
-3602
-634
10910
19838
15486
-8957
-28697
-18216
13641
30285
12658
-17359
-32570
-21294
3915
22998
21958
-1143
-26739
-30649
-7877
19045
20968
-585
-21000
-20880
-8272
-376
-1657
-7516
-10670
-9249
-5096
-5977
-12925
-16319
-10228
1992
8902
4776
-8008
-20355
-16550
4234
24392
25004
8252
-4987
-4795
6672
18748
24599
21169
7489
-5672
-7321
4384
13975
8554
-2876
-7416
-4614
-5405
-10434
-11844
-7161
-548
817
-3137
-7785
-9118
-6040
414
10754
17056
10279
-2570
-6205
9264
26551
22287
6769
1208
8341
9974
9150
13217
10506
-233
-5726
3449
8334
1527
-5942
-9508
-8666
-7316
-5347
-7713
-11918
-14100
-13691
-5823
406
-2655
-9894
-8225
2838
7094
4222
1818
5167
6613
4533
4399
5412
7321
4583
8020
18850
21960
2047
-23250
-18919
10351
30502
17904
-12247
-31318
-27488
-4416
18091
22786
4430
-22648
-32768
-16623
10641
19380
3885
-15053
-19350
-11698
-4690
-3011
-5578
-8304
-9445
-8968
-9630
-12624
-14507
-12303
-5079
3361
6987
-124
-13834
-18897
-6101
14071
22773
14029
1472
-2325
3559
12863
20383
22966
15842
2468
-4363
3354
14839
14072
3977
-965
1084
-985
-9077
-11291
-3220
4616
2577
-4468
-6968
-6254
-7033
-6248
2581
13249
11047
-2031
-10678
732
18053
16936
4975
-1102
3524
2716
2057
7725
8312
1123
-4274
2639
5568
-323
-6195
-7277
-5440
-4409
-1850
-1981
-4670
-9713
-12968
-7295
-998
-816
-5719
-5409
1809
2796
-844
-3371
2376
7890
6359
2930
12
2620
5423
14246
24876
21684
451
-18542
-9059
18287
30364
15039
-10718
-22977
-16851
347
17693
19059
-234
-25339
-29866
-10551
11691
15275
-349
-15423
-18697
-12758
-6419
-3924
-5004
-8776
-11703
-13196
-15266
-17352
-15311
-8347
-3258
-3023
-4907
-9102
-13670
-12453
-1515
11233
14449
7388
-1576
-3131
3442
13844
22413
22193
12221
-899
-4937
4912
16423
17509
9469
2750
-1001
-4788
-4694
1658
9166
7015
-2950
-7218
-2155
4175
2144
-1233
2910
9417
7734
-154
4331
12838
11796
3549
1938
7558
4750
-573
-1312
1508
-1142
-6275
-4663
-1436
-357
-5373
-9985
-8452
-5745
-6981
-10548
-7178
-1492
-474
-3858
-7069
-6318
-4797
-335
4061
3905
798
-3264
-1859
947
5824
7208
2964
-1216
-2503
9014
21690
23219
5251
-13412
-7113
15673
29367
15878
-7900
-18304
-11409
5219
18384
17762
-878
-23826
-26513
-6270
14676
11798
-6903
-16901
-11908
-3530
-3980
-7779
-7962
-6723
-7561
-10450
-13427
-17155
-19035
-14597
-4248
3082
-1645
-14772
-23800
-17997
-45
12990
11281
683
-5119
-1671
4286
10100
15561
18617
13212
1915
-2480
4392
13310
12511
7087
6816
6622
-880
-10260
-7279
6547
14414
8263
-2923
-5951
-1838
1162
3330
8707
15503
10684
-812
624
10481
17440
14156
11258
9901
5650
2902
-58
-604
-1385
89
-524
-7311
-11864
-12140
-8541
-7528
-10060
-13371
-14962
-12122
-10879
-8162
-4614
-2600
-4365
-7667
-2955
4389
7108
3123
253
2375
4180
5214
3767
4715
4406
2033
8684
18569
17839
-2533
-14733
1613
25263
27059
3370
-16015
-17777
-6912
9536
21285
16754
-7324
-30298
-26704
-302
18791
9790
-10887
-17957
-10749
-3474
-2426
-2347
-3919
-7750
-8621
-7222
-9314
-16956
-18910
-9821
2659
7065
-1890
-17229
-25950
-17468
1995
16261
14276
75
-11037
-8957
2818
14690
19790
16824
6646
-3432
-2697
7138
13827
10361
6164
6821
5341
-3542
-12132
-7417
7165
14649
8083
-2433
-5896
-5998
-4407
4072
17111
19384
5236
-3709
765
10491
15447
15634
14469
8318
3406
1256
3367
5867
4517
2026
-1280
-4620
-12866
-18195
-11134
-903
-2216
-13761
-18955
-16619
-13688
-11357
-6803
-1217
-2677
-8082
-9311
-2622
5525
7705
6687
6634
7261
2521
-1531
3182
11913
19108
21378
17412
2579
-13081
-9043
13936
32241
22570
-6036
-25303
-22068
-2925
15062
20234
7069
-17879
-32464
-21796
2868
14782
4904
-11170
-17891
-13868
-7090
-2197
949
766
-3202
-7993
-10524
-11375
-12057
-9394
-1893
4338
3229
-4854
-12438
-14097
-7713
3573
11245
8944
284
-5137
-3822
2583
10907
16999
15504
4720
-5840
-4519
6685
14149
10460
3778
1699
497
-4638
-6952
741
9321
7348
-1599
-4192
561
2902
542
1865
9778
13003
9042
2327
1149
5869
11721
15125
12209
7368
951
-1893
912
5287
5767
-501
-6054
-9077
-10059
-8228
-4533
-5036
-12070
-16917
-14121
-6564
-3659
-8308
-12666
-10717
-4166
-1405
-1989
-1957
-730
114
2271
7440
8821
5212
417
1382
6820
13410
19847
18834
6531
-7641
-5434
14699
29535
19736
-6136
-20845
-14668
2283
16009
16334
1303
-20714
-28771
-14971
5324
10427
-1406
-13758
-17051
-12911
-8026
-4612
-2107
-1656
-3737
-7238
-10541
-13316
-13537
-7440
2623
7406
328
-11326
-15032
-8833
1378
8112
9045
4000
-2445
-3937
54
6355
11531
14079
10832
2309
-4627
-2664
6080
10545
7137
2831
1890
-1324
-8675
-8510
3868
12931
5046
-7514
-6939
2932
6370
1178
831
7854
15019
10978
1747
2639
10267
14972
11651
12695
13674
3946
-4804
-406
11752
10613
-263
-7871
-9984
-8427
-5601
-2082
-4489
-10873
-16491
-15995
-8818
-4379
-4906
-9266
-10462
-8116
-5951
-1837
149
-2104
-4352
-1155
4683
4286
-776
-3066
1904
10247
17028
18679
7506
-7459
-7766
11488
30994
27088
4591
-14062
-14679
-527
15252
21835
10964
-12553
-28865
-21292
3031
14630
2457
-16212
-21104
-12527
-6342
-6916
-9176
-8181
-6963
-8047
-9442
-11843
-14355
-14078
-5602
6589
8547
-2855
-15150
-14909
-2493
10302
15704
11538
2117
-4489
-1444
8424
15356
16436
11735
4538
-1931
-2561
4105
9084
7549
3564
1486
-1518
-8623
-11366
-3553
7379
7822
-1947
-8025
-5637
-2094
-1006
2655
8999
13199
6805
-1211
1419
10364
15005
11712
12389
12881
6367
131
3456
11895
10122
2802
-1904
-3486
-5503
-6480
-3964
-2972
-6022
-13361
-14676
-8670
-5148
-7859
-11531
-7219
-3018
-4887
-7330
-5318
-1240
-1717
-2068
-500
1510
482
-3098
-1406
4389
14436
19461
8656
-8905
-13722
6052
28980
29309
7436
-13646
-15359
-2174
16096
26450
17193
-9329
-31052
-23465
4162
19509
8169
-12811
-20845
-16030
-9406
-6557
-4642
-4127
-9210
-14241
-14213
-11444
-13577
-17230
-10406
4623
11164
-898
-17184
-19013
-4528
12494
18151
12130
2734
-2159
1078
8983
16815
19859
14867
5179
-1679
710
7569
9375
4830
2538
6166
5258
-5923
-15273
-8933
5663
9009
423
-6406
-5262
-4256
-4698
-65
8626
12989
3034
-6744
-2368
11229
15453
8863
7862
7211
1767
-631
8789
15601
6007
-5181
-4855
2385
3211
-998
-4026
-5388
-6860
-10405
-9267
-4405
-3453
-8820
-12363
-7054
-2658
-3825
-6073
-2823
1053
-2277
-6161
-4895
1959
4618
-255
-3910
-1889
7773
16463
12589
-2456
-12611
-1514
18586
23998
10901
-5045
-10145
-6085
5844
20684
23062
3959
-21720
-24410
-1865
17453
12574
-5645
-13849
-11029
-8249
-9115
-7172
-2555
-4765
-11249
-14341
-13010
-15320
-20389
-16115
-1793
8046
454
-15596
-22081
-12535
5196
15775
13637
3912
-3512
-962
7777
16516
20523
17313
8749
688
1423
8492
11634
5843
231
4307
8435
1203
-10773
-10363
2143
8355
2731
-4024
-3868
-3035
-4205
-1147
8358
14937
4265
-8478
-3812
11633
15547
7282
4885
3444
-1268
956
13715
16590
-431
-13315
-6786
6083
7398
-396
-5823
-5773
-5614
-8250
-6313
-792
-1712
-9770
-12879
-5060
251
-3380
-6027
-1518
3381
-455
-7516
-9239
-2578
5129
4631
-198
-6635
-4720
8801
16884
6597
-12380
-11278
10352
22546
12581
-4452
-8447
-4887
182
11595
22053
15284
-12022
-28074
-11394
16381
20922
663
-13009
-9543
-2997
-4595
-6540
-1104
-118
-8476
-16262
-13841
-9676
-14566
-18530
-10704
2517
3403
-10009
-21334
-18964
-3840
9678
12836
7381
790
-470
987
7214
17952
24619
18648
3053
-4247
3104
12813
11197
2941
3223
7591
2627
-9967
-12479
52
8985
4436
-4078
-5094
-3080
-4897
-4859
4227
15121
9500
-6042
-7903
5694
14790
10845
7108
4808
-2469
-3904
9621
21086
10148
-9096
-11424
321
7428
3701
-1490
-3223
-5540
-8607
-6642
615
2638
-5022
-11428
-6922
216
-1549
-5738
-2536
3537
2623
-3585
-6341
-4439
-796
332
-438
-2016
-4531
16
8703
9041
-4346
-15689
-4630
15896
20819
4698
-12104
-13910
-6294
7474
20849
20500
149
-23871
-23471
802
20903
15745
-3637
-13732
-10534
-3698
-1169
679
1218
-4640
-11068
-12624
-11228
-13285
-15639
-10815
-2118
1163
-5088
-14539
-19420
-13517
433
10604
10516
3125
-1247
1335
6053
12479
19325
21838
14658
2385
-447
7774
13630
8280
3031
6714
7998
-1956
-13203
-8872
4690
8800
2130
-3089
-2797
-5415
-9212
-4087
12489
18835
2696
-12558
-7008
9487
14292
10240
7330
579
-7360
-3429
12503
16907
2884
-9427
-7526
1371
4003
1214
-1176
-3010
-7632
-10453
-4399
3062
1037
-7905
-8449
-806
1019
-3093
-3279
2720
5286
928
-1924
-453
75
-1385
-2543
-1219
-392
-3379
-2215
7891
11412
-4000
-21354
-13094
13486
23815
6817
-14840
-19315
-10424
4838
20083
21591
3531
-21849
-26698
-4137
20641
21508
1487
-13136
-12039
-3831
1248
3265
2393
-4256
-9397
-9968
-9412
-11842
-14145
-9946
-2349
1761
-2999
-13733
-21724
-18011
-2923
10225
12028
3582
-4357
-4338
1435
12298
22972
24118
11317
-4119
-3415
11360
19565
10969
1941
4902
7783
-724
-10744
-5288
8122
9104
-907
-4894
481
-74
-8069
-7007
8260
18808
5370
-11833
-8796
7629
13778
6414
4528
4327
-1258
-4325
4362
13489
7203
-3415
-6441
-1325
2305
2015
1209
-2022
-6533
-9729
-5549
1217
752
-5561
-7891
-2815
-936
-3161
-2202
2125
3158
-762
-600
1786
1230
-2564
-4490
289
1462
-2973
-8406
-7062
6801
14354
4268
-17217
-23255
-1927
18188
17609
-1737
-15925
-15328
-6357
10539
22148
17609
-6182
-26408
-16764
11938
28589
12951
-10128
-13437
-976
6410
-1083
-5473
-3005
-2597
-8931
-13722
-8010
-3973
-8431
-13766
-6799
4295
-1036
-17108
-23305
-8130
10254
13072
5576
-2006
-1857
1044
6157
15672
20513
13683
-2487
-8198
4003
16551
14023
1637
-1780
1990
1292
-4619
-6263
1615
5248
828
-2795
-257
1549
-5629
-8593
1020
14776
12778
-2023
-6016
977
7160
6386
9842
13514
4028
-5880
-1611
12082
12863
2156
-2176
1535
4686
1019
-1586
-874
-1683
-5073
-6229
-1612
-689
-6446
-10323
-5412
1892
726
-4896
-7141
-3320
1790
4720
2128
-4273
-5667
-1704
2575
-982
-7154
-7047
-4146
2288
10312
9281
-6948
-25182
-18041
10101
26774
13495
-13810
-24332
-14363
5028
21424
23548
7690
-17872
-25360
-4209
22254
24609
4719
-9827
-9635
-3405
-1600
-1390
141
-2877
-7846
-9682
-6524
-6550
-13851
-17047
-5925
9202
5972
-12964
-24590
-14528
5328
14827
12826
6076
-631
-4426
-2423
9249
22783
22867
5784
-10557
-6475
10320
17152
7607
-1267
492
2095
-4189
-10741
-4717
6570
5299
-4417
-6508
-331
-2463
-11791
-7423
12351
22286
4911
-15391
-12233
7898
20003
15923
9593
3733
-2675
-3739
6853
20150
18264
4130
-6822
-4754
3456
6701
4541
227
-3834
-7328
-7542
-4666
-3244
-4136
-5165
-4715
-5942
-7590
-6766
-3949
70
2150
1921
-2338
-7607
-6745
411
5108
193
-6982
-7124
-5734
-1448
8922
14309
-253
-24999
-22756
8574
29765
15326
-14924
-24262
-11192
6758
19526
23111
11509
-15142
-27111
-5934
25928
28393
-507
-20104
-13308
2446
4194
-2643
-3632
-3213
-5962
-10277
-9124
-5799
-8421
-12610
-8604
2506
5094
-6053
-17871
-14700
2298
14771
13556
3564
-4225
-3622
1211
9847
18330
18315
6277
-7157
-4698
9036
15665
8051
-813
-698
1424
-1443
-6180
-3194
2818
825
-5121
-5831
-391
-868
-6736
-4456
5695
10195
1950
-3677
2053
8229
7466
6809
12529
12383
2692
-2382
6294
16177
11193
248
-2248
2979
4173
-18
-854
230
-3928
-11110
-9860
-1766
-649
-8560
-13287
-8027
-2034
-3477
-6478
-3052
2691
1748
-4769
-7179
-1050
5028
3834
-638
-4598
-5765
-6091
-3830
1916
4618
7040
3795
-6492
-15914
-12006
7766
19053
11745
-5757
-14456
-10334
-947
14797
24691
17073
-7283
-23682
-10541
15151
23764
7066
-9202
-9393
-3425
-1335
-2631
-661
-1837
-7076
-9365
-7293
-6155
-11435
-13974
-7842
2455
4322
-7058
-17249
-15701
-1936
10350
11603
5854
-2078
-4828
-1424
8046
18333
18481
7290
-5568
-5015
7097
14572
9052
-599
-856
2261
-427
-6396
-7761
-2063
1037
276
-653
-2169
-7053
-11190
-3836
10910
17298
6935
-5025
-3487
6295
11948
13155
15657
14426
4442
-4087
528
12008
15505
9461
3001
-1491
-4936
-5623
-1266
2549
-1715
-9430
-11787
-8449
-7364
-10029
-8520
-1768
1865
-2454
-8593
-9389
-4992
1062
4580
4943
746
-5867
-8515
-5260
4560
9600
4293
-5394
-12671
-8467
-1940
2856
9197
9036
-1616
-18932
-17917
4695
21319
16247
-3684
-11947
-8870
-2086
8589
17918
19307
1625
-16298
-11562
9945
20427
6785
-5948
-5181
242
-2783
-9154
-4943
707
-111
-7240
-11556
-9613
-10096
-12755
-11408
-1276
4633
-2853
-13163
-13737
-172
10541
10833
6017
1562
2252
1061
2038
9501
17093
13624
-1567
-8375
-1036
8422
5466
-3965
-4229
-330
-2029
-10199
-11034
-975
3621
-2064
-6706
-207
5935
1841
-2380
1829
11553
13898
10633
7072
3671
4668
10403
16986
13700
4906
1651
4975
7807
5564
5323
5624
451
-8947
-11337
-1289
5427
-2387
-14400
-13451
-3699
-2070
-6901
-6517
-1260
-2758
-8693
-7129
617
4576
-389
-4575
-2365
2174
2897
120
802
2371
1439
-1293
-3782
-4717
-6978
-5591
-793
-1236
1430
5383
1152
-15612
-23563
-1481
21302
17567
-7146
-19342
-9631
1430
12211
20381
20666
2335
-21209
-17463
9864
27345
11609
-8416
-6220
3220
-1330
-15045
-10706
3627
6119
-4541
-13845
-12225
-10885
-11073
-5951
6688
13336
2256
-11842
-12882
938
12517
11906
8410
4632
1975
-3088
-5123
2842
11538
10986
-2286
-11323
-7392
-1842
-3019
-5863
742
4492
-4556
-14623
-10926
4434
9719
2767
-1438
3871
7912
697
-2076
8461
19379
13903
396
428
7064
8697
8021
12982
15146
4459
-4427
-1158
9357
11846
4503
-1830
-3838
-3100
-4600
-3782
671
693
-6957
-13088
-8225
-950
-115
-4250
-6686
-5288
-3108
-567
-152
6
1954
4037
3481
-210
-673
1977
2414
-808
-3103
-1157
349
-2750
-8943
-8660
-5907
-6991
-10119
-14159
-4459
8533
5914
-12749
-25195
-7947
14057
18660
4866
-7740
-11203
-12349
3607
25472
31739
8500
-22046
-20902
5896
27093
17544
-2693
-9810
-5505
-798
-3334
935
5528
2216
-3911
-5571
959
62
-6832
-7286
5207
16731
9148
-7299
-17573
-10009
2740
6874
6019
-964
-7706
-14890
-14232
307
12812
9235
-10377
-19814
-8804
4970
5131
-3826
-1665
5202
3285
-4294
-5167
3504
5704
2846
4975
10477
7305
-5402
-6357
6256
16021
10632
1064
3619
8252
6259
2749
8322
14696
7327
-1530
755
8277
4245
-4555
-469
6923
6446
-3236
-8280
-5222
-2143
862
2332
3913
-1058
-8354
-6392
5043
13169
5404
-5231
-5786
1999
6903
4674
1294
-2384
-3989
-3623
-2035
-1384
-4933
-9650
-11760
-9464
-5941
-6067
-8757
-12505
-13570
-10263
-9223
-8462
-12861
-9925
5921
9378
-6250
-28783
-17573
13218
24802
11995
-7025
-7836
-6712
528
18232
31751
23636
-7865
-20886
-295
27001
26369
3169
-4850
2624
8346
2113
-222
7463
6972
-418
-6490
-1137
2130
-7111
-14132
-8481
5731
3753
-11970
-21259
-14170
245
1391
-2489
-4200
-4149
-6358
-11643
-4027
8979
10149
-4433
-14327
-3089
7100
2572
-7198
-2193
8985
3049
-9186
-9948
4464
11781
3730
-760
5234
10205
-623
-8093
3359
17982
14949
-2889
-5706
5155
9787
3467
493
8921
10489
888
-4488
4624
13200
6705
672
5660
13682
9863
-353
-848
5790
10564
7258
2073
-335
-246
1272
1761
2687
330
-4420
-8639
-8721
-3686
-715
-3751
-10979
-13196
-8544
-4200
-5697
-10918
-11395
-8577
-7513
-9395
-10055
-8493
-10227
-11818
-9844
-5268
-5702
-12482
-13797
-10519
-1414
10340
10598
-3284
-20106
-10315
15751
29008
19935
754
-5653
-3428
8947
24535
30751
19394
-4697
-12522
2853
23398
21904
4526
-2119
1491
5746
1400
-678
2108
1287
-386
-2494
-1094
-3094
-9077
-11577
-6294
3351
560
-10167
-17105
-12506
-2324
-778
-2497
-5683
-7325
-9190
-12057
-7514
-241
2268
-5635
-11943
-5125
2987
1753
-5316
-1959
6113
4422
-2414
-5056
1166
4286
2763
4319
7543
6314
-2869
-4952
4591
13246
10648
2296
4058
8084
8280
9237
14816
19134
11024
4514
8498
17967
20284
12249
5876
3577
6873
8446
7012
4737
879
-1060
-3100
-3305
-4647
-5190
-3908
-6076
-9998
-12553
-9466
-7842
-9806
-8756
-5909
-6841
-13574
-14996
-7731
-842
-2729
-10576
-12976
-10221
-7538
-7714
-7550
-5589
-7695
-11925
-12724
-7985
-3004
-5789
-8639
-6716
-2955
-4199
-9304
-719
13985
14133
-2973
-13075
3312
20974
21795
12242
6464
5836
2661
10884
27050
32055
13950
-8730
-5966
15294
28800
18779
4280
-39
-319
459
2360
8721
7738
-3654
-11986
-9949
-2818
-5482
-13707
-14903
-6909
-2503
-12051
-20612
-18240
-9079
-5903
-10009
-9700
-9046
-11185
-14993
-11393
453
4360
-2965
-11936
-7579
3347
4699
-1242
-2906
4950
7318
1001
-1099
5420
12045
7111
1275
5584
13743
12797
3635
3781
12589
17165
11063
6353
12194
15972
12526
7238
10666
16343
13346
5799
2943
8362
9672
4711
71
1079
3313
-430
-3514
-2501
228
-1876
-7504
-9523
-6605
-1710
-1841
-4839
-7640
-8354
-8437
-9913
-8458
-5465
-4842
-10213
-15883
-14094
-7649
-4565
-9825
-15132
-15096
-12192
-10723
-11414
-9371
-8116
-9445
-10633
-7089
-960
-1510
-6437
-8164
-1345
5727
5267
972
604
6344
12734
17337
14916
7392
1825
7263
19228
24724
19925
8672
1973
3423
13825
24339
23135
9830
-3375
-2141
9767
16968
11610
1438
-4566
-6711
-5886
-3059
-1025
-4658
-12387
-15606
-13625
-11778
-14675
-18357
-16643
-11279
-8037
-10741
-14494
-15140
-11926
-6930
-3536
-1962
-3823
-5920
-5610
-2028
4628
7534
3865
-2749
-3858
2565
8367
8808
5160
3532
4545
5916
7029
6493
6583
6247
6185
7812
9474
9371
6386
5865
8381
11391
12179
11297
10531
7823
6848
8075
10626
11810
10042
6750
4114
4840
5994
5302
3501
1447
-990
-3693
-4102
-3210
-4887
-7911
-8769
-7506
-8121
-10874
-12567
-11298
-9146
-10211
-13244
-14619
-12543
-10175
-11272
-13407
-12459
-10108
-11177
-13953
-11968
-4534
-634
-5348
-10098
-7205
-27
2543
-79
-307
2310
2941
1437
2799
6747
6059
1699
1325
8259
11495
5472
1195
5251
15224
16664
9092
1780
1026
7951
12945
14121
10102
3161
-1370
-879
7941
13270
9425
-1141
-8205
-4640
1729
5329
1817
-2453
-4359
-4433
-1987
-644
-1082
-5651
-7977
-4277
-142
-882
-8097
-12478
-10031
-3554
-397
-3994
-8096
-11225
-12233
-11086
-6013
205
-1672
-8762
-13170
-8477
-538
1354
-2101
-4643
-1133
2783
3716
4021
6468
10016
10011
9506
10769
12487
12889
12328
13753
14776
13576
10700
9709
11101
11454
10362
6908
3826
1905
2807
5728
4608
405
-3757
-3753
-1489
1013
2268
-806
-5556
-8025
-4336
-521
-379
-2767
-5977
-6965
-6753
-5392
-4554
-4099
-5048
-8186
-9798
-8924
-6919
-7449
-8830
-7842
-6987
-8327
-10492
-9870
-7169
-5171
-5086
-5390
-4457
-4764
-5431
-3600
1355
4475
1388
-3315
-3203
1668
5334
5855
4217
2078
1747
1786
1753
3467
5416
5727
2272
-124
1421
3561
3376
1497
3951
6269
5248
-1
-1757
4193
9441
8765
2531
-66
2177
6304
9638
9538
6641
1691
739
4933
8755
8314
3716
240
-962
-201
61
-968
-3016
-7289
-9919
-10406
-8719
-8337
-11169
-12086
-11541
-10370
-10295
-10283
-9458
-9190
-7583
-5037
-1322
-272
-1289
-128
2799
6263
6246
5549
6721
7801
7833
7225
9023
10706
10177
7988
6551
7702
7340
5533
4383
5897
7721
5277
462
-2505
-13
3850
4353
946
-2942
-1208
1590
1602
472
2206
4914
2476
-442
813
3652
2451
-95
1682
3870
1308
-5021
-7596
-4602
-1555
-2669
-6729
-8978
-10473
-10816
-8933
-6473
-6405
-10371
-13453
-12966
-9819
-7197
-6974
-7356
-7903
-7097
-5241
-3026
-1431
-634
1063
3170
4222
3685
3692
4425
6061
8796
10471
8042
3414
2353
4917
6147
4830
2887
-138
-3631
-5100
-2611
421
-310
-2629
-5468
-5599
-4511
-1495
2982
1139
-3721
-5741
1184
6352
3924
2355
5512
9143
6809
7040
11365
13030
9225
5233
9000
14135
13011
5952
592
2577
5136
4634
444
-4375
-8638
-11333
-8338
-4615
-5140
-11301
-15867
-14867
-12136
-9170
-8601
-8082
-9255
-10434
-7682
-3928
-431
443
1256
3114
3559
2752
1607
3483
7082
10000
9520
5077
2299
2342
5795
7803
5744
2898
347
404
33
997
3607
4740
2808
-620
184
3354
6019
4873
3163
3399
3695
3665
2742
3717
3906
1939
65
-173
180
-1226
-2503
-2154
-1445
-2512
-5268
-6480
-5301
-3095
-2373
-3911
-5769
-6740
-5954
-4152
-2420
-2526
-3412
-2662
-628
-584
-3630
-4673
-1219
2844
1449
-3648
-6009
-3775
-482
55
-566
-615
-1576
-4812
-6935
-3822
726
1005
-2986
-5341
-3940
-2349
-2218
-2140
-1652
-1186
-1522
-2717
-1798
-352
996
1255
1061
2812
2735
1475
1540
3155
5589
5448
6366
6450
6866
8238
8691
9550
9281
12155
13044
9935
6952
7275
10212
9367
7053
5217
4818
2976
-247
-15
335
-1090
-5467
-8184
-6990
-6865
-8331
-10485
-9957
-9504
-11470
-13651
-13143
-8537
-7147
-8299
-9282
-8358
-5338
-3502
-1097
-1206
-3008
-3484
-1123
3046
4197
3513
1491
1318
3433
4813
4341
2002
2249
3856
4282
2365
573
2173
3732
4602
4247
4793
5408
3454
1755
3390
7612
8115
4669
2233
4661
8756
8352
6070
5418
6861
7045
5913
6403
7087
5306
1271
170
2257
2816
-1301
-7127
-8231
-5972
-5233
-8088
-11416
-12355
-12082
-11286
-10261
-8772
-8914
-11532
-13962
-12305
-6763
-3135
-3522
-5617
-5703
-4266
-3030
-914
1023
1189
-459
-1168
18
782
288
-233
932
857
-1443
-3123
-2378
-623
-1210
-1811
-845
-401
-1907
-2870
-1076
1714
3796
4297
3669
2992
3080
5171
7941
10420
12019
11577
11019
10833
12125
14381
15843
15235
13017
11403
10802
10593
11318
11957
9393
4506
1404
1642
1169
-1401
-3889
-6081
-9701
-12647
-12096
-10995
-13631
-18562
-19562
-16425
-14552
-16285
-18761
-17803
-14873
-12510
-10675
-8876
-7692
-8296
-8438
-6394
-2325
1311
1317
-252
-77
2707
4666
4770
6584
9192
10403
9485
8865
9994
10772
11718
12202
13142
14310
13452
10824
7896
9237
12066
13240
11101
7159
5324
4883
5995
6451
6745
5818
3572
1180
-460
441
957
263
-2629
-5904
-6324
-5719
-5800
-7706
-9503
-10352
-10698
-10920
-12068
-12340
-11859
-10727
-10694
-12315
-12477
-10823
-8518
-7534
-7281
-7247
-7353
-6768
-4876
-1867
-952
-1606
-1790
-825
662
655
127
420
1348
1339
140
-922
-295
1857
2690
2097
1554
1519
1505
1316
3185
5688
6141
4902
4770
7071
9401
10789
9284
7176
7503
9759
12078
11098
8489
6568
7345
9816
9695
7841
5567
3768
2607
2977
5107
3970
-627
-4944
-5731
-3683
-2697
-5041
-10120
-12788
-11289
-8694
-8546
-11174
-13837
-15237
-14154
-11574
-8912
-7063
-7642
-8816
-7968
-4130
-646
94
127
863
2146
2541
3598
5204
6223
5677
4179
4537
5680
5602
4108
4800
6681
7105
5043
3267
4233
5636
7149
7456
6978
5642
4241
4241
5805
8033
7685
5120
3071
3482
5117
4869
3328
2313
2671
2907
1449
-583
-1273
-962
-2202
-4587
-5209
-3859
-4032
-7585
-10493
-8830
-5532
-5971
-10041
-12159
-10265
-7738
-7333
-8464
-8751
-8495
-8022
-6940
-6033
-5998
-6882
-6534
-4222
-1780
-1218
-2365
-2225
-239
2361
3193
2037
1382
1425
2569
4286
6023
5709
2880
1300
3215
6748
7190
5278
4027
4508
5765
6117
6793
7750
7661
5435
3760
5365
7545
6449
2634
1411
3392
3794
550
-2740
-2761
-1093
-1183
-4052
-6647
-7417
-6822
-6300
-6360
-6199
-6323
-7008
-7962
-6860
-3855
-798
-454
-2791
-4088
-2379
341
1282
1135
1100
1260
492
-437
460
2896
4187
2981
1367
1412
1878
1876
2510
3836
4449
3496
2647
2650
3585
4768
5736
6406
6347
6023
5539
5910
6998
8110
8501
7336
5330
4024
4769
5834
4976
3204
1906
1678
328
-1786
-2960
-3085
-2744
-4109
-6362
-8419
-8998
-8836
-9264
-8749
-8133
-9183
-12125
-13214
-10316
-7030
-6217
-8216
-9757
-8687
-5777
-3297
-3239
-3368
-3003
-2088
-914
658
1915
1535
1397
2376
3926
3427
1291
637
2202
4172
3930
2783
2644
2938
2675
2728
4974
6645
5027
2490
2892
5385
5751
4657
4711
5835
5077
2583
1988
4062
6198
4893
1895
784
1419
973
-386
274
1450
8
-3717
-5575
-4228
-2744
-3164
-5144
-6494
-6120
-5271
-5583
-6241
-5717
-5530
-6577
-7496
-6422
-5017
-5143
-5520
-4874
-3848
-4013
-4449
-3513
-1146
-299
-1926
-2329
-331
1451
1159
504
1345
2918
4245
4913
5151
4955
5996
7543
8356
8691
8531
8745
9143
10477
11786
11882
10291
9241
10875
11491
9562
7253
7585
8919
8117
6213
4854
3831
1754
-686
-777
1047
886
-3844
-8099
-7201
-4841
-4760
-6704
-7385
-8245
-10317
-10889
-8769
-6175
-6888
-9482
-10843
-9250
-7284
-7487
-8331
-8135
-7382
-7616
-7857
-7120
-6229
-6574
-7231
-6491
-4953
-4149
-4776
-5345
-4123
-1654
20
-472
-1248
-266
1479
2369
2649
4033
5248
4868
4616
6572
9346
8955
6614
6448
9415
11109
9030
6790
6993
8343
8071
6957
6660
6196
4520
2586
2568
3354
2868
679
-1733
-2562
-2116
-1378
-1865
-3157
-3518
-2973
-3212
-4667
-4721
-2843
-1762
-3383
-5356
-4488
-2383
-2107
-3653
-4212
-3448
-3410
-4398
-4915
-3650
-2151
-2182
-3583
-4399
-3607
-2651
-2255
-1821
-753
-579
-2015
-3105
-1559
1440
2187
587
-100
1219
2615
2533
1838
2059
3944
5935
6053
5003
4702
5454
6149
7033
8328
8824
7747
5923
5115
6248
7780
7448
5489
4446
4206
3688
3352
3263
2156
447
-187
-551
-1825
-3037
-3570
-3784
-3503
-2820
-3733
-6127
-6848
-5384
-3688
-2831
-2674
-3797
-5351
-5152
-3127
-1012
-668
-2444
-4602
-4551
-2190
-1182
-2716
-3721
-2588
-2058
-4025
-5557
-4182
-2130
-2653
-4936
-5406
-3887
-3282
-4499
-5062
-2999
-1303
-2500
-4209
-2518
1020
1338
-1064
-1512
1697
4015
3007
2140
4109
6181
4773
2772
4258
7198
6705
3319
2263
4207
5047
3038
1205
2008
3097
1940
-572
-1376
276
1641
1010
-326
-507
-455
-1682
-2370
-525
2263
2187
-943
-2969
-1554
1348
2408
1694
1190
255
-1722
-2436
400
3504
2530
-596
-1730
-279
527
60
109
494
60
-1259
-1563
-450
184
-293
-617
997
2328
1278
-469
-193
2359
3700
2956
1458
474
343
561
1594
2552
2309
378
-1780
-1625
41
1324
721
-895
-1983
-2458
-2392
-2083
-926
65
-566
-2243
-3085
-1988
-887
-608
-165
634
616
-738
-924
817
2171
1211
-927
-1084
238
518
-995
-1944
-535
348
-903
-2632
-2403
-1101
-801
-784
-743
-797
-1353
-2024
-1603
-239
1378
1426
517
221
223
533
1164
2767
3596
2375
339
-592
1000
3063
3618
2180
70
-154
1045
2161
1351
-252
-753
-521
-183
-798
-1568
-2422
-3103
-3224
-3090
-2604
-3266
-4857
-5812
-4743
-2633
-2106
-3069
-4470
-4625
-3690
-2437
-1248
-938
-1355
-2647
-2850
-1101
1002
1348
-199
-711
271
1408
1213
427
927
2092
2969
2917
3172
3756
3472
2986
3649
5826
6560
4966
3229
3188
4448
5425
6294
6382
5076
3098
2378
3656
5193
5498
3844
1575
666
1527
2755
2718
1712
217
-1156
-1439
-180
1291
545
-2170
-3956
-2579
41
159
-2284
-3773
-2400
-1113
-2156
-3323
-2277
-716
-1780
-3496
-3129
-1564
-2144
-4425
-4666
-2943
-1768
-3488
-5950
-6843
-5880
-4251
-4171
-4972
-6119
-6510
-6243
-5324
-3346
-2148
-2651
-4672
-5111
-2527
528
1757
497
-508
221
2246
3800
4013
4763
5294
4639
3480
4474
7084
7577
5973
4596
5501
6985
6852
5478
4452
4924
5139
4587
4035
3863
3438
2224
1665
2306
2960
1792
-732
-1802
-591
369
-873
-2939
-3444
-2883
-2711
-3149
-3871
-4685
-5529
-5255
-4304
-4468
-5934
-6875
-6340
-6011
-6436
-6346
-5424
-4881
-5484
-5915
-5282
-4338
-4038
-3986
-2503
-480
166
-612
-502
1535
2875
2522
2077
3724
5741
5404
3777
3507
5587
7174
7022
6225
5905
5568
4199
3639
5252
7587
6968
3311
1094
2284
4507
4640
3726
3666
3623
2511
1199
1922
3693
3790
1980
820
1738
2185
1003
-7
467
954
-194
-1741
-2404
-2060
-1760
-2127
-3065
-4290
-5011
-5315
-5399
-5752
-6357
-6968
-7740
-8548
-9154
-8800
-8081
-7927
-8563
-9172
-8747
-7748
-6386
-5244
-4647
-4315
-3717
-2213
-527
965
1691
1785
2572
4206
5909
6130
5835
6334
7195
7917
7836
7730
7473
7226
7186
6998
6953
6345
5530
4758
4290
4046
3502
3384
3053
2301
1400
850
963
798
855
444
-507
-1265
-1412
-935
-1270
-1560
-1941
-2262
-2723
-3571
-3535
-3499
-3768
-5055
-5840
-5487
-5682
-6151
-6589
-6318
-6304
-6420
-6120
-6228
-6280
-6028
-4734
-3245
-2811
-3156
-3386
-2193
-729
260
1197
2178
2844
2765
3096
3984
5097
5811
5685
5494
5769
6490
6339
5686
5886
6710
6801
5660
4783
4687
4953
4776
4388
4401
4226
3261
1635
1131
2191
3198
2477
573
-162
420
746
33
-428
-195
-541
-1523
-2173
-1966
-1689
-1883
-2289
-2573
-2439
-2424
-3184
-4351
-4557
-3531
-3003
-4366
-6781
-8004
-7132
-5712
-5643
-6753
-7323
-6835
-6629
-6801
-5865
-3882
-3033
-3902
-3748
-1511
269
-230
-847
1019
3550
3747
2017
1677
3687
5224
4930
4625
5798
6394
4919
3802
4845
6285
5613
3892
3266
3709
4180
3680
2605
1913
2198
2729
2444
1930
1786
1916
1805
1520
1520
1755
1926
1339
350
70
567
666
-294
-1217
-1547
-1672
-2097
-2728
-3251
-3766
-4096
-4425
-4701
-4939
-5152
-5262
-5478
-5582
-5578
-5278
-4880
-4667
-4451
-4258
-3675
-2804
-1822
-1146
-975
-628
-42
1015
2292
3326
3621
3106
3036
3638
4554
5015
4895
4688
4293
4076
3809
3818
4038
4122
3895
2942
2074
1852
2348
2426
1482
637
393
435
-82
-488
-97
347
-71
-1408
-1811
-813
274
72
-935
-1228
-1133
-1008
-861
-470
-268
-705
-1248
-1910
-2299
-2310
-2082
-2117
-2860
-3411
-3636
-3708
-3939
-3758
-2738
-2146
-2293
-2730
-2455
-1744
-1155
-382
254
674
387
253
1043
2087
2443
1780
1670
2135
2504
2497
2308
2393
2490
2925
2918
2211
1527
1455
1805
1725
1593
1276
568
-311
-658
7
805
944
90
-916
-1215
-651
157
361
-22
-618
-935
-923
-447
15
-332
-1208
-1449
-759
-654
-1429
-1975
-1745
-1596
-1884
-1827
-1813
-2491
-3440
-3126
-1688
-915
-1443
-2316
-2330
-1792
-944
86
883
865
289
585
1887
3185
3333
2976
3290
4055
4401
3854
3627
4141
4885
4904
3818
2616
2093
2735
3323
2927
1756
307
-692
-1074
-355
309
-619
-2814
-4258
-3503
-2490
-2701
-3628
-3856
-3591
-4074
-4471
-4065
-3183
-3199
-3563
-2710
-1428
-1260
-2352
-2206
-560
466
53
-477
94
248
-135
82
1185
1406
-398
-1869
-1400
274
571
-630
-1268
-888
-322
-374
379
1785
2190
1350
886
2183
3479
3753
3445
3651
4388
4664
4516
4038
3937
4151
4247
4080
3603
3110
2301
1482
1299
1661
1754
726
-844
-2028
-2346
-2045
-1869
-2213
-3215
-4102
-4282
-3916
-3658
-3638
-3457
-3374
-3543
-3686
-3257
-2472
-1986
-2005
-2383
-2618
-2326
-1683
-1377
-1725
-2088
-1978
-1636
-1451
-1397
-988
-370
-257
-1152
-1913
-986
750
1232
201
-217
774
1969
2465
2621
3177
3768
4087
4119
4453
5284
5800
5420
4525
4560
5529
5916
4710
3252
3379
4292
4044
2409
1155
815
609
176
-294
-916
-1913
-2658
-2827
-2783
-3091
-3590
-3894
-4061
-4314
-4637
-4525
-4136
-4255
-5179
-5772
-5153
-4195
-4011
-4480
-4578
-4250
-3876
-3368
-2637
-1976
-1921
-2148
-1941
-1043
53
511
215
-284
-172
722
1782
2192
1692
1198
1634
2645
3075
2767
2896
3727
4306
4212
4083
4493
5015
5276
5274
5261
5322
5049
4487
4246
4760
5071
4231
3104
2946
3453
3144
2002
1358
1705
1871
718
-979
-1644
-1159
-1193
-2482
-3842
-4173
-4207
-4739
-5078
-4868
-5098
-6445
-7330
-6532
-5314
-5422
-6457
-6668
-5968
-5264
-4844
-4349
-3754
-3402
-3072
-2558
-1838
-1244
-903
-416
423
1207
1207
911
1397
2719
3755
3602
2822
2365
2761
3648
4305
4523
4353
3992
3506
3430
4135
4864
4791
4067
3695
3712
3704
3765
3967
3889
2998
2145
2101
2362
2004
1179
1010
1238
846
-243
-745
-252
-125
-842
-1523
-1461
-1662
-2771
-3600
-3280
-2708
-3313
-4505
-5026
-4844
-4889
-5412
-5368
-4703
-4421
-5162
-5967
-5621
-4472
-3695
-3985
-4291
-3687
-2740
-2508
-2807
-2049
-477
103
-839
-1409
-151
1423
1711
1031
1091
2056
2612
2601
2824
3881
4615
4231
3564
3775
4806
5151
4706
4363
4705
5091
4622
3996
4031
4755
5084
4594
3962
3462
3126
2866
3084
3257
2541
1406
823
1157
1324
872
223
-319
-828
-1446
-1708
-1673
-1861
-2845
-4173
-4575
-4018
-3763
-4683
-5631
-5407
-4768
-4914
-5476
-5304
-4765
-4802
-5125
-4612
-3407
-3050
-3826
-4148
-2918
-1291
-903
-1506
-1705
-1091
-270
450
1055
1316
1129
988
1264
1890
2607
3169
3512
3598
3643
3804
4147
4688
5003
4813
4450
4540
4978
5112
4814
4236
3741
3467
3258
2892
2495
2360
1892
844
-22
-11
216
-338
-1402
-2362
-2833
-2971
-3059
-3325
-3807
-4140
-4351
-4581
-5025
-5501
-5583
-5247
-4816
-4690
-4598
-4350
-4165
-3948
-3273
-2083
-1232
-1135
-1298
-1045
-260
558
1089
1358
1613
1851
1856
1737
1790
2100
2317
2222
2113
2190
2096
1482
941
1213
1814
1744
1002
518
573
757
1030
1564
2036
1885
1389
1419
2252
3192
3521
3284
2890
2622
2585
2770
2896
2644
2029
1350
876
502
52
-575
-1148
-1446
-1693
-2230
-3060
-3585
-3484
-3065
-2853
-2995
-3158
-3116
-2815
-2456
-2070
-1549
-996
-751
-1008
-1112
-535
382
802
607
443
482
464
300
534
1267
1632
918
-315
-577
451
1603
1711
979
431
370
578
1005
1778
2310
1859
866
592
1472
2378
2312
1641
1346
1598
1710
1322
810
626
642
629
392
-373
-1513
-2219
-1942
-1441
-1753
-2786
-3708
-4181
-4419
-4296
-3719
-3405
-4137
-5223
-5108
-3758
-2772
-2897
-3048
-2391
-1631
-1428
-1169
-191
824
990
822
1345
2228
2273
1651
1747
2748
3262
2644
1927
1957
2351
2495
2409
2343
2193
1789
1302
1156
1396
1478
1099
769
888
846
152
-337
349
1396
1228
43
-440
237
776
494
367
1062
1468
681
-169
378
1565
1519
408
40
651
586
-540
-1133
-610
-275
-858
-1464
-1547
-1730
-2219
-2223
-1479
-1099
-1812
-2672
-2545
-1747
-1256
-1078
-731
-532
-822
-876
96
1438
1970
1675
1362
1515
2002
2551
2807
2637
2468
2523
2467
2015
1707
2097
2632
2447
1558
856
748
852
841
746
610
169
-631
-1483
-1780
-1144
-332
-606
-2199
-3466
-3011
-1844
-1742
-2651
-2915
-2353
-2365
-3055
-3038
-1926
-1257
-1788
-2225
-1682
-1102
-1444
-1837
-1212
-290
-469
-1620
-2167
-1566
-786
-650
-932
-1165
-1413
-1567
-1231
-482
-2
-141
-386
-324
-84
103
352
834
1327
1582
1449
1033
801
1305
2529
3430
3153
2136
1574
2004
2933
3716
3927
3392
2395
1861
2425
3377
3526
2707
1891
1707
1736
1542
1279
1188
1031
517
-124
-533
-709
-913
-1178
-1365
-1577
-2027
-2629
-3002
-2909
-2561
-2413
-2794
-3536
-3876
-3331
-2562
-2528
-3011
-3022
-2572
-2538
-2796
-2395
-1476
-1144
-1422
-1240
-454
24
86
625
1759
2539
2550
2431
2753
3324
3828
4332
4739
4553
3808
3447
4084
4966
4963
4178
3482
3137
2908
2946
3280
3228
2330
1236
771
740
498
43
-188
-214
-556
-1465
-2427
-2673
-2204
-1902
-2306
-2945
-3310
-3693
-4251
-4320
-3582
-2994
-3543
-4680
-5100
-4555
-3882
-3609
-3539
-3558
-3904
-4355
-4231
-3377
-2627
-2798
-3486
-3610
-2937
-2296
-2307
-2530
-2233
-1443
-780
-593
-696
-690
-133
1122
2489
2940
2263
1628
2281
3958
5211
5239
4616
4208
4244
4636
5275
5719
5377
4447
3970
4414
4930
4577
3716
3373
3704
3873
3357
2617
2212
2123
2092
2021
1807
1184
240
-446
-513
-271
-349
-1021
-2029
-2862
-3149
-2977
-2843
-3189
-3977
-4718
-4928
-4637
-4361
-4485
-4801
-4921
-4788
-4641
-4553
-4349
-3895
-3324
-2927
-2821
-2755
-2310
-1438
-560
-4
379
874
1378
1683
2013
2779
3797
4343
4104
3692
3883
4632
5169
5020
4603
4543
4739
4544
3883
3416
3488
3589
3173
2450
1880
1390
794
428
600
784
210
-907
-1572
-1265
-605
-485
-1051
-1710
-1944
-1826
-1642
-1527
-1589
-2018
-2710
-3079
-2830
-2490
-2732
-3449
-3934
-3857
-3652
-3844
-4335
-4606
-4462
-4224
-4191
-4359
-4654
-4919
-4741
-3874
-2924
-2820
-3409
-3490
-2427
-985
-76
422
979
1527
1928
2627
3870
4982
5249
5031
5220
5891
6315
6074
5621
5574
5840
5808
5119
4169
3614
3558
3546
3149
2367
1487
811
485
424
372
69
-526
-1195
-1565
-1458
-1158
-1038
-1173
-1465
-1855
-2113
-1920
-1403
-1173
-1521
-1959
-2065
-2090
-2282
-2366
-2069
-1809
-2147
-2856
-3160
-2796
-2300
-2126
-2137
-2067
-1976
-2003
-1896
-1302
-429
101
77
19
423
984
1230
1426
2086
2923
3077
2487
2139
2707
3671
4146
3976
3627
3330
2994
2841
3203
3798
3776
2765
1505
994
1305
1663
1454
768
13
-589
-972
-1079
-944
-887
-1234
-1822
-2182
-2185
-2223
-2472
-2546
-2312
-2374
-3043
-3673
-3613
-3233
-3222
-3411
-3381
-3416
-3863
-4145
-3593
-2718
-2455
-2735
-2771
-2378
-2031
-1844
-1385
-505
227
274
-85
-68
706
1733
2299
2259
2104
2249
2517
2677
2811
3030
3116
2857
2544
2480
2432
2109
1781
1874
2048
1670
931
563
758
1000
983
836
585
169
-45
384
1073
1168
532
3
186
667
850
730
592
394
-8
-331
-245
34
-26
-528
-1098
-1442
-1602
-1708
-1747
-1741
-1866
-2240
-2674
-2819
-2548
-2121
-1949
-2131
-2303
-2092
-1608
-1274
-1185
-940
-353
196
280
138
401
1181
1948
2290
2334
2286
2175
2233
2829
3685
3950
3358
2673
2575
2794
2872
2884
2922
2608
1778
1065
977
1108
875
425
189
-45
-676
-1387
-1539
-1239
-1177
-1604
-2107
-2325
-2356
-2394
-2430
-2379
-2331
-2424
-2621
-2638
-2316
-1972
-1980
-2194
-2069
-1532
-1180
-1379
-1648
-1384
-805
-620
-942
-1116
-805
-447
-472
-616
-471
-229
-228
-205
274
877
958
688
873
1625
2171
2135
2088
2439
2772
2716
2589
2712
2782
2465
2048
1899
1870
1608
1127
675
253
-170
-459
-594
-794
-1206
-1660
-1910
-1967
-1972
-2005
-2098
-2171
-2031
-1696
-1584
-1949
-2294
-1893
-960
-551
-1068
-1707
-1638
-1106
-852
-870
-683
-435
-667
-1188
-1140
-337
365
341
44
157
562
780
881
1308
1903
2026
1649
1491
1965
2554
2588
2286
2310
2677
2824
2563
2420
2743
3135
3077
2751
2681
2915
2964
2624
2349
2491
2673
2309
1523
1031
1150
1351
962
72
-654
-812
-731
-988
-1658
-2295
-2536
-2560
-2763
-3187
-3508
-3597
-3668
-3853
-3974
-3890
-3787
-3867
-3968
-3803
-3405
-3174
-3312
-3439
-3050
-2236
-1704
-1859
-2203
-1966
-1122
-420
-292
-336
-108
215
328
489
980
1461
1485
1319
1517
1972
2197
2219
2425
2790
2942
2916
3077
3373
3391
3166
3205
3553
3608
3090
2537
2488
2667
2448
1790
1190
932
781
471
56
-319
-691
-1174
-1597
-1701
-1609
-1748
-2291
-2815
-2860
-2598
-2559
-2862
-3119
-3121
-3085
-3142
-3069
-2822
-2788
-3050
-3074
-2536
-2008
-2092
-2404
-2195
-1528
-1070
-1024
-962
-689
-472
-343
89
792
1158
978
825
1230
1942
2429
2614
2704
2759
2794
3025
3555
4032
4031
3707
3608
3924
4251
4232
3998
3806
3702
3610
3515
3383
3094
2614
2210
2058
1937
1532
896
413
232
110
-198
-703
-1270
-1683
-1791
-1722
-1872
-2407
-2948
-3052
-2905
-2991
-3283
-3378
-3269
-3357
-3632
-3624
-3298
-3199
-3464
-3489
-2969
-2491
-2631
-3010
-2846
-2143
-1587
-1533
-1660
-1569
-1262
-965
-716
-415
-134
-20
-7
175
564
884
927
955
1303
1776
1961
1848
1818
1990
2167
2316
2564
2713
2376
1751
1539
1982
2374
2027
1227
759
828
923
682
323
103
-48
-287
-545
-673
-765
-971
-1138
-1056
-890
-1073
-1618
-1926
-1577
-992
-946
-1521
-1999
-1861
-1431
-1253
-1288
-1209
-1096
-1222
-1387
-1103
-436
-55
-212
-392
-128
391
640
559
586
987
1490
1575
1174
903
1279
1946
2141
1784
1556
1776
1979
1868
1867
2255
2498
2162
1737
1882
2370
2509
2218
1986
1970
1938
1890
1978
2020
1699
1232
1032
1035
921
684
538
336
-187
-763
-911
-792
-987
-1518
-1857
-1852
-2009
-2520
-2889
-2729
-2413
-2479
-2824
-3025
-2965
-2868
-2778
-2553
-2244
-2120
-2262
-2375
-2153
-1673
-1273
-1174
-1296
-1341
-1158
-836
-573
-497
-508
-465
-334
-170
-34
48
117
284
544
735
750
712
863
1178
1429
1503
1484
1472
1423
1342
1377
1548
1623
1375
943
669
700
886
927
702
349
71
-19
13
72
106
37
-213
-576
-751
-532
-192
-230
-674
-976
-798
-542
-698
-1026
-963
-570
-507
-918
-1173
-926
-564
-491
-487
-300
-223
-470
-572
-63
640
819
463
224
452
812
1028
1195
1397
1418
1106
833
1007
1455
1624
1360
1106
1176
1275
1090
842
920
1308
1482
1185
738
523
648
958
1279
1424
1155
602
330
700
1380
1673
1301
743
527
673
922
964
778
537
298
40
-330
-710
-814
-665
-662
-1145
-1924
-2384
-2327
-2116
-2047
-2187
-2448
-2823
-3208
-3136
-2506
-1988
-2105
-2619
-2777
-2313
-1842
-1627
-1390
-1086
-967
-1148
-1103
-408
300
347
2
27
634
1063
870
578
677
1049
1229
1077
910
747
500
398
629
998
926
254
-351
-270
285
630
411
-44
-260
-234
-91
114
269
294
108
-97
-61
126
312
325
146
-35
-24
174
243
-4
-304
-241
78
177
-80
-357
-318
-127
-30
10
87
135
39
37
308
658
744
601
666
1017
1338
1300
1082
1075
1339
1656
1690
1445
1112
1008
1202
1438
1489
1210
887
759
833
980
956
854
731
647
604
519
468
443
448
384
215
67
-38
-66
-107
-162
-256
-469
-693
-827
-826
-879
-1076
-1283
-1464
-1663
-1885
-1936
-1837
-1906
-2230
-2519
-2466
-2247
-2158
-2199
-2201
-2100
-2001
-1839
-1589
-1328
-1182
-1074
-796
-498
-300
-223
-95
185
459
682
784
834
883
1009
1257
1476
1634
1684
1646
1533
1468
1688
2016
2058
1653
1273
1301
1473
1397
1124
1026
964
641
217
150
387
298
-186
-560
-504
-422
-723
-1094
-1146
-900
-867
-1200
-1562
-1731
-1635
-1435
-1244
-1226
-1500
-1883
-2055
-1726
-1183
-902
-1101
-1538
-1678
-1392
-869
-518
-486
-557
-567
-411
-145
186
470
606
724
947
1269
1453
1481
1617
1988
2433
2581
2428
2284
2371
2690
2994
3059
2781
2393
2272
2462
2644
2483
2081
1755
1587
1511
1456
1374
1140
718
356
301
398
266
-156
-565
-733
-782
-883
-1053
-1349
-1769
-2112
-2122
-1947
-2089
-2691
-3188
-3106
-2754
-2698
-2999
-3205
-3154
-3087
-3030
-2741
-2265
-2082
-2322
-2404
-1912
-1210
-904
-945
-841
-509
-208
-63
127
445
715
787
746
796
1017
1348
1533
1468
1382
1543
1887
2007
1851
1843
2165
2414
2231
1962
2089
2376
2305
1936
1785
1921
1855
1449
1125
1105
1079
750
335
142
72
-121
-414
-613
-703
-876
-1164
-1383
-1433
-1479
-1677
-1929
-2055
-2039
-2091
-2302
-2458
-2365
-2212
-2258
-2402
-2355
-2162
-2087
-2068
-1853
-1482
-1317
-1400
-1273
-774
-280
-100
15
350
739
986
1236
1694
2156
2315
2275
2352
2675
3017
3166
3128
2987
2868
2836
2914
2983
2866
2565
2262
2099
2004
1824
1590
1431
1282
942
469
181
203
214
-131
-681
-1038
-1132
-1237
-1478
-1713
-1863
-2077
-2389
-2573
-2492
-2331
-2390
-2609
-2702
-2559
-2341
-2227
-2172
-2058
-1864
-1698
-1625
-1553
-1328
-988
-779
-787
-799
-579
-241
-96
-113
6
301
458
356
309
539
842
933
873
915
1058
1102
1098
1251
1534
1685
1582
1449
1560
1853
2028
1974
1881
1941
2076
2046
1857
1731
1796
1866
1715
1383
1063
841
671
525
387
153
-294
-807
-1088
-1113
-1180
-1492
-1872
-2111
-2272
-2463
-2615
-2603
-2531
-2628
-2841
-2894
-2706
-2511
-2463
-2422
-2215
-1942
-1811
-1785
-1609
-1205
-819
-642
-575
-378
-66
162
323
600
982
1206
1117
1046
1395
1955
2215
2060
1870
2005
2350
2556
2558
2541
2481
2348
2258
2319
2477
2389
1952
1564
1531
1648
1518
1091
705
597
559
341
1
-226
-317
-449
-674
-866
-972
-1091
-1286
-1459
-1491
-1468
-1532
-1669
-1833
-1953
-1933
-1784
-1651
-1673
-1819
-1838
-1603
-1363
-1279
-1170
-954
-748
-673
-628
-383
-31
152
179
266
476
601
556
578
815
1057
1014
751
655
857
1053
1034
898
835
886
901
873
909
972
928
833
786
772
723
662
680
696
538
245
79
127
167
28
-208
-389
-516
-640
-698
-659
-662
-859
-1140
-1227
-1102
-999
-1055
-1195
-1264
-1261
-1223
-1123
-983
-940
-1031
-1062
-894
-611
-452
-492
-529
-415
-180
50
175
205
172
187
348
609
806
792
642
576
721
965
1126
1128
1025
956
963
1045
1183
1261
1227
1104
978
959
1034
1073
983
829
702
633
554
403
245
146
90
-41
-256
-418
-515
-632
-791
-876
-853
-898
-1117
-1322
-1289
-1123
-1097
-1220
-1260
-1123
-1032
-1109
-1132
-902
-608
-572
-707
-668
-396
-167
-112
-56
135
310
302
271
439
705
806
725
706
843
928
851
793
917
1082
1047
884
805
852
893
873
916
1008
964
764
629
709
854
851
698
510
353
218
124
105
45
-176
-483
-717
-785
-831
-987
-1187
-1359
-1479
-1575
-1635
-1631
-1619
-1683
-1779
-1776
-1641
-1477
-1415
-1430
-1392
-1233
-1031
-870
-759
-628
-482
-362
-210
17
233
335
345
413
630
869
966
943
962
1053
1141
1173
1216
1290
1313
1248
1164
1173
1262
1320
1310
1273
1223
1152
1080
1086
1184
1263
1180
960
772
717
745
765
703
524
263
7
-126
-132
-159
-326
-566
-780
-961
-1119
-1212
-1203
-1199
-1342
-1579
-1691
-1611
-1516
-1531
-1576
-1503
-1363
-1315
-1339
-1271
-1062
-836
-698
-628
-528
-389
-250
-97
104
326
492
571
605
657
790
1004
1191
1245
1164
1063
1068
1204
1323
1325
1238
1143
1047
960
952
1008
996
829
636
554
543
472
334
257
217
87
-113
-240
-282
-371
-503
-566
-590
-745
-1024
-1141
-1031
-950
-1063
-1265
-1338
-1295
-1310
-1313
-1169
-987
-997
-1159
-1184
-952
-652
-526
-520
-451
-347
-292
-225
-24
252
371
296
258
370
513
565
593
695
745
658
538
538
661
732
683
615
583
550
504
517
607
667
624
545
533
576
598
644
717
715
612
509
535
631
622
501
407
378
313
172
64
51
38
-77
-234
-339
-397
-467
-546
-566
-552
-613
-760
-881
-838
-726
-707
-779
-832
-827
-792
-737
-667
-580
-567
-607
-584
-464
-319
-298
-332
-266
-114
-11
-34
-35
68
186
240
234
257
309
337
360
414
471
468
421
427
497
543
492
394
388
465
511
476
369
261
258
330
371
311
165
52
36
104
157
105
-25
-149
-178
-111
-34
-85
-217
-285
-264
-224
-225
-258
-283
-295
-318
-334
-318
-292
-291
-300
-307
-284
-259
-270
-259
-233
-206
-171
-165
-171
-160
-134
-76
-34
-42
-59
-37
19
56
51
53
106
159
165
138
156
216
247
251
255
285
303
281
278
335
394
363
291
268
293
308
271
227
214
206
172
121
103
111
101
70
26
-14
-38
-39
-27
-41
-79
-112
-128
-134
-147
-159
-150
-159
-197
-243
-253
-207
-186
-207
-245
-254
-236
-249
-274
-269
-222
-212
-255
-277
-253
-218
-208
-206
-206
-190
-178
-180
-147
-102
-79
-76
-63
-10
38
57
56
76
122
154
172
178
202
225
237
263
280
288
270
253
256
251
244
232
217
207
173
151
147
141
117
89
76
57
37
19
10
24
21
-19
-48
-42
-19
-13
-28
-36
-33
-44
-60
-65
-56
-34
-37
-54
-75
-97
-88
-79
-71
-81
-108
-120
-127
-128
-133
-111
-90
-98
-114
-134
-110
-82
-69
-66
-60
-48
-51
-59
-41
-4
25
36
22
8
16
46
71
84
73
53
53
58
68
73
80
91
77
55
48
62
77
52
25
29
24
1
-31
-45
-21
15
7
-38
-83
-82
-49
-22
2
-1
-33
-75
-74
-39
-7
-1
-44
-76
-58
-39
-42
-44
-41
-43
-48
-51
-60
-62
-43
-13
8
4
-33
-47
-14
43
96
86
56
55
69
101
118
131
130
92
66
89
123
113
102
83
67
73
62
56
46
34
37
45
35
3
-26
-20
12
9
-25
-59
-73
-60
-50
-50
-55
-68
-94
-112
-113
-75
-51
-84
-117
-111
-57
-28
-36
-50
-49
-22
-8
-9
7
36
43
32
47
73
81
58
34
63
114
110
62
33
59
98
99
71
60
61
57
44
46
68
57
21
-7
0
19
2
-29
-50
-48
-43
-58
-79
-72
-61
-65
-77
-88
-86
-83
-96
-107
-93
-83
-99
-113
-105
-86
-88
-110
-125
-122
-105
-99
-97
-83
-76
-84
-77
-59
-34
-29
-41
-31
-6
18
24
19
32
57
76
90
98
115
144
164
171
172
180
187
187
193
205
209
200
194
195
197
186
172
156
130
106
94
82
67
36
-7
-30
-53
-71
-75
-92
-110
-132
-149
-152
-151
-150
-170
-176
-167
-162
-172
-193
-193
-162
-135
-137
-157
-158
-129
-103
-89
-80
-76
-60
-43
-38
-22
0
15
30
47
50
60
75
88
112
138
146
152
171
188
218
227
220
234
248
264
268
256
243
254
257
237
202
165
146
130
111
74
23
-16
-63
-106
-131
-162
-193
-230
-280
-328
-362
-376
-368
-370
-402
-434
-440
-423
-415
-399
-384
-374
-360
-352
-330
-278
-224
-203
-187
-151
-113
-86
-63
-16
43
75
102
124
163
216
251
283
315
338
351
356
369
404
450
455
437
430
428
434
434
412
401
388
354
338
327
293
265
237
194
158
122
82
52
5
-35
-60
-101
-143
-181
-207
-228
-264
-282
-292
-313
-321
-323
-326
-315
-325
-341
-324
-295
-271
-241
-235
-234
-215
-199
-157
-109
-94
-82
-69
-52
-16
7
19
31
47
57
57
72
94
116
129
140
148
151
154
156
180
194
173
167
160
157
166
159
136
132
125
101
89
74
69
65
43
28
18
7
0
-13
-34
-47
-51
-63
-81
-82
-87
-100
-101
-111
-118
-118
-125
-118
-118
-115
-118
-127
-123
-114
-107
-102
-99
-102
-86
-76
-64
-53
-48
-36
-38
-25
-10
5
20
26
37
49
54
65
77
77
90
93
89
101
107
113
116
116
119
126
124
119
126
112
96
92
73
66
58
50
39
16
8
-3
-17
-27
-36
-49
-48
-53
-54
-61
-68
-56
-57
-62
-59
-60
-71
-65
-50
-54
-47
-47
-63
-54
-55
-52
-42
-50
-49
-46
-36
-27
-28
-18
-15
-13
-2
-4
4
6
-5
-2
5
22
24
18
37
56
63
56
57
68
69
70
72
75
77
74
68
73
76
62
49
45
34
27
29
26
16
-2
-15
-17
-15
-17
-26
-36
-48
-42
-45
-56
-51
-56
-66
-72
-71
-73
-68
-61
-62
-63
-66
-69
-66
-68
-60
-42
-42
-46
-40
-36
-30
-6
4
14
11
-1
11
21
35
40
31
25
31
29
35
38
40
49
43
35
38
49
48
54
48
36
30
28
23
13
12
5
4
0
-3
1
-3
-6
-3
-11
-26
-30
-25
-14
-14
-20
-28
-26
-22
-25
-20
-18
-21
-19
-10
-3
-7
-2
2
-2
1
4
-1
0
5
12
7
4
12
7
2
13
25
37
33
22
33
34
32
33
41
39
34
35
38
51
47
47
38
33
40
31
33
38
30
26
24
11
2
-9
-23
-26
-28
-35
-31
-42
-53
-49
-54
-60
-63
-69
-76
-76
-61
-49
-60
-59
-47
-43
-40
-43
-41
-37
-33
-29
-33
-26
-22
-26
-18
-10
-11
-12
-13
-8
-3
8
13
7
18
25
24
31
28
37
38
41
47
45
44
33
38
43
33
24
24
26
18
17
22
9
-3
-8
-17
-12
0
-11
-23
-24
-11
-4
-16
-18
-11
-12
-15
-10
-4
-18
-13
-6
-9
-2
5
3
-12
-13
5
7
-3
-7
-6
0
2
1
-2
0
-4
-4
6
19
30
28
26
30
38
38
40
48
46
46
54
52
51
56
48
46
52
41
36
34
33
32
33
26
25
23
-3
-8
-6
-11
-11
-26
-36
-42
-58
-55
-55
-58
-57
-67
-80
-77
-72
-64
-60
-63
-60
-54
-61
-55
-58
-64
-42
-48
-44
-34
-38
-27
-19
-12
-2
-6
-17
-17
-3
0
-2
6
18
21
21
22
25
34
40
35
35
43
44
46
58
62
54
56
57
53
50
48
42
38
45
34
30
32
19
16
13
0
1
-3
-13
-20
-28
-33
-40
-41
-39
-44
-44
-44
-46
-43
-43
-53
-58
-59
-56
-43
-49
-51
-37
-34
-27
-20
-24
-22
-18
-21
-13
2
11
16
20
20
26
34
37
36
41
37
50
64
66
82
81
80
90
91
86
86
85
75
73
70
58
48
40
36
36
31
26
17
9
15
13
7
8
-9
-14
-18
-23
-26
-39
-44
-47
-51
-44
-49
-60
-64
-65
-63
-77
-82
-66
-72
-82
-87
-87
-84
-86
-85
-72
-65
-65
-65
-56
-55
-51
-37
-40
-32
-28
-32
-19
-11
-1
6
8
23
23
24
32
36
40
37
31
48
58
56
60
55
58
59
55
51
62
54
50
52
46
50
41
32
25
25
17
11
10
5
9
7
1
11
7
-14
-15
-7
-12
-14
-20
-30
-26
-26
-28
-23
-29
-32
-34
-36
-28
-19
-24
-21
-21
-12
12
6
2
9
8
19
21
7
11
7
16
24
20
23
25
33
48
56
46
41
37
44
49
37
28
13
11
18
21
23
11
9
3
4
10
3
7
4
-5
-5
-5
-7
-11
-19
-25
-27
-31
-48
-48
-46
-50
-39
-36
-40
-52
-59
-52
-44
-49
-56
-63
-60
-51
-48
-44
-51
-51
-43
-38
-30
-23
-29
-26
-30
-23
-19
-21
-2
6
12
21
21
20
32
32
36
38
28
35
35
31
39
44
48
50
42
34
42
45
51
50
41
42
42
44
37
24
11
8
8
6
3
-6
1
3
7
20
16
19
14
1
-2
-6
-9
-24
-25
-21
-18
-15
-26
-26
-25
-14
-16
-27
-23
-22
-21
-13
-10
-12
-10
-16
-19
-17
-13
-21
-14
-17
-16
-2
5
12
14
15
11
14
12
13
11
15
15
5
16
30
31
37
37
36
41
32
34
34
30
28
27
30
34
20
12
14
10
6
-8
-16
-15
-12
-24
-30
-24
-36
-38
-33
-42
-35
-44
-54
-48
-50
-52
-61
-60
-57
-56
-41
-34
-35
-37
-36
-26
-29
-19
-17
-19
-6
-5
5
5
-4
3
2
4
12
12
12
9
0
3
17
16
22
19
14
27
23
25
22
20
31
33
31
34
33
30
36
40
34
27
18
19
13
7
16
13
17
12
16
18
13
12
6
12
12
11
7
-3
5
0
-9
1
1
-7
-5
-9
-17
-16
-16
-18
-8
-3
-2
0
7
11
-7
-8
-3
-5
-4
0
8
14
21
17
26
27
13
17
7
5
5
5
2
0
4
2
-6
-21
-22
-19
-22
-20
-21
-26
-28
-32
-27
-18
-30
-34
-37
-34
-36
-40
-36
-34
-27
-31
-24
-16
-14
-8
-7
-3
-3
-8
-11
-15
-9
-2
-4
4
-1
0
-4
-4
17
10
7
11
11
14
13
15
21
11
11
18
25
30
21
42
42
38
45
38
32
19
19
20
25
25
20
20
20
14
10
5
6
11
7
0
-4
-7
-24
-36
-30
-23
-24
-26
-23
-30
-21
-17
-20
-20
-34
-32
-29
-28
-16
-7
-7
-17
-15
-8
-6
4
-6
0
13
13
4
2
10
7
16
31
34
27
21
26
34
39
34
26
29
23
30
42
37
32
22
25
28
13
17
17
2
2
-3
-3
-6
-12
-14
-20
-20
-23
-31
-38
-38
-35
-36
-32
-46
-60
-53
-46
-44
-45
-37
-41
-46
-39
-33
-29
-25
-19
-27
-22
-21
-14
-6
-14
-5
6
4
1
5
11
17
21
33
38
29
33
32
41
51
46
43
36
37
37
42
48
40
38
38
32
40
40
35
27
18
26
21
12
14
7
9
8
5
5
-13
-17
-16
-19
-34
-37
-40
-53
-44
-51
-60
-51
-49
-44
-37
-35
-43
-38
-39
-39
-35
-34
-20
-19
-24
-23
-21
-20
-22
-24
-21
-9
2
6
8
16
21
27
35
36
38
38
37
34
34
35
39
39
38
43
51
51
40
39
41
39
53
51
39
33
25
26
21
14
10
3
4
-12
-13
-14
-27
-28
-31
-34
-32
-37
-45
-40
-46
-46
-41
-39
-47
-54
-42
-30
-19
-25
-21
-20
-19
-16
-16
-12
-17
-16
-17
-11
-8
-12
-8
-6
0
6
3
7
11
10
21
36
34
26
11
16
26
24
35
34
25
20
26
35
28
32
30
22
30
21
25
29
21
15
0
-6
3
0
-8
-6
-3
-1
-6
-8
-19
-28
-24
-31
-35
-41
-46
-33
-25
-31
-29
-37
-37
-40
-38
-23
-25
-30
-19
-22
-25
-12
-13
-10
1
3
1
-14
-18
-7
7
18
14
18
21
14
25
32
37
34
21
28
25
34
41
32
31
30
28
31
36
30
26
24
23
28
29
24
21
25
25
16
7
4
-1
2
11
3
-4
-6
-13
-17
-8
-15
-23
-30
-38
-32
-35
-31
-29
-27
-28
-38
-31
-32
-39
-38
-40
-38
-34
-29
-36
-26
-20
-12
-12
-17
-6
-12
-5
5
8
10
9
14
18
24
31
30
28
32
29
20
21
23
19
20
19
15
21
20
23
23
9
16
15
7
3
-1
4
6
7
3
1
-6
-10
-11
-10
-10
-19
-18
-16
-12
-14
-18
-9
-11
-25
-16
-9
-18
-20
-18
-22
-13
-18
-15
0
-13
-3
-3
-4
-5
-6
6
6
6
4
8
4
-5
-1
3
9
13
9
7
8
12
18
23
22
18
13
13
21
17
14
20
17
14
17
22
21
16
20
22
11
3
-2
6
1
1
3
-11
-5
0
-5
-12
-11
-13
-27
-23
-22
-24
-19
-21
-23
-15
-20
-23
-11
-3
-14
-14
-9
-11
-9
-12
-8
-1
-1
8
4
-1
11
17
15
9
8
8
16
18
20
22
10
-3
-8
-9
-10
-7
-8
-4
0
4
0
-2
3
6
1
-4
-1
-7
-9
-13
-11
-12
-21
-13
-12
-14
-9
-5
-4
1
3
1
2
4
14
6
-15
-6
-4
-3
9
3
-3
-5
0
8
1
2
7
-3
7
19
12
-2
5
13
14
19
13
14
18
16
24
27
23
20
17
10
8
4
0
3
-7
0
3
3
1
-2
0
-2
-4
1
3
-7
3
-6
0
-2
-22
-10
-10
-10
-1
-7
-19
-23
-22
-17
-12
-22
-19
-19
-33
-24
-26
-28
-25
-33
-24
-21
-15
-15
-14
-6
-1
5
-4
-12
-3
5
2
8
19
18
16
24
22
13
24
24
14
17
23
26
30
26
33
33
26
32
34
32
22
20
21
25
27
11
10
11
9
5
-3
-4
-9
-11
-14
-18
-26
-33
-32
-31
-23
-17
-25
-32
-37
-34
-21
-22
-30
-26
-23
-19
-9
-6
-11
-10
-1
-2
2
1
-2
3
-1
0
12
10
5
5
12
14
8
4
-1
3
11
14
15
29
37
27
38
35
17
17
15
12
8
6
13
11
9
13
8
1
-2
-5
-6
-10
-12
-5
-11
-11
-11
-17
-19
-25
-29
-24
-30
-36
-40
-35
-31
-34
-31
-32
-26
-25
-20
-9
-12
-12
-17
-17
-9
-10
-3
-1
-6
-3
7
7
4
15
18
22
23
23
27
28
34
38
28
23
24
31
28
28
30
26
27
24
19
29
30
27
25
24
27
23
20
20
21
22
20
15
9
-1
-11
-4
-9
-12
-9
-26
-21
-20
-28
-24
-24
-30
-26
-22
-29
-26
-34
-34
-34
-36
-38
-35
-27
-31
-26
-21
-26
-25
-28
-32
-22
-18
-12
-3
-7
-2
0
4
0
-2
5
4
15
23
28
33
28
24
27
32
37
30
26
32
33
34
29
24
22
10
12
14
13
16
7
8
21
14
10
10
4
-7
-9
-8
-19
-24
-21
-19
-22
-22
-13
-20
-22
-24
-36
-24
-28
-36
-32
-27
-28
-29
-29
-27
-26
-24
-17
-24
-23
-17
-15
-12
-6
-4
-9
6
19
11
15
25
25
18
19
31
31
34
30
27
28
38
41
30
42
50
32
32
40
35
33
32
28
25
31
28
20
19
15
2
5
2
-10
-14
-18
-18
-22
-24
-18
-22
-21
-17
-17
-22
-17
-30
-31
-17
-23
-24
-25
-34
-27
-26
-28
-18
-24
-20
-16
-17
-16
-13
-10
-12
-2
8
3
-3
-1
8
7
6
20
12
14
21
7
10
10
6
13
13
7
2
0
4
9
4
3
1
-5
-2
-1
-6
-2
0
-16
-10
-11
-22
-15
-21
-21
-16
-22
-23
-16
-17
-15
-23
-21
-8
-17
-10
-7
0
1
-7
3
6
5
8
6
10
10
11
19
22
22
23
25
29
23
22
25
27
29
28
28
26
23
22
15
19
23
19
25
27
25
23
20
16
12
7
9
5
1
9
9
4
7
12
18
1
-7
-2
-12
-15
-12
-19
-18
-12
-21
-22
-27
-37
-34
-34
-43
-44
-39
-31
-33
-23
-22
-28
-26
-30
-20
-18
-21
-27
-28
-11
-4
-2
-7
-7
1
0
9
8
8
8
14
15
11
17
14
5
9
18
28
23
23
29
23
22
20
17
12
9
9
11
7
2
8
8
-4
-13
-7
-10
-16
-10
-6
-10
-8
-9
-10
-15
-16
-9
-14
-17
-11
-19
-12
1
-10
-8
-9
-10
-3
-8
-11
-8
-10
-11
-8
-6
-13
-11
4
9
11
7
13
19
14
27
28
38
49
43
43
35
31
27
26
27
34
25
18
26
18
20
13
4
8
0
-8
-14
-13
-13
-17
-14
-18
-24
-18
-14
-6
-14
-14
-19
-30
-25
-25
-24
-29
-30
-19
-13
-13
-11
-11
-12
-3
-3
-7
-1
-3
1
5
9
16
8
3
1
-1
5
10
10
10
10
24
27
16
20
19
14
3
-5
9
-1
-5
0
-4
3
-1
-10
-14
-14
-13
-8
-2
-7
-9
-6
-13
-16
-13
-18
-18
-19
-19
-14
-6
-14
-18
-9
-14
-11
-23
-25
-15
-13
-12
-7
-10
-15
-12
-9
3
1
-2
2
5
9
7
10
10
12
6
10
22
13
15
20
11
20
25
23
22
27
35
32
37
36
32
25
26
35
34
40
31
21
26
24
20
25
17
14
11
4
-2
-10
-13
-7
-2
-7
-16
-7
-8
-19
-17
-15
-15
-22
-22
-22
-31
-23
-22
-30
-38
-45
-39
-41
-37
-33
-38
-32
-28
-23
-20
-20
-12
-21
-19
-11
-9
-6
-12
-1
-6
-6
3
-3
10
16
18
32
