SAMPLES:
15030
BITSPERSAMPLE:
16
CHANNELS:
1
SAMPLERATE:
16000
NORMALIZED:
FALSE
-7
-3
0
-7
-13
-1
2
-7
4
-5
-5
0
-5
-3
-8
-11
-14
-6
-6
-8
-14
-20
-25
-20
-14
-16
-14
-26
-30
-23
-29
-30
-27
-25
-17
-9
-9
-6
-17
-22
-21
-14
-1
-2
-8
-9
0
-4
-4
0
2
10
7
5
13
11
2
16
12
2
13
14
20
25
20
28
24
17
19
7
5
11
14
15
13
15
12
5
11
16
13
15
7
7
8
8
18
16
13
15
4
-4
13
7
-12
-19
-15
-5
-3
-3
-2
-5
-7
-9
-20
-20
-5
-19
-12
-2
-4
11
6
0
1
10
-5
-9
-12
-26
-19
-16
-10
-17
-18
-9
-11
-17
-9
-4
-1
3
-5
-11
-10
-11
-6
-14
-15
-3
-13
-12
-10
-1
-9
0
14
9
24
23
15
14
13
19
24
23
17
13
13
10
15
19
10
12
9
5
8
3
13
15
8
17
2
-3
9
6
13
9
-9
-8
-3
-10
-21
-20
-19
-23
-24
-29
-30
-18
-16
-12
-8
-13
-7
-11
-12
-15
-21
-11
-15
-20
-22
-18
-7
-4
0
12
23
26
23
25
23
19
12
9
17
16
13
8
-1
-1
-5
5
15
5
3
7
13
11
1
0
6
6
1
9
9
7
-2
-12
-9
-8
-11
-4
1
-11
-4
-7
-14
-3
2
5
11
13
8
20
29
7
7
10
16
18
1
6
12
2
4
6
-10
-13
-1
-6
-18
-13
-16
-12
-4
-4
-16
-13
-15
-17
-14
-10
-17
-17
-4
-7
-12
-10
-4
-15
-16
-24
-23
-15
-23
-21
-23
-11
-7
-9
-5
7
24
18
18
16
-1
7
4
5
7
5
16
11
10
9
11
17
25
33
31
26
26
23
10
13
11
11
19
7
6
14
-2
-7
-6
-8
-12
-6
3
-5
1
-5
-17
-7
-12
-16
-17
-11
-2
5
6
2
6
7
5
-4
-9
2
-7
-12
-13
-11
-13
-17
-6
-3
7
17
18
23
17
11
4
0
0
-4
2
11
-1
-4
3
2
12
5
-5
4
-2
-5
0
1
-8
-23
-17
-16
-25
-38
-32
-31
-39
-16
-10
-14
-7
-8
-6
-9
-8
-20
-18
-13
-19
-12
-17
-25
-20
-10
-6
1
3
15
26
23
28
28
23
33
35
32
25
26
25
25
25
22
26
26
32
42
33
23
27
24
18
11
15
25
19
12
15
6
6
-5
-10
-15
-26
-8
-13
-17
-12
-13
-15
-17
-14
-6
-4
-21
-22
-20
-30
-30
-24
-25
-22
-18
-19
-18
-14
-10
-13
-23
-21
-22
-28
-13
-4
-3
2
-12
-6
1
-11
-13
-20
-5
-4
-10
-2
-4
-3
2
7
6
3
-8
-1
7
16
11
3
9
16
17
17
26
17
13
23
26
14
21
24
23
22
24
21
31
35
23
15
6
1
-5
-10
-12
-3
-1
1
7
20
19
3
5
1
-5
-6
-13
-2
-4
-22
-16
-10
-20
-16
-10
-13
-9
-19
-22
-6
-6
-9
-1
-7
-12
-9
-6
-7
-3
-9
-13
-9
-20
-9
0
1
2
-5
-2
-7
-7
0
-5
-8
-9
-7
-15
-16
-14
-3
2
-4
2
1
6
5
4
5
7
14
9
13
17
13
19
11
9
10
-2
-5
2
10
22
11
17
21
-1
8
13
15
10
18
28
16
17
19
14
2
2
4
-2
-4
-6
-10
-3
-5
-10
4
6
9
10
6
11
2
-8
-2
-9
-15
-11
-24
-24
-17
-27
-28
-33
-27
-21
-21
-20
-14
-6
-9
-3
-1
9
4
-8
-16
-21
-21
-17
-17
-18
-12
-19
-9
-5
-8
3
4
8
6
6
18
3
-1
19
15
12
18
26
18
18
14
20
28
16
13
16
23
14
16
20
13
6
6
24
17
15
15
6
0
-4
6
5
6
-4
-8
-1
-10
-18
-26
-29
-26
-28
-26
-10
10
10
14
10
2
-2
-9
-22
-32
-18
-6
-11
-9
4
-2
15
27
11
34
25
2
14
13
10
1
-14
-16
-6
-13
-7
-7
-13
-1
1
8
16
13
15
21
19
12
1
-23
-35
-35
-42
-31
-30
-36
-31
-23
-11
2
5
8
3
5
8
-1
-6
3
3
-3
1
-12
-14
-8
-8
5
1
-2
7
7
0
16
19
16
21
10
19
21
6
6
12
1
5
6
-8
-1
-12
0
23
16
33
45
41
46
34
14
13
-2
-8
-2
-14
-3
-14
-22
0
3
-9
-10
-2
-14
-15
-20
-20
-9
-10
-5
-5
-17
-12
-8
-16
-11
-12
-5
-15
-14
-2
-17
-21
-22
-18
-18
-12
-8
-17
2
10
4
14
2
-5
0
-6
4
10
10
8
5
4
14
20
20
16
22
28
20
18
6
10
1
8
15
4
14
9
11
18
14
13
3
0
13
3
-6
9
4
9
2
-6
10
-12
-10
-5
-24
-16
-12
-6
-5
-2
-2
-10
0
-1
-6
-5
-17
-12
-13
-25
-19
-19
-17
-21
-28
-4
-5
-9
7
5
13
2
-9
-7
-15
-22
-25
-33
-38
-29
-27
-22
-13
-6
1
16
24
20
30
23
28
27
14
20
20
11
9
9
9
13
3
-5
-3
-1
11
16
18
17
12
10
18
15
14
27
24
26
30
21
24
23
18
8
6
5
-9
-13
-10
-17
-21
-11
-5
-4
4
6
2
4
10
5
-8
-1
-3
-9
-13
-24
-22
-26
-24
-34
-34
-17
-14
2
0
1
16
9
-6
-3
-4
-13
-16
-15
-21
-20
-12
-16
-9
-1
-10
-14
-10
-5
0
2
10
10
16
14
-4
-10
-5
-5
-18
-10
-12
-7
-6
-5
11
-2
7
7
6
15
-9
-7
1
-16
-1
6
-5
6
20
16
25
28
27
37
27
20
23
22
23
19
3
-4
-12
-8
-7
-3
12
11
6
15
19
5
9
5
-10
5
6
-3
-1
1
4
-2
-1
-4
-11
-23
-28
-16
-19
-18
-10
-17
-21
-22
-15
-12
-5
1
-8
-1
-2
-10
-4
-2
-1
-4
-1
-6
-7
4
3
8
-1
-11
15
21
6
11
7
16
11
5
12
2
-1
-10
-9
-2
3
1
-4
7
0
5
11
0
14
14
9
16
19
10
-2
-1
-3
-18
-16
-10
-11
-15
-8
-3
-5
-4
5
0
-2
0
-4
-1
2
3
-9
-12
-12
-16
-5
-5
-11
-7
-11
5
1
-11
1
3
10
2
-7
-11
-15
-5
-3
2
-5
-5
-1
-6
6
8
8
14
11
8
12
12
5
3
7
4
-7
-19
-9
-3
-1
7
-1
7
9
6
5
13
14
8
9
3
4
2
-1
-1
8
13
1
2
11
8
11
5
0
2
6
0
-5
3
15
17
14
16
10
15
5
0
6
-5
-3
-7
-14
-8
-19
-11
-10
-21
-24
-12
-7
-13
-11
-12
-8
-13
-6
-7
-13
-5
-8
-11
-15
-14
-1
-1
-2
13
21
8
9
22
12
10
9
0
1
-9
-10
3
-7
-15
-11
-11
1
-3
-2
4
1
6
8
6
-7
-18
-17
-11
-18
-16
-12
-7
-8
-13
-11
-20
-21
-21
-13
-4
0
-1
9
20
24
21
16
9
2
6
10
12
11
23
22
24
22
11
15
16
14
10
11
19
17
13
21
13
12
3
0
5
-1
3
4
9
8
10
3
2
-4
-14
-3
0
-3
2
2
0
9
8
3
0
-9
-20
-16
-12
-23
-12
-16
-15
-4
-3
-3
-15
-19
-11
-21
-19
-7
-26
-18
-4
-10
-13
-15
-14
-14
-10
-9
-3
4
-7
-12
-8
-3
-12
-12
-4
-1
2
-9
-3
4
-4
0
-3
-2
1
11
25
22
24
22
22
11
10
14
2
-6
-2
0
4
7
11
11
4
9
10
15
19
19
21
22
14
13
18
16
13
10
2
-2
-4
-5
2
-11
-11
-9
-9
-1
-7
-3
-1
-5
-10
-14
-13
-16
-13
-9
-9
-7
-9
10
13
9
9
-9
-7
-14
-24
-21
-15
-13
-8
-6
-14
-8
-7
-11
-8
-6
-5
-7
3
4
-1
4
11
8
7
14
22
23
11
7
17
5
-3
4
8
11
11
12
8
7
11
15
10
6
8
6
2
1
-3
-7
-4
2
1
-1
8
3
-1
-4
-9
-15
-21
-8
-14
-19
-11
-14
-10
-2
-2
-6
-15
-15
-13
-17
-12
-12
-6
-5
-13
-11
-14
-9
3
4
12
6
4
12
-4
2
3
-5
-10
-13
0
-7
-5
1
-2
-1
5
13
15
10
12
21
20
19
18
20
18
20
21
16
13
12
11
22
22
10
6
3
9
7
9
10
7
12
11
10
6
11
24
13
7
7
-13
-28
-23
-36
-31
-22
-25
-19
-20
-21
-25
-25
-23
-29
-40
-30
-27
-26
-14
-22
-24
-28
-18
-17
-12
3
-4
11
9
2
15
3
1
9
16
13
12
22
17
11
7
6
10
2
1
17
13
24
32
25
23
20
22
19
19
18
15
14
14
14
17
4
-6
0
-4
-9
-13
-16
-11
4
-5
-11
0
5
-2
4
-3
-11
-1
-20
-18
-10
-15
-11
-5
-3
-5
-11
-24
-19
-16
-16
-17
-20
-10
-5
-2
-3
-2
-1
2
-14
-4
15
9
15
7
5
9
13
13
-3
-4
2
13
7
-1
3
14
6
-7
7
8
6
17
10
1
8
8
-6
-12
-5
-4
-3
2
0
1
-4
-14
-12
-10
2
18
16
4
7
10
6
5
11
1
-11
-3
3
2
0
1
2
-3
-5
-6
-12
-15
-11
-7
-3
-3
1
4
14
8
1
2
-4
5
-1
0
-3
-3
-7
-17
-14
-12
-9
-6
2
19
14
6
8
-3
-4
-4
-10
-6
-5
-12
2
6
10
14
6
10
12
5
4
-6
-9
4
-3
-8
-7
1
5
1
-3
-8
-6
-6
7
-1
-5
6
2
4
3
-3
-5
-18
-13
1
-16
-3
1
-5
13
15
7
8
17
2
14
22
11
22
21
17
21
5
8
10
-1
6
2
6
10
1
9
13
7
-2
-5
-12
-19
-20
-17
-15
-18
-16
-13
-17
-25
-25
-22
-18
-19
-31
-13
-2
-9
-6
1
3
1
-2
-11
-9
-14
-12
-8
-1
4
10
16
11
7
10
4
-11
-2
11
9
6
8
8
3
5
10
6
8
11
12
18
17
12
6
10
5
-3
-16
-7
-2
-18
0
-3
0
10
-4
12
14
8
18
7
10
3
10
20
9
3
5
7
3
9
10
9
7
8
6
-1
15
17
5
4
2
4
6
-10
-10
-2
-11
-15
-5
-1
6
2
-17
-19
-19
-25
-24
-25
-28
-22
-28
-21
-8
-17
-14
-7
-17
-6
-9
-11
-10
-19
-16
-10
-13
-16
-14
-7
-3
3
15
8
17
15
18
18
1
15
10
3
-3
-17
-14
-9
-12
6
8
8
17
14
15
16
12
24
16
8
13
8
22
20
20
29
20
14
9
-14
-8
5
2
3
12
13
8
11
12
18
8
-4
6
-5
-8
0
-3
3
-2
-12
-1
-4
-8
-2
-9
-10
2
-12
-12
-8
-17
-13
-16
-2
-3
-17
-19
1
-7
-24
-2
-3
-10
-11
-15
-13
-14
-4
-6
-6
7
3
1
11
10
1
4
6
4
10
5
1
11
3
-1
0
6
5
1
9
5
6
9
15
22
22
6
7
7
-4
9
8
11
9
-7
-6
-10
-18
-12
-21
-21
-14
-26
-16
-8
-14
-20
-12
-24
-16
2
-5
-3
0
6
-4
-11
-11
-2
-1
-11
4
-5
-10
-7
-17
-12
-3
4
0
11
21
17
23
12
12
11
19
17
8
21
19
25
37
39
23
16
20
5
-9
-15
-3
6
15
10
8
13
-7
0
7
-11
5
3
-7
8
11
19
10
-5
8
-2
-20
-12
-14
-13
-9
-13
-2
2
-6
9
4
-10
1
3
-2
-2
-8
-11
-5
-12
-13
-9
-25
-19
-15
-27
-16
-18
-21
-15
-12
-20
-16
-18
-24
-22
-21
-7
-4
-5
-3
8
6
4
2
7
8
1
17
8
6
11
1
11
-3
-7
-2
5
11
4
12
13
13
12
16
20
20
15
8
13
18
22
15
8
4
-6
-5
1
7
4
2
11
10
15
16
12
16
5
-9
-9
-21
-17
-18
-21
-10
-14
-8
-5
-5
-4
-6
-5
2
-6
-2
4
-7
-12
-2
1
2
3
2
-1
-13
-5
6
-8
-7
6
3
9
8
0
-3
-1
-2
-2
-1
11
15
4
14
7
9
5
3
10
-8
-5
1
-5
3
-1
5
5
-3
9
-3
0
12
6
14
5
0
2
0
-4
-14
-5
-2
-9
-1
-2
-4
9
10
6
3
-8
-6
-5
-14
-15
-11
-19
-22
-13
-24
-28
-19
-16
-4
-8
-13
0
-4
-9
-4
-7
-10
-5
-12
-8
3
-8
-2
-10
-5
1
-10
7
4
-2
2
17
18
12
21
9
7
9
13
15
16
29
25
28
32
22
13
3
-10
2
8
9
9
11
15
12
24
14
7
3
-6
4
-8
-8
-1
1
21
14
-3
11
0
-14
-17
-21
-7
-6
-7
-5
-3
-4
-6
-3
-8
0
1
-10
-13
-4
-5
-10
-9
-10
-11
-13
-5
-1
-3
-1
-3
-6
-3
-6
6
1
-6
13
3
-1
2
-10
-10
-15
-18
-8
-1
2
-8
0
7
-6
-12
-3
-5
-17
-15
-7
0
1
-6
-8
-6
0
9
7
2
7
5
-2
4
-4
-13
-7
-9
-12
-4
4
4
-2
5
13
19
24
24
13
10
26
20
5
3
3
8
12
9
9
18
7
3
-2
-7
-2
7
9
0
1
9
9
-4
2
11
3
-2
9
1
-7
9
-2
-14
-15
-17
-18
-11
-9
-7
2
4
5
6
8
-1
-7
-5
-5
-12
-5
6
9
8
11
2
4
2
-7
1
3
12
0
-2
4
-9
-9
-10
-14
-12
-16
-14
-2
-3
-4
-8
-5
-4
-17
-25
-16
-24
-22
-3
-5
-7
0
3
4
7
12
11
4
-1
1
12
16
16
20
11
9
11
-3
0
10
1
7
1
-6
0
-1
8
19
15
6
12
15
14
10
17
3
-3
5
-4
-3
-1
-12
-14
-17
-8
-15
-11
2
-17
2
5
-10
1
-13
-18
-12
-9
-9
-10
-6
-6
-4
3
8
-1
-2
-9
-14
-6
-1
6
0
-8
0
-7
-3
4
4
0
-4
17
21
12
15
2
0
7
0
5
-3
5
12
-4
-1
6
19
11
14
20
18
20
13
11
11
12
11
4
2
11
19
13
9
11
28
26
19
21
15
3
-7
-13
-9
-6
-20
-25
-22
-24
-25
-34
-38
-26
-22
-29
-24
-15
-21
-19
-19
-12
-7
-16
-17
-19
-21
-15
-26
-32
-26
-29
-25
-24
-13
-14
-17
-4
3
3
-13
-19
-7
-4
-1
14
10
13
22
16
26
31
34
36
26
22
15
23
28
17
31
30
31
46
36
51
48
25
32
29
35
36
26
24
13
9
18
4
-15
-18
-24
-18
-17
-10
3
-4
-5
-4
0
-9
-19
-6
-15
-26
-28
-34
-35
-37
-30
-35
-32
-21
-24
-22
-24
-25
-16
-16
-20
-12
-2
0
-6
-4
-3
-8
-5
-5
-11
2
5
1
5
2
10
9
11
15
8
10
5
0
4
11
5
11
17
17
16
20
21
-1
5
-1
-15
-7
-12
-11
-19
-20
-2
0
-11
8
17
18
24
12
6
12
11
8
7
-1
7
3
-8
9
16
8
0
-8
-8
1
0
-8
1
3
-1
-8
-12
-6
-8
2
10
11
1
-16
-4
10
12
12
2
-6
-3
-7
-10
-12
0
2
-5
7
10
4
4
-2
-17
-11
-3
-7
12
17
9
21
21
9
9
8
-6
-6
-3
-5
-14
-17
-17
-14
-2
-7
-12
-3
-5
-8
4
0
3
5
-1
-3
-10
-2
-13
-5
-6
-22
-7
-5
3
17
21
41
45
38
34
32
-8
-51
-41
-57
-61
-24
11
-21
-18
-4
-23
12
50
85
53
11
15
17
14
61
16
-27
-7
-32
-36
-12
29
-62
-55
-55
-94
-31
-76
-185
-225
-138
-61
-30
-14
9
5
-37
-43
38
-24
-75
39
-25
-24
118
166
100
131
136
17
-44
163
100
302
391
433
232
230
565
408
3418
3629
-1193
-3977
3175
7311
448
-2345
-229
-1359
-4338
2056
6083
-1510
-7394
-5369
89
2357
3385
-641
-6747
-5811
-2800
-970
49
1317
-1889
-5985
-4116
-1809
-567
-117
713
-191
-3355
-3013
-787
345
-578
1576
3886
-1395
-3927
-1516
1009
-1112
-1373
1386
-947
-3566
-2636
11940
21463
8662
-14574
-14158
14893
32327
20705
-2193
-8344
-1664
7672
20457
27527
18621
-6748
-21242
-5123
21561
22326
-3866
-17004
-6546
3235
-4376
-14790
-10701
-3688
-5232
-12791
-14699
-12853
-17161
-20482
-12124
3267
2139
-17160
-28337
-16966
2834
8028
188
-6495
-6343
-3499
-3713
640
10026
12774
1868
-8888
-2230
9689
9050
-423
16
8733
8080
-1943
-7550
-66
9496
9095
4022
3268
4615
173
-2206
7041
16249
16523
7706
192
522
7972
16671
16328
13885
8722
910
-2411
6674
17567
11559
881
-3366
-2511
-2818
-2385
287
-1495
-4918
-10017
-11706
-9176
-7592
-7894
-8522
-4816
-5384
-11028
-13393
-9142
-1493
673
-1985
-7022
-8791
-6055
-3295
-135
1571
-661
-6262
-8959
-4791
-2274
-1458
-220
-623
-3207
682
13574
10029
-10266
-17503
6661
30545
22300
-2537
-14665
-5405
8397
19517
26635
21696
-893
-23254
-13826
19192
31834
7427
-17874
-13580
2112
2137
-8934
-9414
380
1794
-8347
-13907
-8908
-7049
-12363
-9764
4293
10093
-4414
-21520
-18241
1443
13676
6287
-5937
-6470
-1077
-2281
-4607
4018
12875
4754
-11109
-11426
2334
7112
-1730
-6666
847
6531
-1426
-10715
-5299
8477
11076
3665
2458
7618
6293
-79
4315
17532
20784
8101
-278
7707
15777
11860
6709
11101
12174
4795
387
5358
8612
3410
-690
449
1925
-3324
-9430
-7524
-1176
-1601
-9661
-12049
-7661
-4705
-5138
-5366
-4763
-5459
-5317
-3891
-2548
-1111
-705
-1939
-3987
-3141
-570
-680
-3796
-6037
-4996
-3608
-6332
-10541
-9479
-7163
-7682
-10834
-9752
-6109
3577
12644
2117
-20030
-23407
6197
31490
23952
-2399
-15742
-8445
6695
24451
32603
23065
-1404
-18216
-6068
21940
31939
9907
-12253
-9117
4419
4029
-7344
-7738
1064
3739
-5062
-13986
-13032
-10281
-10047
-6161
5001
8852
-6943
-24202
-20253
2069
15572
7041
-6672
-9917
-4662
-3384
-1992
6564
12290
3711
-11826
-12194
867
7482
1037
-5141
-341
3643
-2615
-10826
-7128
5348
9070
3070
-57
2906
2299
-2698
1646
14031
18045
6798
-3816
2054
13571
16490
10185
8214
9383
6433
5097
10090
14934
8402
374
2415
9174
8740
777
-2908
-698
1353
-1000
-4231
-4483
-4582
-4761
-4454
-2797
-2326
-5491
-7646
-5960
-1214
155
-3962
-9274
-10049
-5429
-1977
-3686
-7969
-8654
-8560
-9582
-11070
-11000
-6857
-8819
-12919
-15536
-11368
-7238
-6635
5035
9090
-5444
-27894
-18116
17544
32767
15785
-11771
-15618
-1675
17812
30659
29667
14954
-8292
-13363
5927
29610
26248
77
-10993
-1054
10639
4915
-5165
-2917
4085
5994
-2780
-9151
-8955
-7252
-4259
667
8274
3466
-13470
-23883
-13920
7823
14086
1079
-14008
-14482
-5442
-2094
-430
4079
5867
-4716
-17169
-11911
2700
7077
-3289
-8791
-488
4812
-2506
-11961
-4363
11556
14353
4236
-2516
1092
3784
3669
8703
15386
13858
2413
-3082
5350
14341
16354
10667
6012
2979
3815
10626
14779
12349
2466
-743
3986
8727
6937
1540
1284
-591
-3466
-4092
93
1816
-3711
-5793
-3421
143
-1961
-7418
-7732
-3363
781
-3065
-9501
-11030
-8605
-4780
-3991
-5266
-9401
-12181
-11636
-11041
-7234
-6652
-9821
-16145
-16201
-10454
-7478
-8073
-6025
4637
3856
-11746
-24413
-9734
20306
29270
10737
-11457
-11657
3146
19823
30658
29800
14325
-8025
-12899
8128
30567
25853
2960
-7990
-342
7290
1823
-3601
1334
7736
5617
-4829
-12185
-12099
-8420
-2680
3589
6448
-1450
-17171
-24298
-12445
7514
13447
1013
-13778
-15332
-7087
-1552
1384
4959
4957
-4891
-16152
-12672
1273
7712
859
-4996
-1028
2459
-3107
-8083
853
14062
14459
2955
-3256
1738
6693
7216
9837
13799
12411
2683
-1946
6159
15297
17053
8807
3785
3573
7696
11325
11783
9566
4010
2137
3581
8325
6994
494
-3510
-3035
-681
-1484
-1998
-5108
-8340
-6086
-2110
-1924
-8470
-11977
-8769
-4236
-2484
-5919
-9592
-10941
-8718
-5099
-4077
-5745
-10695
-12077
-9790
-7074
-8522
-14095
-13676
-11196
-7892
-7856
-3224
6562
1230
-15813
-24012
-1909
25020
24784
3684
-12864
-7370
6889
21583
30966
27764
10604
-8738
-7126
14138
31003
21964
1626
-4119
2447
5924
-1260
-4130
2559
6341
1652
-8173
-12163
-10680
-8312
-4884
17
4499
-1041
-14402
-21346
-11851
5424
9018
-1145
-10448
-9620
-5641
-6354
-3521
4340
6305
-5222
-16376
-11821
-173
2825
-4130
-5795
469
1646
-5844
-10136
-124
12085
11342
2862
-411
3066
4022
4316
10498
16488
13354
2440
561
9060
14948
14749
11570
10374
5921
4186
10308
16481
14864
6156
3676
5888
7483
5615
4593
6727
3735
-3614
-8097
-2413
3588
447
-5348
-7708
-5289
-5896
-8151
-6497
-2862
-2352
-8262
-13227
-11865
-6860
-4229
-6274
-8293
-9050
-10407
-14049
-16220
-13545
-6973
-8751
-15985
-15806
-3081
9500
-2989
-23291
-26461
-885
23472
18380
-4156
-20115
-12522
4950
23160
32289
23048
-412
-17104
-5367
20852
32497
15644
-6103
-6642
5104
10948
3318
-2420
1705
5731
2787
-5723
-8669
-6307
-3846
-1448
2655
7223
1072
-11622
-15136
-2743
12641
10439
-3707
-11896
-6944
-24
-1902
-2891
1721
2849
-7623
-17436
-10481
1585
1771
-8233
-10576
-2612
-700
-6851
-9642
-132
9329
6564
-708
-1072
5017
6114
3673
7136
13032
12303
2105
-1152
8266
16471
16073
6933
1889
1951
6567
11704
12707
9953
2378
-475
1265
6884
10144
7450
2205
-3256
-2480
558
2760
1827
-356
-364
-2238
-3649
-4804
-3768
-973
8
-538
-3900
-7831
-9888
-7789
-2873
-2586
-5770
-11301
-13048
-10776
-10917
-9057
-11297
-10249
-8889
-2178
5192
-5515
-21932
-24724
875
22224
14159
-9712
-24037
-14251
3408
19197
24322
14905
-3821
-16283
-4753
18610
28154
12758
-4710
-3774
5240
7455
-241
-2578
4279
8396
4170
-5134
-8247
-5381
-1923
2216
7256
9384
788
-10478
-10266
2967
15229
10787
-1431
-6834
-2744
688
-2647
-2036
3432
2284
-9694
-17091
-9197
-1146
-5979
-14870
-11091
-740
-3070
-15277
-17071
-1861
9623
3691
-4943
-1557
6652
6526
3229
8654
16199
14140
3835
1759
11425
18141
15967
7599
5044
5427
7229
9509
8931
5913
250
942
3883
4707
1873
-507
1408
2050
1601
457
1036
861
414
2358
3006
1973
-1847
-2852
365
3701
4538
-186
-5972
-7749
-5093
-2406
-4392
-8636
-10467
-10184
-11270
-14518
-15291
-10584
-7049
-3282
1031
-4463
-20305
-28782
-9287
18864
22611
-2793
-28223
-25910
-3335
19448
25680
14437
-4927
-19202
-13530
11018
29875
20013
-3080
-10814
433
9859
3155
-3914
-433
7347
7564
-2010
-8766
-8315
-3431
2356
9389
13028
3589
-10290
-12693
2199
18752
18434
5135
-6847
-6325
1136
6310
8838
8154
1596
-10708
-15753
-6347
4618
1760
-11804
-16885
-10307
-5950
-11306
-16664
-8641
2781
2317
-7156
-10351
-3165
2619
5008
9375
13737
9378
-1079
-523
12086
22750
20320
9412
3472
2581
5431
10234
14980
11579
-152
-6103
-2532
5112
5757
2001
-191
-1765
-2722
-3143
-180
3791
6324
6029
2975
184
-1471
1570
7266
9659
7170
1776
-1293
-2618
-2275
298
744
-1815
-8966
-12120
-10223
-10566
-10117
-9790
-4517
1395
-2195
-15819
-26584
-15232
7148
15138
722
-18693
-23621
-15038
1147
15444
15782
-710
-20213
-22107
-2985
17535
15425
-2047
-10159
-3963
2929
-739
-5034
-1796
2910
2639
-3718
-8858
-8814
-4241
2566
8570
10884
3644
-6886
-7273
5983
20389
20295
9210
-884
-1480
5655
11193
13355
12293
7218
-1268
-6388
-602
8040
5842
-5424
-9820
-3641
-1127
-8342
-15114
-10385
-980
-87
-6058
-9241
-5641
-2574
-2320
2174
9595
11457
3223
-2476
4125
14664
18197
11145
4921
3789
6296
9549
9910
6307
-1593
-3633
-107
1044
-3730
-7542
-4077
-2244
-4321
-6655
-5595
-3764
-3497
-672
4425
6705
771
-5937
-1910
9504
16028
10710
1906
-2017
-552
4469
8179
5243
-2801
-8515
-7837
-6110
-3949
-1510
-1778
881
-1716
-11013
-21146
-16187
4957
16340
6281
-16866
-27523
-17780
2351
17657
14849
-62
-17175
-24032
-11940
10330
18984
3995
-12226
-13164
-4010
-540
-3721
-2912
-30
1198
-4699
-11945
-12375
-7581
-92
5464
9407
5635
-6384
-12642
-2487
17610
25895
15680
-20
-5723
837
9100
15214
17481
11884
-386
-9072
-2589
11072
14207
3906
-5422
-3945
-801
-3146
-6911
-4716
1488
2689
-1530
-6726
-8945
-7757
-3353
4466
9328
5986
-2788
-5428
3235
12606
12952
7380
4802
3857
1156
3695
11584
11386
-580
-7855
-1546
5267
701
-8997
-10264
-3305
-298
-5215
-9551
-6724
-3755
-3551
154
6239
4781
-4794
-7365
2774
13717
13691
4918
-2287
-1164
4940
7316
6018
994
-3261
-7443
-7203
567
5524
9774
3041
-10722
-20424
-12117
11108
18755
5002
-16284
-21159
-10499
3883
15010
12850
-1053
-18982
-22136
-5313
14048
12664
-8930
-19789
-10788
1373
-1850
-13012
-12520
-4808
-747
-7051
-15000
-14929
-10431
-5050
217
5816
3913
-7149
-14468
-5393
15128
23676
13456
-625
-2438
7383
11093
7952
8712
12792
9532
-2291
-5307
4296
11009
5683
-249
3927
6119
-3193
-12610
-5174
12344
15825
2784
-7621
-5019
831
1164
3226
10439
11328
-280
-9530
-2055
15618
19116
5112
-3110
2258
7589
4939
4711
5866
637
-4813
-2495
3486
2122
-5542
-12128
-11537
-5121
-1210
-3685
-7580
-7885
-7997
-6068
-582
3311
2043
-2267
-1940
1913
5743
6607
2415
78
3098
6009
3776
-2207
-2740
-713
1176
1933
-470
4755
6055
-2983
-16667
-13921
9869
20514
6489
-16483
-20064
-6531
6311
14698
14424
4295
-15301
-25857
-12186
13996
21212
-1471
-20870
-17143
-2602
-113
-8870
-8594
-3390
-4403
-13700
-19450
-12801
-5241
-4789
-6558
-1337
2493
-5368
-14325
-8923
11001
22685
14718
135
-5445
2283
9721
11615
12862
11191
2003
-10740
-9508
6681
17737
9795
-6064
-8621
-1298
2431
-234
176
7475
9092
3298
-529
2808
7617
7173
7955
12582
12342
3765
-2120
5571
19416
18750
3805
-4568
189
4922
5936
9639
9268
-2792
-15245
-10451
3708
8853
287
-12583
-17489
-13882
-6885
-2904
-803
-1997
-9272
-11809
-5653
1439
2870
1966
3956
4554
1951
-367
-558
3758
7531
5574
-2057
-6468
-3377
-3103
-1659
-457
3472
9151
2340
-13398
-24811
-10693
16942
22637
1064
-23268
-24073
-8230
9454
20589
18394
2383
-19076
-22530
-2907
19531
17813
-4180
-14524
-7713
-564
-6316
-10962
-2330
5627
938
-14366
-22003
-15838
-5785
-453
239
1516
-3614
-13856
-16477
-3532
16294
21825
11301
-2134
-5103
2837
9411
12477
14329
12407
1277
-11936
-10614
2689
10831
5902
-1556
-3325
-6184
-11549
-10908
1149
13176
10277
-62
-4048
490
4390
5726
11797
18202
13973
1032
-2953
7352
21486
20842
7581
304
1545
3708
4041
8549
9293
-261
-9950
-7996
697
2887
-3667
-10756
-11213
-7605
-6322
-9513
-10196
-5758
-1649
-1186
-3653
-5961
-4123
2492
8844
9452
5050
670
-1375
393
6924
10246
4287
-5140
-8975
-5167
1685
3729
3149
5483
145
-13072
-20512
-5908
16391
16200
-5258
-23113
-18736
-4036
8285
15454
13578
50
-19237
-21760
312
22031
15733
-8184
-17367
-6882
613
-5773
-9842
-2489
3822
-2894
-16479
-20796
-13132
-4332
-1015
948
2590
-4229
-16092
-16426
1946
21891
21765
6708
-3956
-964
7163
10419
13248
17726
14125
-3281
-17810
-10224
8542
12413
-724
-9772
-7134
-7078
-14877
-15114
-1081
10525
4930
-7682
-8921
225
6526
7937
12920
18530
14125
2830
88
11914
26050
25400
12951
4373
2628
4405
9078
14901
12206
-527
-9222
-5661
860
738
-4504
-9509
-11153
-12041
-12572
-10952
-7069
-4456
-5711
-6410
-5556
-5107
-3634
2280
9120
10444
7171
2768
22
2727
9398
11752
6521
-988
-4214
-5098
-1089
3535
9620
9785
-6717
-24761
-24044
2193
21714
11655
-14470
-29260
-22253
-6685
11539
21506
11433
-13721
-30593
-17463
11360
22317
5274
-13412
-12430
-3261
-3300
-10401
-7250
3003
4528
-5385
-16846
-17245
-11477
-5375
941
6473
4985
-9842
-22443
-14370
10419
27681
21347
4399
-5111
-889
8045
14650
20828
20902
9426
-8449
-13224
842
12959
8901
-2196
-4673
-4190
-11241
-17690
-10481
4298
7265
-2783
-9957
-8624
-4856
-2310
5767
16219
15356
1713
-6903
2219
18661
27540
18033
6125
3913
6280
8793
13045
17079
8241
-3778
-5705
1363
4984
1640
-3083
-8495
-11278
-10693
-9061
-10023
-10315
-8696
-7236
-4366
-4355
-6865
-5899
1114
7738
8296
5693
3759
2756
4628
9832
10975
5296
960
-594
988
3455
5104
11886
6897
-10815
-24458
-12941
13883
19645
-703
-25794
-28003
-12837
3726
15855
14236
-3013
-25224
-29234
-6239
19368
17655
-5946
-20713
-15811
-4612
-2679
-5744
-3757
-1853
-4788
-12826
-17904
-13753
-6771
-1203
3323
6618
-160
-15805
-20995
-4247
21084
27813
13986
-699
-2880
5821
12684
17231
22734
20969
6459
-9929
-7933
8529
16433
8052
-1571
-2070
-4725
-13005
-15085
-2621
10425
4762
-9858
-14043
-7266
-2814
-1937
5595
13791
7576
-8625
-12205
3189
21951
23045
6881
-3414
-85
6298
11313
17379
15674
1994
-7480
-1150
8644
7086
-1251
-5966
-5018
-3243
-5757
-11521
-12066
-6989
-4445
-5386
-6359
-7986
-9366
-5645
3040
8202
6443
2217
-1724
879
9588
15796
9733
57
248
2734
7305
5869
9573
16052
5284
-14584
-24125
-632
25083
18417
-11654
-30927
-20610
-3201
9141
14094
8723
-8958
-27512
-22941
2975
20005
6605
-15486
-18232
-7872
-4267
-11531
-12332
-4150
-266
-5033
-15875
-21572
-18051
-9468
395
6860
5652
-7767
-21461
-16430
5995
24512
21110
6786
-1982
652
9096
13346
17718
20202
14515
1859
-6262
1674
10512
8438
2935
4066
5397
-5635
-16589
-11798
5214
12850
3172
-6084
-7721
-6174
-5874
1353
16355
18026
748
-14653
-9552
9475
21241
13826
1234
-3274
-2458
-712
7421
15894
9596
-5277
-8965
2171
8992
4951
-3480
-6985
-4445
-704
-652
-6331
-8019
-6552
-4813
-1878
-1982
-5619
-8576
-3349
4863
6640
4580
-651
-2779
1741
9498
13044
5893
-348
-2475
630
7706
11086
12814
8019
-2938
-12660
-10983
7082
18721
8712
-13498
-24609
-15650
120
12456
13494
2164
-14955
-23089
-12150
7863
14871
322
-15221
-15488
-7563
-5989
-11240
-10542
-4251
-2438
-9501
-20043
-22768
-15191
-5165
580
1777
-1826
-11991
-17894
-8901
9629
21230
15574
3739
-1550
3746
12672
15560
16473
16228
11120
612
-4387
3972
11650
9017
1944
775
1451
-3861
-8133
-4567
4712
8669
4196
-1137
-3450
-2853
-525
7577
17115
14461
803
-7932
-1750
12938
17776
7848
-2655
-5305
-2984
1469
8586
8667
-2595
-13349
-9679
3072
7163
-84
-9937
-11553
-5738
-221
-923
-5186
-5888
-5327
-3089
-1046
-2216
-3344
-2379
1789
4552
3610
3113
646
-462
3427
9250
9747
2770
-2174
-2653
-1086
3340
6961
9356
8647
-1448
-13262
-15629
1207
19193
15473
-5429
-22879
-19261
-3840
12304
20562
13017
-6477
-22770
-18792
3673
21741
13279
-9758
-18708
-9643
-1203
-6686
-11955
-5902
-1230
-7679
-20639
-23396
-13916
-6883
-6315
-4703
201
-4641
-17562
-18471
1522
23271
21368
4760
-3970
2183
10559
10864
14096
20729
16871
-835
-12826
-1605
15305
15234
2115
-4531
-2169
-4490
-9108
-5884
5550
10460
1767
-5983
-5009
338
2810
6510
14892
16022
4783
-6608
-3431
14119
24515
13250
-3142
-7261
-1659
3084
7928
10320
2771
-10610
-15281
-5685
4017
3997
-5771
-13378
-10468
-3820
-3191
-7951
-5765
82
1238
-2585
-5941
-3182
1382
5222
7106
7342
6724
739
-3527
709
11492
14216
5347
-3420
-8008
-3918
-1694
2919
4052
4249
5826
-4783
-17486
-19482
1428
19954
14220
-8466
-24923
-17560
-776
15808
23223
14843
-6312
-25031
-18157
10508
27865
12122
-12764
-17631
-7499
-1944
-6730
-6120
-208
-3992
-16176
-23577
-15847
-6242
-7497
-9328
-3778
606
-8539
-19509
-12306
9753
23395
14931
496
-3250
2785
7996
10914
19152
21978
7794
-11839
-13490
5775
19679
12678
-2534
-7543
-4900
-6650
-8741
-1858
9439
9123
-3323
-9858
-4375
3925
7422
9890
13723
10326
-585
-5811
2784
18500
24072
11020
-4488
-7213
-5
7189
13197
13209
209
-14426
-14700
-1644
6230
2036
-6326
-9981
-9969
-9670
-7557
-4342
938
818
-4865
-5225
-709
2366
1162
3269
11012
13684
6757
-2984
-4041
4904
14537
13827
1819
-6446
-9835
-6707
-2818
-1324
468
-5397
-3920
-2347
-7797
-17608
-18763
1236
16042
10952
-10461
-22936
-14177
3452
20776
23787
10759
-10545
-21800
-8783
16349
25775
7645
-12803
-15921
-6541
46
-1981
-3895
-7675
-11465
-12125
-11567
-10800
-12331
-11442
-7285
-1734
473
-5444
-11227
-7300
7437
18783
14489
2920
-3996
-50
8655
14960
16692
10306
-943
-8743
-3632
10430
14902
4592
-6714
-6691
-2248
-2429
-2167
2183
5443
191
-5174
-746
5967
6988
2868
3152
7689
7539
4543
3893
6008
8685
8367
7286
6211
3194
208
2871
9759
7380
-3188
-8781
-3336
2075
-116
-3046
-5043
-7271
-10119
-7282
-510
843
-3731
-8433
-4138
4455
6081
1273
-568
5892
10603
8218
3093
1348
3712
6905
7076
2446
-3132
-6363
-7965
-8311
-8013
-5302
-4462
-9908
-5838
-1335
-8478
-23398
-22138
4719
22114
11500
-14817
-24051
-10637
7673
22382
24861
12346
-11993
-25492
-7803
23177
28960
2536
-18144
-12149
2135
1100
-8982
-7450
-1085
-2916
-11281
-14766
-11218
-11567
-12843
-5250
8238
9157
-8412
-20034
-6976
17047
23616
9617
-2290
-1849
4097
6078
8317
14831
13173
-339
-11822
-4874
11482
12863
-561
-8060
-790
4045
-2655
-7965
-2740
6204
5784
1245
654
452
-2349
-3636
5017
15522
12862
-1215
-9694
-3854
8373
16595
16079
6902
-6045
-11753
-1347
15208
16862
2787
-9550
-8243
-1546
-106
-620
249
-500
-4800
-8115
-5408
-982
-712
-565
4865
9386
5629
-2815
-4124
6044
14701
14006
6782
525
-1524
-1700
1094
4088
3219
-3276
-12563
-17670
-13001
-7215
-6865
-10921
-13285
-3286
560
-11357
-25369
-16636
11363
22441
7653
-15979
-20054
-6198
8970
21825
24963
12955
-11371
-24770
-9034
21089
28985
6264
-14317
-13862
-1468
468
-6453
-3509
2920
-62
-13533
-21063
-11767
-1119
-577
-3853
322
4674
-2394
-11673
-7008
11833
20748
9618
-4949
-6802
2977
7286
5213
7407
9942
3143
-8498
-7686
5057
11382
4160
-4011
-2669
-722
-3899
-5370
1408
9130
4853
-4318
-6389
-1745
1917
1282
4271
7222
2928
-4235
-4780
3375
9642
10648
8110
2560
-2986
-2379
4647
11310
13393
8059
-2630
-9421
-6473
3108
10109
8769
1719
-6048
-7957
-3430
2767
9089
13636
10274
-277
-6401
-1838
7237
13121
13193
7237
-2972
-9453
-6318
1479
5776
2138
-7630
-15219
-15191
-11889
-11946
-11745
-11854
-11714
-11245
-12226
-3726
1374
-5952
-18263
-14720
9750
22014
8580
-16332
-20153
-1707
13656
19893
16153
4595
-11974
-19240
-2473
23765
26632
415
-19368
-11546
6057
6663
-6077
-7872
-858
1062
-5741
-9695
-3760
-1700
-5848
-5425
5917
13114
1232
-12223
-7501
9122
14052
3693
-3608
-1737
2173
1198
1803
8488
9241
-207
-8291
-2032
8433
4432
-6255
-5938
4611
4513
-7734
-12521
-4102
5198
1533
-5742
-5286
-2854
-3832
-4524
3347
10642
3997
-8161
-8437
5607
14082
9558
6757
7872
5764
1301
4777
13939
15782
9422
-223
-3337
1283
9191
13323
10356
5114
-1413
-2807
3016
11817
13114
6195
898
-2134
-145
3283
4260
3028
73
-723
-4097
-7723
-6914
-3898
-3176
-7995
-11228
-11815
-11421
-11938
-11161
-9793
-11268
-13475
-16872
-12686
-6934
20
4648
-2964
-15247
-20865
-5677
12349
14942
471
-16329
-16676
-6434
10196
23604
21388
1627
-18635
-13839
12161
28444
15158
-4790
-7077
626
3204
-1517
1536
10146
8228
-2025
-8577
-4047
1020
-1413
-27
10972
16363
1137
-18663
-18825
-111
15546
13378
3297
-4828
-8518
-7438
-1256
11577
17578
4775
-14583
-16934
-614
9003
974
-8415
-5100
-806
-8449
-16708
-12807
-1430
2185
-3465
-4732
-3140
-5883
-10213
-4602
11005
15817
4079
-6523
-2522
9257
13901
13571
16175
13755
4079
-1561
8401
20143
20940
13981
6390
3895
2820
8033
15201
18139
12503
1416
-3864
-1108
6299
7431
4446
-519
-7047
-8322
-5713
-1770
-1930
-3908
-4625
-9102
-13730
-12695
-5594
-555
-2593
-7535
-12553
-14114
-12657
-7442
-1649
-4766
-15502
-21244
-18142
-6764
-4357
-6399
-2417
-7149
-19312
-29222
-9841
17008
18281
-3258
-21494
-12740
2687
15012
23027
23602
11219
-9089
-11346
9878
31273
24869
2597
-3829
5203
10943
4395
2254
11420
15703
7794
-5066
-7417
-2816
-784
1479
5833
9101
-806
-16089
-16692
-2099
12285
9217
-3234
-10164
-10191
-6704
-4575
3046
8309
-979
-16962
-22357
-9536
-434
-5221
-11764
-8638
-3374
-11404
-19969
-14023
2264
9920
1565
-5405
-4364
266
3514
7178
14704
15648
8846
1657
2627
11156
17093
17996
14038
11000
10603
11682
13760
14189
13555
13447
14738
13823
7060
2376
4684
9820
8668
1313
-3426
-5040
-3690
-2079
-851
-1958
-6406
-8889
-8498
-3906
-757
-2708
-5814
-7520
-6314
-4905
-3653
-3088
-5964
-9932
-10746
-7297
-5915
-8274
-14287
-16108
-16332
-17766
-17262
-18633
-17222
-14397
-13075
-12041
-4864
-5170
-16190
-21818
-4944
19306
21830
1498
-13658
-5619
10037
25633
32366
24184
7321
-5333
-515
19669
32531
21004
1564
-3627
6682
13157
8860
7316
8398
5326
-716
-2977
641
1973
-2499
-4868
-255
3467
-3976
-15778
-15476
-2320
4778
-1847
-11436
-14968
-12932
-11377
-8766
-3288
-2275
-10076
-19667
-18250
-5729
1660
-2793
-7967
-5000
-1282
-2574
-3079
2258
7538
5601
2996
5024
7859
6907
4730
7134
12128
11945
7245
4511
5730
7604
8483
11736
14751
11678
5028
4355
9395
12364
10996
8019
6928
4885
2045
934
2822
6107
5377
956
-2714
-2133
186
1213
1203
-474
-2599
-4949
-5472
-3521
-1822
-1988
-4427
-6842
-7662
-7515
-7649
-7671
-7680
-8916
-10748
-13451
-14658
-13003
-11002
-11543
-13063
-14503
-15972
-14922
-15351
-12417
-11527
-9933
-7601
-6320
4192
5057
-3225
-12736
-2110
21750
27470
15257
-1646
-1747
7679
19686
31183
30451
17117
-1459
-2999
14599
29606
24731
7199
2126
7152
10027
5487
1299
5139
5630
2741
-2052
-6367
-8842
-13679
-12632
-5464
532
-6025
-22558
-28368
-18581
-4588
-3145
-10733
-14542
-16392
-15692
-13474
-5209
4319
1455
-7920
-12056
-3653
5709
5052
2627
4137
7433
3649
-1312
2067
7912
10423
7199
5973
5448
971
-62
4422
12234
11039
2735
-1002
1068
6571
9545
12618
13141
6640
-308
2454
16140
22459
13345
2646
2828
9325
11239
10290
9042
5088
-312
-3083
1619
5523
1877
-5615
-9066
-4897
-3572
-7717
-10916
-9034
-4918
-5255
-9221
-14349
-15185
-11198
-7258
-7277
-10617
-12510
-14542
-16147
-13712
-9098
-6467
-10619
-16792
-16100
-10093
-6442
-6058
-6550
-5551
-5034
-5822
-5873
-1228
3298
5354
12955
14671
6844
-4537
1945
23276
32460
21287
2968
-355
6606
17797
28494
28307
14888
-5041
-9182
9049
27039
21189
642
-7056
-489
2954
-3200
-5692
609
999
-6285
-12796
-12586
-10526
-14144
-14338
-6894
-441
-7342
-21912
-23214
-9225
3793
2632
-5702
-10084
-10894
-8711
-4293
4583
10024
2353
-9599
-12209
-1107
7584
4219
-116
1696
3130
-2843
-6231
-19
7586
7687
2615
2139
3430
1496
784
7004
16896
16984
8324
3647
7635
14024
15827
16527
15064
9451
2900
4189
13842
16493
9656
769
-469
2729
3326
2223
-24
-1415
-4703
-6769
-6274
-5131
-5253
-8032
-8372
-6906
-7029
-9416
-9812
-7752
-6260
-6379
-8906
-11363
-11922
-9862
-7405
-8131
-10288
-12156
-13269
-11968
-8629
-5123
-4903
-7302
-8477
-6146
-2095
-1197
-1872
-1829
194
2451
357
240
-887
1613
6720
8621
15098
12748
2908
-8869
-2660
19900
29145
19297
-1562
-7825
-385
12097
25866
27450
15591
-5258
-12522
2384
22282
23905
4218
-7426
-5047
637
426
-1691
4154
4271
-2281
-9908
-12635
-8806
-9212
-7817
-3639
52
-6188
-21509
-24750
-13306
1781
2432
-8584
-15783
-18522
-14102
-8226
-417
5321
-1432
-11423
-13946
-3048
7648
6099
3069
3692
6243
2160
-425
6031
11971
13488
9656
9872
11146
7491
5976
8871
16271
16570
10047
5839
5630
7102
5688
7404
10747
8536
1634
-4357
-844
6644
7577
2629
-2141
-751
-532
-2309
-860
1629
1305
-4896
-7426
-5051
-1422
-1310
-6213
-7571
-6927
-5202
-6904
-10054
-8084
-6597
-6781
-9892
-10616
-8026
-6777
-7632
-10860
-9659
-6414
-5247
-6169
-7416
-5406
-4767
-5587
-5458
-2974
-489
-2753
-5992
-5777
-1100
2037
923
-638
560
2702
1154
1602
3744
13505
21322
12161
-3540
-7902
12818
29275
24404
8448
-301
2914
5276
13908
23171
22785
5278
-13844
-7971
12310
20799
4112
-10288
-4459
3265
-95
-9309
-5482
2029
-1716
-9567
-11676
-4871
-6582
-14432
-13314
-2593
3288
-9949
-22145
-18192
-5023
697
-5680
-8786
-8795
-10556
-13083
-8543
4803
7826
-1810
-9696
-4236
6659
6179
4406
7772
10929
5636
-2103
2562
11399
13523
8667
7512
11148
7963
1541
2134
12427
17854
9088
-109
-1061
3765
5945
5716
8135
7027
1552
-5365
-4119
4469
9528
7904
-181
-3311
-1607
1193
2499
3709
6284
1439
-6300
-9371
-4070
2550
838
-5440
-10640
-10122
-8849
-10721
-11170
-7829
-5467
-10527
-15538
-14662
-11501
-10192
-10189
-6882
-3814
-6599
-12611
-13249
-5176
3339
3980
-109
-1857
-1514
142
4897
11593
13557
8278
2216
2884
7092
10451
10584
7419
2955
-958
-1120
80
8132
11010
499
-15169
-14546
6381
17045
8695
-7853
-12786
-6732
1905
13801
19049
13640
-2413
-9912
3502
22570
24307
7729
978
7845
11578
4892
-1533
3611
6925
2125
-4777
-7788
-7083
-12525
-15779
-9531
-481
-4791
-23093
-30118
-19493
-5174
-3850
-11633
-14591
-13066
-10574
-8804
-2736
5742
5841
-1985
-5653
3035
12670
10704
6148
7573
11667
8841
3501
5321
10504
11913
7702
5421
6579
5331
2149
1882
6816
9219
4260
-1366
-2291
1288
5047
7706
7520
2065
-2561
-2113
3965
8632
6862
1876
-2732
-914
1261
277
-1699
-2629
-3612
-6602
-5487
-5263
-8133
-9925
-6735
-2822
-4892
-8686
-11165
-9174
-3729
744
-164
-4485
-5492
-2662
2543
6117
4613
-105
-1884
1556
4188
3409
1021
-1087
-1953
-1677
-1092
-2124
-4038
-5253
-5230
-4271
-3930
-5294
-8398
-9021
-5605
-1643
-2283
-5258
-7497
-5512
-1483
-690
-793
-3665
4840
13283
7706
-6792
-10286
9560
21746
18227
5033
-777
1824
4652
17549
28434
26778
5838
-10460
1220
23986
30456
10670
-2681
1267
5812
2787
-3517
1377
3423
-4771
-12581
-13255
-6603
-10453
-18051
-16577
-7750
-4952
-17580
-24092
-17797
-6532
-2612
-6515
-6217
-7402
-8483
-7725
-918
10815
10331
623
-5882
350
10136
8494
5450
4695
4716
329
-2152
3812
6335
3460
-1395
326
4330
1178
-2545
-1261
5501
6636
1717
611
845
-147
-1299
4161
10459
6225
-1702
-3715
3372
9412
8966
7140
5780
6448
4042
1634
5660
10626
10774
4204
2114
2904
477
-330
1676
5198
1332
-5316
-9283
-9183
-4401
-2950
-5467
-9675
-11054
-11519
-11473
-8728
-7089
-7420
-9661
-10869
-10123
-8510
-4762
-2498
-2413
-3320
-4841
-5314
-4197
-406
2018
1609
-521
-3103
-4028
-3234
103
1486
-887
-5445
-7746
-5587
-1687
-143
-2595
-5685
-5069
-4451
-699
11485
14600
692
-15568
-2947
23821
31596
17794
3628
5593
10334
17896
27733
32606
22830
1811
-2392
15446
31429
20553
-589
-2421
6860
6999
-4195
-7576
-1848
-3116
-10894
-16160
-13401
-14251
-23093
-24661
-14002
-3805
-12363
-28334
-29361
-15912
-4085
-5932
-10425
-10265
-9150
-9438
-8400
2290
11317
5531
-7771
-10475
2317
10726
6586
986
3060
6624
3188
1003
4751
10736
11532
8124
8619
9358
7106
4229
7581
14596
14017
7856
3517
4150
6377
8330
11211
10450
5563
547
1163
6205
8365
6240
2585
713
-741
-874
-1000
73
328
-1379
-4260
-6198
-5643
-5297
-3812
-3078
-2654
-5733
-10072
-11799
-9883
-4142
-2117
-5501
-12608
-14726
-10446
-6219
-4566
-6386
-6964
-7817
-10123
-9890
-5782
-561
-1222
-5201
-5839
-4099
-3771
-5171
-2188
2290
2219
-2684
-6851
-4098
720
4021
4053
2652
1700
-298
-330
2895
8418
9310
6334
3005
3981
6791
9156
9885
9727
18088
21091
12782
-733
4537
24802
31913
22702
6791
2467
2948
8435
19813
24423
14837
-9854
-21190
-8303
10599
8923
-11126
-19277
-16984
-15918
-20464
-19639
-11094
-12575
-20583
-26418
-22791
-16844
-19394
-18836
-11493
-2136
-5872
-17267
-16086
-3817
8341
7945
4101
3126
1465
1613
4813
15228
20647
11979
-440
-1905
10507
17322
12240
6092
6233
9250
6012
3793
6139
8931
8072
4080
5818
7806
4408
217
2833
10587
9958
3228
-93
2605
5294
3999
4330
4659
2042
-3354
-5877
-1496
1442
-451
-5049
-7000
-5814
-6582
-6346
-3871
-2297
-5612
-10272
-8474
-5304
-6409
-9324
-7967
-4304
-6109
-9432
-10414
-8283
-5760
-5201
-4813
-6315
-7090
-7051
-5660
-2704
-915
-319
-2159
-3368
-1604
1737
4745
3616
1136
1156
3210
5092
4081
4080
5748
6900
5712
4116
5536
7008
8365
8567
7482
5725
3400
3392
4572
7008
7537
3840
-477
-623
2829
4350
2223
-1026
-3855
-5134
-5016
217
9392
7442
-8543
-20875
-8216
11984
13833
-608
-11562
-9315
-5600
-75
8479
12782
2888
-14812
-16296
961
14268
4853
-9496
-6922
2175
1009
-7953
-7344
1349
3194
-2829
-7023
-3687
-2243
-6499
-5586
3828
10974
2832
-9006
-7045
5084
12441
8043
3488
3516
3836
1682
1811
9640
14500
7912
-2624
-2846
5587
7629
2799
537
3881
3959
-3118
-6606
-2830
2471
933
-4580
-5511
-4130
-5237
-7780
-5414
-961
-2073
-6694
-9112
-6888
-3748
-2275
-1476
-1825
-3558
-5544
-4660
-206
3023
2022
-1118
-1470
-27
-270
416
3815
6806
2769
-3751
-3518
451
2134
1696
3475
2862
-2605
-5543
-1942
4409
6214
3138
-779
-2395
210
3537
5819
6208
4474
2903
2943
4256
4849
5726
6191
3489
55
203
2916
1769
-2493
-3006
421
703
-4582
-8184
-5850
-2941
-4167
-7131
-7992
-7315
-8154
-9267
-7055
-3037
-3153
-7187
-8983
-6321
-3222
-2456
-3140
-3020
-2406
-2799
-3322
-1463
2406
4441
1829
80
5224
10034
6332
-1307
2601
15354
19427
10302
1380
3334
7855
11499
17255
21206
13522
-2334
-6393
7254
22068
18064
1823
-5605
-1295
3879
2917
2253
4260
1529
-5571
-9278
-4812
520
-1650
-7615
-8773
-4288
-3884
-9114
-12509
-9714
-4705
-5299
-8029
-9132
-8909
-8462
-9292
-7698
-4997
-5120
-9066
-11063
-6162
-1773
-3693
-8721
-8381
-2718
-628
-2068
-3652
-2297
56
404
231
206
1685
2931
3564
3398
2991
4121
5862
7244
6956
7305
9753
10400
8419
7396
10000
12744
10977
7137
6777
9877
10392
6995
3732
5098
7326
4035
-791
-1195
1063
204
-2226
-2108
-1674
-4412
-7865
-7281
-3740
-858
-2590
-6460
-8564
-7733
-4527
-1829
-806
-3294
-6863
-7881
-6611
-3802
-1899
-1800
-4538
-7758
-8199
-6822
-3796
-1765
-1736
-3916
-6610
-7540
-7628
-6000
-3230
-719
-1270
-5332
-8027
-6626
-2039
2312
3648
2604
-517
-1847
-258
3437
7524
9479
9283
6160
4224
6291
10445
14161
14242
12919
9997
8686
12107
15063
14780
9181
8013
10298
11468
9615
6126
6106
4244
3227
4274
6106
3705
-5295
-8309
-3102
2256
-2604
-11629
-12095
-7940
-5393
-7385
-7803
-7194
-10304
-13047
-11926
-5785
-3414
-7334
-11027
-11261
-8307
-7448
-6706
-6002
-7151
-8673
-9258
-6648
-5304
-4834
-3763
-2493
-2242
-4025
-4215
-2279
90
1263
1717
1946
596
-1527
-326
4284
8097
6775
3201
2288
3750
5871
7342
9544
10192
7479
5049
6229
10644
11614
8335
5886
7034
9230
7927
5262
4015
4497
5225
4600
3646
689
-1667
-1258
-69
-40
-2060
-3213
-5076
-6259
-5653
-3738
-2149
-4535
-6979
-7310
-4771
-3343
-4504
-4691
-3761
-3146
-5449
-6428
-3572
-572
-933
-3760
-3678
-2142
-2324
-3535
-3130
-735
-578
-2582
-4243
-3635
-2056
-1765
-1465
-555
702
-1076
-3818
-2669
1712
4989
3530
1025
669
1832
2578
3773
6276
7057
4444
1264
2204
5714
6202
3612
2173
3219
3277
900
885
2387
3331
2067
1429
3796
4857
1528
-3219
1640
10279
11064
1956
-4032
1022
6004
7242
5923
5971
3926
-1400
-2990
1746
9122
7121
-1095
-5485
-3050
-393
-2933
-3240
-1356
-2046
-6695
-11167
-10718
-8583
-7077
-6405
-6122
-7668
-12619
-14917
-11070
-3554
-751
-5234
-9597
-10200
-6631
-3150
-575
1421
1060
-1196
-4139
-2734
2256
5951
5163
1695
248
123
406
1102
3475
5337
2963
-1435
-3202
-405
3075
4031
4151
3658
1876
-331
431
5101
8665
7122
2736
1697
4226
5520
4152
4177
7087
7539
3547
192
1693
5302
6132
3978
2447
2085
1946
2000
1571
1889
2890
2526
-895
-3564
-2334
-676
-1563
-2926
-1591
-990
-2995
-5166
-4883
-1725
-673
-2846
-4448
-3292
-2310
-4493
-5500
-2372
460
-1500
-5195
-4769
-1357
235
-1401
-2183
-375
194
-1230
-2073
24
1902
46
-2423
-2015
591
698
-1670
-2395
-1045
-386
-1638
-1572
203
-241
-3877
-6192
-2203
2755
2007
-2648
-4393
-1084
1120
766
645
2758
3814
1185
-797
1609
5621
5676
2755
4055
7961
8108
4190
2747
7078
9270
8390
7726
9204
8016
2560
1290
5812
10959
7633
-52
-3024
-328
3585
2513
380
-2207
-5000
-5872
-4669
-2023
-3349
-6649
-8199
-7517
-6430
-7626
-8362
-8988
-9193
-8795
-8557
-8188
-9693
-10786
-9843
-7058
-4874
-6416
-8441
-8763
-6545
-4097
-3687
-4029
-4759
-4650
-3915
-1591
846
816
-796
-1432
1393
4718
5013
3232
2778
5109
7735
8891
8914
8973
9669
10156
10506
11151
11764
11794
11384
11072
10911
10972
11127
10672
9531
8790
8736
7754
4615
2470
3530
5184
3142
-1006
-2304
-1404
-1916
-4152
-4500
-2642
-2563
-5481
-7449
-5360
-3010
-4658
-6741
-4399
-1185
-3649
-8414
-6981
-1482
-313
-4602
-7302
-5439
-4146
-5839
-6732
-4612
-3776
-7365
-10757
-9129
-5602
-6296
-10180
-11034
-8441
-7258
-9131
-10159
-8598
-7318
-7142
-6447
-3950
-2166
-2727
-3165
-1159
2630
4533
5288
5719
5626
5627
6850
11042
14113
13513
9531
7547
10732
13910
14654
11776
10657
10387
9655
9342
9907
11809
10098
5812
3796
7619
10306
6090
1476
2864
5360
3257
486
1296
1702
-1721
-4095
-2631
-590
-3033
-7124
-7270
-5109
-5441
-9230
-10147
-8505
-8584
-10880
-12371
-11141
-10970
-11712
-11903
-11146
-10743
-11852
-12046
-10723
-8747
-7801
-7902
-8121
-8566
-7716
-5265
-2667
-1417
-1872
-2123
-1921
-693
1751
3854
5003
4646
4627
5081
5991
7481
9154
11269
11750
10049
7839
8681
12273
14207
12958
10696
10552
11568
11633
10806
10945
11999
10824
7366
6067
8123
9186
6417
3540
4112
5373
3251
-458
-1065
1002
950
-2800
-5745
-5417
-5195
-7217
-8673
-7606
-7431
-10333
-13120
-12668
-10753
-11205
-13151
-13878
-12191
-11081
-12587
-13173
-11137
-8901
-9509
-9689
-6803
-4782
-6127
-7793
-4520
546
1666
-1181
-3123
-719
2329
3663
3869
4249
3480
759
833
4821
8741
7387
3328
2305
3968
5826
6196
7378
8218
6769
4226
4106
8059
10739
9140
5840
5593
7723
7338
5415
5340
7407
6926
3376
2134
4092
5262
2508
153
1404
2874
1036
-2410
-2198
217
666
-1526
-3749
-4128
-4593
-4515
-3861
-2772
-3101
-5673
-7201
-6436
-3978
-3901
-5257
-5464
-4918
-4588
-4939
-4063
-3660
-3898
-3610
-2718
-2007
-2614
-2846
-2616
-1683
-612
-524
-1167
-2318
-2691
-2202
-373
1339
430
-2240
-3477
-1425
826
964
-301
-1179
-1042
-557
673
1971
2373
1572
1180
2730
4377
4412
3549
4367
6311
6680
5713
5332
6354
6672
5947
6162
7089
6590
3695
2377
4486
6085
3609
-395
-650
624
-733
-3093
-2479
-691
-3256
-7292
-6890
-3221
-2578
-5626
-6257
-4101
-3336
-5514
-6167
-3336
-1945
-3925
-5830
-3687
-914
-1907
-3872
-3082
-260
-211
-1904
-1200
1203
1493
-1218
-1263
2578
5097
2410
-1817
-963
3033
4644
2397
534
1526
2185
1378
889
2375
3331
1860
191
262
1348
1450
1340
1931
1911
132
-1395
-284
2052
1986
143
-159
1091
786
-1498
-1412
1103
2210
-494
-3414
-2702
-269
718
-804
-1580
-1321
-1674
-2493
-2046
167
1098
481
-766
-1181
-536
971
3110
3757
2724
990
967
2976
4785
4654
2762
1714
2125
3044
3256
2205
906
49
-22
-233
-1046
-1865
-2612
-3331
-4179
-4440
-4131
-4318
-5370
-6319
-5722
-4330
-4065
-5171
-5727
-4655
-3286
-2840
-2586
-1534
-728
-1416
-2299
-680
2323
2707
80
-1216
997
2758
1555
-169
513
1991
1393
140
226
1500
1432
483
1139
2812
3294
1767
1678
3829
5712
5331
4027
4830
6140
5806
4500
5328
7718
7566
4793
2798
3706
4870
3942
2325
1718
1375
-246
-1857
-1602
-1214
-2791
-4702
-4355
-3006
-4236
-7231
-8430
-6322
-3728
-3781
-5270
-6185
-6001
-5804
-4676
-2062
-557
-1705
-3935
-4055
-2394
-809
4
-190
-1192
-2709
-3187
-1766
241
431
-1328
-1776
53
1080
-269
-1129
603
2754
3082
2662
2606
2401
2081
2969
5559
7381
6651
3935
2293
3697
6450
7923
6369
3665
1762
1839
3528
4659
3802
1019
-558
-75
911
527
-1232
-2358
-2691
-2382
-2518
-3311
-4082
-4742
-4782
-4332
-3775
-4387
-6019
-6390
-5237
-3736
-3663
-4406
-4599
-4688
-4290
-3749
-2688
-2237
-2960
-2816
-977
1049
218
-1216
-237
2083
2804
1496
1532
2543
2470
1497
1815
3648
3799
2020
1517
3587
4851
3015
1379
2638
4695
4200
2414
2808
4118
3704
2334
2988
5254
5227
2596
1026
2439
4236
3907
2756
2581
2600
1275
255
1725
3439
2247
-1142
-2428
-475
551
-1319
-3253
-2714
-1987
-3669
-5614
-4884
-3063
-3719
-5878
-6183
-4875
-4488
-5537
-5468
-3918
-3951
-5565
-5971
-3924
-2146
-2954
-4298
-4097
-2786
-2162
-2003
-1435
-985
-1395
-2352
-1700
40
375
-656
-1204
-23
1128
973
571
590
1126
1620
2180
2602
2875
3346
3912
4793
5016
5028
5425
6095
6935
7169
7077
6577
6206
6412
6738
6474
5521
5033
4664
3942
2873
2003
2189
2686
2445
675
-1759
-2454
-1137
-306
-1711
-3838
-4498
-4337
-4873
-5739
-5674
-5223
-6062
-7324
-7318
-6181
-5839
-6928
-7127
-6009
-5196
-5510
-5790
-4992
-4629
-4716
-3995
-2424
-1960
-3243
-3351
-1269
937
729
-518
-22
1483
2166
2040
2909
4061
3751
3053
3776
5474
5644
4505
4589
6157
7042
5428
3774
4708
6763
7183
5902
5515
5585
4576
3928
5475
7453
5948
2053
424
2056
3497
1891
-227
-386
-416
-2313
-4638
-3837
-1936
-2853
-6058
-7558
-5831
-4966
-6083
-6998
-5700
-4521
-6254
-8307
-7932
-5484
-4847
-5634
-5034
-3800
-4243
-5851
-4640
-1601
-300
-1215
-1871
-1195
-877
-393
1225
3186
3413
1404
-116
950
3737
5066
3776
2291
2227
2681
2591
2851
3844
4110
3301
2757
3214
3608
3114
2751
3570
4720
4382
2446
1270
2240
4174
4877
3760
2253
1263
1333
2165
3167
3061
911
-1337
-1537
435
1545
210
-1555
-2098
-1703
-2026
-2544
-2170
-1427
-1308
-2226
-2980
-3009
-2757
-2700
-2610
-1896
-1500
-2465
-4197
-4549
-2886
-1440
-1891
-3424
-3947
-3314
-2822
-2669
-2198
-1463
-1705
-2838
-3160
-1990
-687
-727
-1294
-1116
-564
-590
-1085
-933
53
1092
1397
852
198
311
1622
3408
4382
3879
2802
2653
3770
5250
5809
5234
4367
4174
4410
4103
3681
3923
4178
3231
1680
1134
1229
716
-219
-285
503
329
-1365
-2844
-2330
-839
-692
-1832
-2634
-2749
-3257
-3720
-2938
-1847
-2417
-4246
-4699
-3562
-2954
-3743
-4002
-2746
-1933
-2679
-3715
-2994
-1571
-1285
-1790
-1720
-668
-261
-414
-119
876
1656
1489
1791
2708
3338
2907
2616
3910
5310
5472
4355
3704
3984
4334
4727
5005
5171
4173
2403
1659
2611
3800
2944
1164
56
-542
-1395
-2035
-1468
-1267
-2286
-3790
-4323
-3906
-4007
-4432
-4311
-3030
-2598
-4107
-5183
-3750
-1225
-996
-2084
-2066
-1066
-800
-1218
-330
1247
2081
1466
484
467
1073
1809
1855
1531
1140
678
419
35
-93
91
363
125
-1148
-2273
-2476
-1636
-614
-587
-1548
-2932
-3205
-2119
-759
-55
-334
-779
-1107
-943
-13
1147
1758
1247
776
1061
1363
1157
1019
1754
2214
1593
783
658
787
389
289
1040
1592
714
-744
-618
799
1353
509
15
670
1123
774
584
1137
1798
1870
1542
1288
1357
1595
1679
1875
2392
2772
2302
1253
890
1492
2339
2468
1926
1435
944
221
-362
286
1493
1110
-1098
-2804
-2158
-848
-915
-1945
-2435
-2536
-3578
-4554
-3791
-2209
-2419
-4402
-5144
-3952
-3182
-3920
-4221
-2764
-1416
-1793
-2832
-2683
-1322
-301
243
994
1417
612
-619
279
2951
4127
2507
334
287
1351
1755
1462
1350
1546
784
-512
-1018
52
1379
1119
156
-271
5
-297
-722
537
2644
3316
1395
-489
29
2075
3687
3688
2909
1566
355
613
2190
3543
2742
946
-15
3
179
-41
255
501
-278
-1727
-2336
-1559
-1242
-1803
-2299
-2098
-1886
-2377
-2924
-3234
-2788
-1757
-1195
-1958
-3389
-3421
-2017
-647
-517
-1332
-2012
-2419
-2151
-1059
283
490
-1035
-2284
-1607
219
975
240
-391
-364
187
1138
2191
2343
1138
489
1759
3654
4010
2801
2196
2791
3530
3723
3718
3961
3772
3242
3220
3928
4402
3571
2523
2538
3351
3470
2404
1577
1629
1999
1667
972
821
777
239
-593
-497
99
-454
-1976
-2691
-1832
-1451
-2694
-3993
-3912
-3315
-4035
-5344
-5438
-4441
-4210
-5585
-6776
-6315
-5081
-4691
-5103
-4978
-4510
-4769
-5186
-4337
-2503
-1852
-2774
-3268
-2336
-1014
-675
-672
30
957
1307
971
1064
1869
2826
3579
3860
3921
3610
3344
3655
4439
5366
5519
4889
3881
3306
3805
4792
5501
5084
3935
2895
2464
3009
4011
4764
4275
2660
1294
1185
2239
2985
2607
1440
317
-339
-826
-1020
-911
-827
-1318
-2459
-3645
-4509
-4671
-4084
-3384
-3691
-5382
-6954
-6916
-5614
-4744
-4901
-5171
-5262
-5638
-6062
-5188
-3059
-1769
-2464
-3483
-2725
-970
-97
-10
813
2311
2863
2473
2600
3644
4404
4587
5262
6358
6405
5032
4141
5025
6554
6922
5897
4674
3901
3576
3563
3728
3696
2981
1814
768
186
-204
-566
-446
-26
-499
-2461
-4102
-3410
-1431
-885
-2191
-3121
-2873
-2934
-3609
-3168
-1281
-466
-2076
-3869
-3644
-2504
-2433
-2742
-1935
-1232
-2610
-4788
-4670
-2428
-1351
-2557
-3704
-3290
-2935
-3821
-4186
-2604
-919
-1625
-3664
-3842
-1690
166
110
-405
192
1209
1613
2010
3295
4557
4561
4005
4377
5502
5896
5327
5049
5696
6332
5877
4624
3703
3724
4344
4786
4444
3180
1623
827
1160
1855
1887
1111
81
-866
-1541
-1516
-728
-184
-944
-2434
-3169
-2802
-2397
-2572
-2805
-2885
-3260
-3902
-4094
-3780
-3696
-3917
-3772
-3245
-3338
-4318
-4824
-3750
-1954
-1353
-2384
-3428
-2940
-1233
134
392
-20
-351
-215
458
1519
2382
2442
1814
1366
1736
2557
3050
2989
2816
2857
3014
2972
2655
2494
2773
3208
3234
2762
2119
1471
1183
1786
2888
2914
1336
-93
179
1288
1555
1144
1088
1053
215
-807
-608
622
1169
219
-1128
-1580
-1292
-1229
-1602
-1806
-1742
-2132
-3233
-4061
-3801
-3118
-3215
-3984
-4308
-4131
-4372
-4859
-4365
-3019
-2603
-3539
-3993
-2902
-1700
-1636
-1619
-413
916
734
-165
249
2038
3356
3374
3113
3244
3134
2586
2784
4266
5432
4530
2350
1263
2059
3271
3555
3055
2200
1078
245
626
1893
2425
1510
228
-162
271
645
482
67
0
264
176
-587
-1275
-1242
-878
-634
-413
-310
-1062
-2475
-3021
-1782
-41
229
-1083
-2575
-3023
-2431
-1325
-359
-217
-1080
-2282
-2620
-1861
-732
-35
68
-230
-968
-1640
-1373
-7
1298
1382
576
-204
-412
-6
1084
2320
2442
1298
132
223
1215
2069
2223
1643
855
389
582
894
875
665
433
114
-458
-763
-652
-604
-958
-1217
-894
-831
-1704
-2560
-1872
-332
-105
-1364
-2137
-1499
-804
-840
-604
288
460
-635
-1239
-123
1270
1301
768
1091
1645
1157
441
1184
2799
3100
1813
1055
1879
2673
2148
1546
2267
3118
2313
823
840
2082
2216
876
162
810
950
-571
-1912
-1290
-26
-555
-2525
-3412
-2701
-2271
-2860
-2924
-1924
-1735
-3143
-4033
-2668
-704
-498
-1384
-1365
-591
-706
-1314
-556
1213
1561
-108
-1240
-351
731
228
-710
-315
431
-256
-1691
-1807
-590
-93
-908
-1590
-1264
-827
-1077
-1251
-680
34
54
-318
-140
517
884
726
714
1414
2179
2170
1550
1297
1845
2440
2580
2542
2627
2501
1892
1633
2377
3336
3168
1946
1246
1804
2730
2825
2124
1466
1168
1135
1214
1342
1172
447
-409
-854
-847
-961
-1453
-1868
-1900
-2024
-2827
-3734
-3657
-2769
-2378
-2962
-3496
-3403
-3245
-3173
-2588
-1601
-1503
-2445
-2742
-1583
-417
-727
-1453
-909
162
-25
-1110
-940
600
1256
278
-508
195
1095
952
609
1177
2116
2178
1649
1673
2399
2985
3093
3373
3872
3755
2901
2562
3526
4471
3859
2327
1775
2425
2512
1353
358
510
647
-364
-1484
-1426
-1036
-1786
-2954
-2812
-1862
-1997
-3228
-3751
-3046
-2538
-2855
-3118
-2890
-2916
-3520
-3699
-2905
-2162
-2624
-3718
-3838
-2850
-2127
-2395
-2650
-2114
-1615
-1835
-2057
-1344
-280
119
15
170
564
632
713
1515
2741
3168
2444
1740
2120
3253
3991
4007
3786
3644
3375
3109
3419
4187
4516
3834
2979
2868
3232
3219
2871
2917
3201
2872
1755
984
1288
1948
1894
1052
202
-415
-909
-1147
-902
-573
-1085
-2442
-3602
-3617
-2875
-2473
-2792
-3383
-3819
-4140
-4162
-3588
-2757
-2530
-3052
-3342
-2912
-2459
-2482
-2274
-1298
-547
-1053
-2000
-1762
-437
394
221
22
301
324
-69
243
1612
2547
1847
693
832
1948
2446
2124
2190
2809
2826
1926
1422
2084
2862
2661
2033
2027
2193
1519
487
631
1853
2177
750
-723
-539
424
393
-426
-585
-169
-605
-1797
-1950
-686
-46
-1294
-2691
-2381
-1367
-1644
-2803
-2836
-1812
-1751
-3132
-4001
-3172
-2125
-2430
-3355
-3359
-2681
-2611
-3090
-2956
-2054
-1559
-1882
-2009
-1297
-518
-461
-486
222
1153
1367
1128
1467
2319
2738
2608
2798
3537
3901
3431
2972
3413
4261
4393
3731
3165
3200
3427
3442
3316
3164
2962
2761
2725
2748
2587
2325
2277
2431
2404
2008
1508
1243
1169
1030
802
541
139
-556
-1300
-1555
-1348
-1289
-1820
-2632
-3089
-3127
-3083
-3035
-2870
-2807
-3190
-3746
-3766
-3097
-2545
-2765
-3257
-3223
-2817
-2741
-2970
-2813
-2248
-2043
-2430
-2640
-2161
-1513
-1301
-1313
-1088
-813
-830
-796
-142
735
840
264
157
953
1652
1484
1220
1700
2207
1830
1294
1751
2560
2323
1509
1612
2306
1945
758
707
1939
2316
1020
-107
259
973
774
301
491
714
157
-510
-235
627
851
197
-385
-139
527
657
83
-383
-97
476
490
-66
-535
-602
-506
-347
-45
32
-579
-1482
-1612
-694
229
131
-748
-1333
-1137
-589
-194
-12
9
-288
-799
-961
-488
74
-5
-519
-669
-319
-155
-480
-677
-269
321
500
346
267
343
456
701
1223
1789
1886
1386
888
1123
1893
2251
1916
1626
1819
1821
1164
664
1134
1895
1745
779
36
-85
-19
38
264
309
-374
-1373
-1624
-923
-259
-432
-1091
-1527
-1600
-1430
-1021
-585
-624
-1210
-1615
-1263
-647
-604
-1023
-1084
-560
-219
-658
-1312
-1249
-489
33
-206
-713
-954
-1044
-1079
-686
42
102
-969
-1978
-1585
-358
93
-535
-1161
-1197
-1038
-837
-372
50
-151
-670
-597
56
431
253
140
398
572
480
506
683
551
200
313
868
932
180
-372
-15
605
620
181
-56
-53
-14
171
557
784
536
145
217
853
1458
1421
926
796
1412
2051
1913
1364
1348
1900
2198
1964
1720
1656
1433
1151
1319
1793
1644
668
-103
76
630
644
123
-345
-542
-680
-779
-661
-433
-441
-794
-1085
-959
-647
-646
-926
-894
-349
50
-387
-1225
-1309
-432
287
-67
-929
-1172
-828
-803
-1216
-1266
-805
-821
-1677
-2329
-1932
-1215
-1303
-1899
-2022
-1654
-1559
-1778
-1657
-1163
-878
-877
-724
-487
-495
-437
252
1134
1222
640
509
1202
1847
1911
1896
2138
2176
1761
1553
1937
2292
2063
1660
1596
1551
1031
433
460
927
1012
364
-464
-836
-687
-450
-482
-680
-876
-1147
-1542
-1683
-1296
-808
-876
-1349
-1519
-1315
-1210
-1237
-908
-378
-339
-792
-950
-578
-275
-233
36
489
294
-486
-728
12
771
670
190
18
-25
-175
20
713
1031
378
-326
12
850
944
354
247
893
1301
953
531
692
1171
1468
1590
1672
1508
1070
921
1475
2221
2291
1604
949
885
1220
1538
1641
1448
883
217
9
335
599
331
-220
-624
-865
-1054
-1165
-1195
-1308
-1545
-1736
-1905
-2268
-2681
-2653
-2123
-1795
-2214
-2944
-3146
-2703
-2247
-2077
-1932
-1767
-1892
-2223
-2034
-1141
-391
-402
-653
-427
4
79
144
752
1442
1454
1031
982
1354
1577
1651
1961
2303
2160
1640
1416
1742
2217
2471
2435
2107
1592
1341
1683
2211
2245
1736
1265
1085
972
827
832
913
625
-86
-604
-545
-389
-712
-1250
-1344
-1103
-1288
-2032
-2470
-2075
-1569
-1737
-2255
-2404
-2283
-2444
-2665
-2268
-1555
-1592
-2449
-2872
-2203
-1347
-1259
-1559
-1423
-1018
-949
-1024
-617
114
461
391
536
997
1238
1193
1516
2339
2810
2451
2000
2269
2899
3067
2858
2867
3001
2749
2269
2233
2589
2623
2195
1853
1769
1570
1178
1025
1205
1190
764
317
132
3
-224
-289
-174
-323
-904
-1461
-1532
-1332
-1366
-1674
-1902
-2005
-2226
-2552
-2624
-2337
-2099
-2204
-2431
-2523
-2520
-2442
-2129
-1660
-1478
-1731
-1966
-1792
-1382
-1096
-967
-782
-657
-820
-1042
-881
-305
165
110
-214
-292
-70
203
436
761
1144
1164
838
790
1337
2091
2382
2253
2217
2329
2415
2564
2911
3244
3164
2814
2712
2821
2718
2403
2318
2547
2471
1774
1022
800
952
998
708
144
-540
-1058
-1140
-1005
-1104
-1534
-2024
-2396
-2681
-2754
-2489
-2272
-2594
-3245
-3462
-2972
-2466
-2536
-2838
-2719
-2311
-2216
-2365
-2159
-1541
-1186
-1358
-1445
-1067
-676
-655
-569
-17
466
311
-17
243
910
1247
1212
1371
1683
1589
1285
1587
2429
2727
2141
1703
2155
2727
2503
1991
2143
2676
2549
1792
1514
1961
2121
1521
984
1104
1199
657
45
68
310
-11
-656
-866
-745
-906
-1287
-1325
-1046
-1104
-1571
-1789
-1492
-1197
-1302
-1486
-1381
-1227
-1384
-1566
-1309
-835
-762
-1120
-1303
-1039
-737
-682
-615
-384
-301
-533
-635
-253
195
189
-55
1
263
231
14
129
522
640
410
278
356
389
379
617
952
882
511
473
866
1098
968
930
1212
1331
982
702
950
1311
1166
681
476
576
481
110
-96
-24
-125
-586
-952
-914
-831
-1079
-1449
-1494
-1294
-1298
-1575
-1755
-1643
-1447
-1346
-1269
-1178
-1177
-1224
-1077
-680
-332
-252
-279
-184
41
303
592
846
922
840
908
1268
1598
1599
1403
1380
1573
1722
1706
1584
1404
1232
1227
1359
1285
883
538
614
777
496
-2
-137
33
-67
-494
-706
-584
-659
-1113
-1369
-1085
-867
-1245
-1755
-1695
-1246
-1136
-1437
-1559
-1323
-1172
-1279
-1236
-836
-522
-656
-881
-667
-178
46
-34
17
310
455
324
324
686
1013
931
709
785
1023
1067
1011
1117
1286
1211
1004
1038
1283
1361
1252
1263
1338
1220
1029
1102
1369
1387
1070
830
816
790
611
467
449
307
-90
-489
-646
-667
-748
-967
-1266
-1573
-1846
-1970
-1884
-1799
-1943
-2268
-2467
-2309
-2027
-2025
-2139
-1994
-1673
-1560
-1673
-1568
-1127
-767
-711
-670
-396
-163
-111
-18
290
607
671
616
691
913
1061
1070
1106
1246
1363
1336
1251
1271
1437
1514
1420
1384
1465
1497
1374
1262
1328
1427
1322
1123
1075
1103
1016
811
683
679
613
432
266
167
32
-158
-286
-311
-378
-580
-797
-918
-939
-973
-1102
-1206
-1244
-1348
-1492
-1529
-1421
-1334
-1420
-1525
-1459
-1315
-1215
-1094
-947
-863
-811
-656
-376
-167
-98
-9
196
381
469
577
766
888
890
937
1116
1228
1133
1017
1112
1327
1397
1248
1040
994
1109
1223
1216
1086
920
799
754
786
865
854
646
342
195
289
406
317
25
-248
-350
-377
-443
-602
-806
-994
-1165
-1323
-1429
-1511
-1664
-1838
-1896
-1833
-1812
-1962
-2152
-2098
-1784
-1540
-1587
-1736
-1686
-1412
-1127
-963
-811
-625
-543
-531
-342
77
412
401
318
530
923
1091
965
961
1263
1554
1543
1377
1376
1562
1729
1767
1733
1683
1623
1633
1729
1783
1721
1625
1632
1676
1611
1462
1396
1446
1448
1329
1156
1032
935
788
635
549
456
242
-109
-428
-535
-526
-672
-1069
-1460
-1605
-1612
-1718
-1956
-2172
-2292
-2377
-2459
-2459
-2419
-2450
-2507
-2451
-2263
-2099
-2043
-1985
-1790
-1509
-1234
-1003
-870
-784
-581
-152
338
559
528
611
982
1389
1592
1708
1924
2113
2089
2018
2158
2424
2477
2206
1941
1910
1875
1630
1354
1275
1283
1027
525
169
146
217
120
-114
-354
-573
-761
-770
-597
-488
-629
-922
-1059
-967
-834
-773
-763
-759
-816
-922
-948
-845
-689
-616
-668
-723
-743
-772
-760
-635
-428
-346
-510
-726
-718
-470
-252
-222
-332
-443
-452
-385
-277
-140
-93
-151
-223
-226
-98
62
155
172
157
206
284
347
444
590
729
761
707
732
878
994
1039
1099
1183
1182
1034
931
1060
1251
1215
977
796
745
720
645
627
647
469
104
-106
44
256
105
-257
-429
-347
-300
-434
-487
-374
-385
-614
-741
-574
-418
-546
-767
-731
-514
-513
-763
-888
-765
-584
-584
-732
-826
-825
-788
-723
-634
-598
-634
-655
-602
-500
-413
-332
-249
-200
-174
-84
63
158
145
135
267
449
511
449
413
510
615
635
660
713
696
604
554
632
739
677
508
425
454
460
383
316
280
222
105
31
70
88
-36
-197
-209
-98
-66
-193
-347
-379
-316
-242
-223
-260
-351
-428
-398
-269
-142
-143
-264
-344
-284
-142
-47
-71
-140
-176
-156
-86
-42
-32
-44
-59
-53
-26
5
14
32
53
54
43
62
100
119
117
116
158
191
184
159
163
204
238
243
204
168
163
183
188
163
143
109
58
31
50
95
73
-18
-80
-51
14
16
-48
-85
-52
-54
-88
-62
-2
12
-62
-125
-65
33
22
-59
-77
-28
-41
-119
-128
-43
-12
-109
-209
-196
-127
-135
-183
-180
-149
-179
-266
-293
-210
-129
-149
-199
-225
-220
-201
-182
-136
-102
-129
-170
-132
-47
1
-13
-37
-4
48
71
89
119
129
124
141
194
238
230
219
250
281
274
245
263
329
341
300
265
281
296
259
244
285
304
209
90
88
181
208
100
6
37
93
55
-8
-17
14
0
-64
-59
9
-2
-122
-192
-114
-6
-45
-188
-267
-230
-168
-170
-203
-240
-284
-309
-298
-244
-216
-264
-327
-314
-234
-185
-191
-205
-171
-131
-107
-86
-50
-9
-11
-8
30
73
42
11
87
191
195
77
22
127
256
230
106
95
204
252
177
93
109
175
170
107
85
76
23
-38
-26
33
22
-78
-149
-118
-57
-51
-71
-61
-24
-9
-3
44
89
109
133
190
223
181
145
174
234
253
199
147
103
43
18
34
64
24
-79
-135
-142
-149
-164
-136
-100
-150
-267
-332
-267
-171
-194
-305
-353
-312
-284
-319
-355
-324
-265
-276
-309
-295
-237
-199
-191
-155
-71
-21
-51
-62
31
172
220
179
165
267
387
405
380
400
476
512
469
459
510
535
499
458
450
473
453
393
383
405
404
344
257
231
254
255
201
118
59
22
-25
-80
-118
-147
-229
-339
-405
-399
-405
-490
-586
-598
-574
-603
-675
-700
-645
-632
-694
-730
-650
-554
-568
-614
-588
-478
-416
-441
-415
-287
-192
-206
-218
-120
12
37
19
91
204
212
139
173
344
444
366
295
387
512
508
450
503
609
615
554
584
697
707
628
621
711
751
646
573
626
641
561
483
473
464
356
226
197
207
114
-51
-132
-130
-179
-315
-435
-449
-452
-530
-646
-698
-665
-678
-745
-800
-767
-718
-728
-746
-731
-670
-629
-616
-574
-541
-507
-441
-384
-336
-311
-277
-184
-100
-73
-58
39
158
177
167
245
391
441
374
392
505
588
573
544
622
681
637
588
654
770
729
589
574
711
773
652
540
575
647
615
479
430
453
388
267
177
144
63
-89
-197
-230
-294
-454
-618
-672
-684
-749
-858
-950
-1001
-1023
-1017
-999
-987
-1039
-1099
-1042
-899
-811
-820
-837
-748
-606
-500
-408
-326
-282
-225
-102
72
179
171
214
378
531
574
564
641
800
876
863
873
905
931
958
1022
1071
978
846
834
930
954
816
666
632
648
566
416
347
348
293
140
-1
-40
-41
-87
-180
-287
-397
-477
-484
-446
-464
-594
-741
-772
-697
-648
-691
-758
-786
-789
-774
-756
-721
-699
-720
-749
-742
-672
-607
-605
-620
-562
-441
-366
-378
-391
-252
-46
44
40
49
153
305
407
493
604
668
670
673
761
906
988
950
867
838
897
969
949
869
811
786
758
691
620
576
511
404
302
226
164
82
-36
-119
-175
-241
-335
-439
-485
-511
-562
-614
-645
-674
-696
-680
-654
-642
-638
-633
-576
-518
-508
-493
-449
-390
-361
-356
-328
-277
-242
-212
-189
-174
-155
-139
-86
-23
-3
-5
11
63
131
173
205
244
257
272
330
382
409
406
402
420
439
428
415
428
402
350
312
291
267
219
180
162
136
86
28
9
12
-12
-60
-88
-78
-82
-125
-152
-129
-118
-151
-187
-176
-139
-152
-208
-228
-182
-143
-166
-200
-187
-157
-143
-148
-149
-140
-139
-129
-100
-81
-82
-92
-64
-42
-52
-58
-40
-1
7
-16
-24
2
33
44
37
40
63
69
66
79
97
112
105
104
121
127
131
137
134
139
134
117
117
122
130
122
110
105
112
113
87
70
67
63
55
31
9
7
-4
-12
-17
-27
-30
-37
-42
-25
-17
-23
-25
-15
-15
-28
-37
-23
-2
-13
-40
-45
-28
-20
-37
-58
-57
-48
-62
-69
-57
-52
-54
-63
-76
-70
-66
-83
-88
-87
-76
-69
-73
-71
-67
-69
-75
-74
-68
-59
-79
-84
-69
-64
-66
-77
-76
-63
-43
-29
-22
-17
-18
-11
0
20
34
28
21
32
53
62
67
59
59
72
72
73
67
73
72
69
63
62
70
69
74
76
74
77
71
61
69
76
74
72
69
65
72
76
64
60
66
68
50
38
47
41
11
-12
-5
8
-1
-33
-48
-32
-39
-60
-69
-69
-53
-76
-92
-76
-70
-65
-83
-91
-62
-39
-52
-58
-53
-45
-41
-55
-62
-62
-54
-36
-32
-23
-14
-16
-15
6
20
27
22
18
36
44
40
35
42
45
42
43
43
51
43
41
52
55
61
64
59
61
57
53
53
40
30
17
11
17
10
-10
-18
-14
-18
-27
-37
-44
-47
-46
-47
-48
-53
-82
-97
-87
-71
-55
-75
-88
-84
-80
-65
-45
-45
-58
-64
-60
-47
-30
-24
-14
-4
-1
4
2
-5
16
34
30
36
36
44
49
46
65
75
75
63
69
83
98
100
95
95
89
89
88
91
98
96
81
76
85
80
60
41
35
40
35
20
3
-3
-2
-17
-34
-40
-47
-51
-58
-70
-65
-62
-77
-91
-100
-92
-81
-86
-85
-82
-82
-68
-76
-78
-69
-75
-82
-87
-79
-67
-59
-66
-60
-43
-40
-35
-24
-22
-17
-16
-14
7
20
18
16
26
42
40
39
43
45
53
59
52
53
64
62
66
75
76
74
62
64
79
73
61
52
49
60
58
50
34
29
28
12
11
5
1
-9
-11
-15
-24
-30
-50
-54
-66
-70
-64
-75
-76
-72
-76
-80
-85
-73
-61
-58
-60
-66
-63
-57
-56
-50
-44
-40
-29
-20
-13
7
14
18
27
37
46
42
45
59
67
62
57
61
60
59
61
71
78
82
74
75
88
83
69
58
62
62
51
42
39
33
19
10
21
26
18
9
-8
-8
-6
-12
-24
-40
-44
-49
-53
-48
-44
-49
-60
-67
-65
-73
-80
-76
-79
-78
-83
-79
-74
-81
-78
-76
-66
-60
-63
-67
-57
-40
-35
-31
-31
-30
-21
-10
-1
3
-5
9
21
24
43
40
41
42
42
45
54
59
55
57
50
49
53
55
52
37
36
39
42
42
36
34
41
36
35
40
24
14
4
9
14
5
-6
-5
7
0
-5
-14
-14
-15
-9
-10
-15
-12
-22
-13
-13
-11
-9
-18
-14
-16
-10
-3
-5
-17
-17
-8
-5
-6
-24
-27
-29
-34
-34
-30
-23
-29
-17
-3
6
0
-20
-21
1
21
16
12
16
22
17
7
19
32
33
29
28
40
39
34
35
48
49
40
37
28
31
21
19
23
-3
-16
-25
-33
-26
-25
-30
-36
-44
-47
-48
-46
-44
-44
-48
-55
-49
-41
-52
-52
-47
-46
-41
-42
-40
-40
-27
-24
-22
-8
-16
-20
-18
-4
7
2
-8
-4
0
2
12
27
26
11
20
33
40
40
30
25
27
22
18
22
28
35
27
27
41
46
37
35
44
48
45
37
43
39
39
38
37
45
33
19
13
19
19
4
-9
-2
2
-8
-14
-16
-12
-13
-20
-28
-28
-34
-40
-42
-26
-11
-15
-22
-30
-25
-22
-24
-26
-27
-27
-16
-9
-13
-11
-19
-12
-6
-13
-13
-13
-4
-8
-14
-3
2
3
0
1
-13
-20
-23
-23
-20
-15
-15
-18
-15
-28
-15
-7
-7
-6
-13
-13
-9
-10
-5
11
5
5
11
-1
4
15
21
27
25
19
19
24
32
39
27
21
24
20
26
25
22
28
25
16
20
21
13
4
7
11
10
6
0
5
3
3
-1
-19
-6
13
12
-1
-1
10
1
-6
-10
-17
-19
-23
-33
-33
-32
-43
-55
-57
-42
-35
-38
-27
-17
-19
-20
-15
-9
-13
-11
-7
-12
-4
0
-5
-1
2
-1
7
26
30
23
26
27
25
24
26
28
27
23
15
22
33
32
31
29
23
26
31
29
28
31
28
23
17
15
18
13
6
8
9
8
1
0
0
-1
-10
-18
-22
-28
-28
-23
-22
-42
-49
-52
-47
-44
-47
-42
-54
-58
-53
-46
-45
-49
-49
-50
-41
-42
-45
-42
-36
-16
-7
-10
2
5
9
17
17
29
26
22
30
33
39
50
54
45
39
41
49
51
48
42
41
52
58
53
48
48
54
51
42
38
29
25
22
24
23
20
13
0
2
6
0
-11
-24
-26
-19
-31
-35
-35
-48
-53
-57
-54
-54
-66
-65
-66
-61
-55
-59
-54
-50
-44
-46
-52
-46
-43
-37
-29
-34
-37
-24
-19
-13
-15
-6
13
14
19
25
33
32
38
46
43
49
57
62
56
50
52
54
57
55
55
66
61
59
61
57
56
41
33
38
29
9
6
-1
-15
-12
-18
-24
-20
-26
-33
-36
-48
-50
-49
-54
-46
-41
-34
-27
-35
-50
-39
-38
-51
-43
-38
-37
-40
-49
-37
-25
-23
-23
-29
-18
-5
-3
-12
-6
6
1
-9
-5
7
19
23
11
12
28
32
33
34
46
47
38
47
45
51
54
52
60
51
46
42
40
51
51
41
44
49
38
29
20
17
3
-14
-22
-23
-27
-29
-37
-37
-34
-41
-34
-47
-56
-55
-58
-60
-54
-42
-47
-44
-41
-47
-45
-50
-53
-53
-48
-45
-33
-21
-18
-14
-10
-15
-18
-15
-4
-9
-4
8
6
8
13
15
25
27
17
19
24
34
38
33
32
34
45
57
52
55
54
42
52
58
53
52
53
47
36
35
31
18
10
8
-1
-7
-6
-2
-2
-6
-8
-14
-7
-7
-10
-11
-22
-27
-25
-33
-46
-44
-45
-47
-46
-42
-38
-30
-25
-20
-13
-13
-14
-12
-18
-20
-15
-14
-7
-4
-1
9
10
5
3
2
5
12
15
13
12
18
20
20
15
1
0
1
3
2
9
11
13
17
12
21
20
0
-6
4
-1
4
6
4
6
-1
-5
-3
-6
-9
-8
-13
-11
-10
-10
-17
-15
-9
-17
-20
-18
-26
-30
-21
-13
-18
-23
-22
-15
-14
-10
-11
-9
1
3
6
-2
-4
-8
-12
4
4
2
8
6
12
18
14
17
24
23
25
28
36
38
29
33
33
28
29
20
17
16
18
14
6
20
24
25
26
23
25
17
15
9
6
-1
-9
5
12
16
2
-9
-11
-18
-27
-39
-32
-36
-41
-46
-39
-35
-39
-34
-31
-26
-28
-27
-23
-10
-1
-8
-13
-13
-4
-5
-9
-9
-5
-4
-3
9
13
15
14
10
8
11
10
-6
-8
-7
-8
-8
-9
-12
-13
-9
-4
-11
-13
-7
-12
-2
0
-6
-10
-14
-9
-4
2
7
1
6
17
13
13
23
21
15
17
20
17
14
16
10
9
21
31
32
19
21
22
21
31
28
35
31
20
22
10
-1
-10
-14
-15
-13
-12
-8
-10
-4
-6
-9
1
-4
-13
-8
-5
-16
-12
-5
-13
-6
-20
-20
-16
-14
-6
-13
-17
-10
-5
-16
-14
-17
-15
-19
-21
-11
-17
-14
-16
-13
-2
1
4
-13
-6
5
-2
3
4
4
0
-4
3
1
-3
2
8
10
11
13
11
16
23
16
19
21
25
30
29
26
29
24
10
6
0
-3
-4
-1
1
-6
-5
3
2
-1
-8
-10
-7
-12
-20
-24
-23
-18
-18
-28
-27
-25
-24
-28
-21
-11
-12
-6
1
6
6
-5
-9
-7
-6
-5
-5
-9
-2
1
5
10
10
14
16
17
11
2
4
9
12
3
-2
1
10
27
32
25
13
23
29
23
30
21
12
19
25
20
14
10
7
2
5
3
-1
16
18
6
8
12
13
2
-6
-5
-2
-7
-22
-21
-30
-29
-22
-21
-20
-29
-25
-26
-28
-27
-34
-34
-35
-32
-36
-45
-36
-30
-29
-29
-36
-26
-29
-28
-19
-23
-13
-17
-8
4
8
14
8
15
15
6
13
15
23
23
29
37
32
29
38
44
36
36
43
46
44
42
43
44
41
34
30
30
28
32
22
11
9
8
5
0
0
-4
-12
-12
-14
-19
-21
-28
-25
-29
-31
-28
-36
-33
-24
-23
-15
-16
-20
-26
-38
-35
-41
-38
-34
-28
-25
-25
-17
-18
-15
-5
-11
-10
-2
-2
0
-3
10
15
8
8
10
9
12
21
22
24
33
33
32
34
34
38
34
31
36
25
31
32
21
27
23
24
22
13
1
0
7
0
-3
-10
-11
-6
-13
-14
-15
-21
-19
-11
-13
-11
-14
-25
-16
-21
-38
-39
-36
-36
-33
-28
-31
-37
-33
-35
-39
-38
-34
-28
-29
-24
-32
-30
-28
-28
-18
-19
-18
-17
-15
-9
1
15
24
26
31
29
41
44
38
44
49
48
45
53
51
58
57
58
59
49
48
34
35
43
36
36
34
30
32
30
17
10
6
1
-6
-4
-2
-19
-25
-26
-25
-19
-15
-23
-39
-31
-28
-39
-41
-49
-51
-53
-43
-39
-43
-39
-44
-40
-36
-33
-29
-39
-32
-10
-2
-5
-8
1
14
8
7
16
6
7
6
9
26
25
23
28
33
31
35
22
26
39
26
26
28
21
18
9
10
18
6
2
-5
-15
-19
-11
-10
-14
-9
-17
-14
-11
-6
-10
-21
-31
-32
-31
-30
-25
-28
-23
-24
-17
-12
-4
-6
-15
-5
-11
-14
-3
-3
-5
-3
1
10
4
2
5
3
19
19
11
15
15
21
17
21
29
18
11
19
27
27
27
19
18
29
34
28
21
23
30
35
29
16
14
14
12
15
11
7
2
-6
-10
-3
4
-9
-12
-8
-8
-12
-7
-7
-18
-15
-19
-19
-28
-34
-25
-30
-33
-25
-19
-29
-35
-37
-37
-28
-30
-33
-39
-25
-10
-4
3
1
13
5
9
14
5
-6
-19
-3
-5
-9
0
-8
0
17
18
21
29
29
25
18
16
25
23
10
9
11
9
8
-2
-1
2
1
11
6
10
12
2
10
1
-1
-9
-22
-20
-25
-20
-21
-26
-24
-29
-24
-9
-3
0
2
2
6
4
2
0
6
9
2
5
1
3
7
9
13
12
10
18
20
21
33
38
36
36
23
15
15
-1
-5
9
15
15
15
18
15
4
7
2
-8
-14
-16
-6
-2
3
-4
-15
-12
-5
-10
-15
-21
-25
-20
-24
-26
-23
-23
-28
-31
-23
-22
-27
-20
-16
-12
-5
0
-2
-5
0
-3
-8
-14
-12
1
-1
6
4
7
18
14
13
22
11
22
39
26
32
26
16
15
0
-3
0
6
12
-3
-1
12
0
2
0
-8
1
2
-2
9
4
-12
-9
-5
-13
-16
-32
-32
-25
-40
-34
-30
-35
-24
-6
5
18
23
11
10
-2
-7
-6
-31
-32
-28
-37
-33
-17
-4
8
19
29
39
38
35
43
43
40
42
25
24
28
28
32
27
30
31
17
30
34
25
27
24
30
23
15
7
-2
-6
-6
-4
-10
-6
-9
-25
-27
-34
-42
-41
-46
-55
-56
-48
-39
-28
-22
-26
-24
-15
-28
-44
-40
-33
-34
-32
-30
-24
-14
-14
-5
-4
-2
3
-7
1
7
7
12
12
20
26
27
31
22
29
36
37
40
36
33
33
34
35
46
47
37
33
28
33
34
19
17
13
15
16
11
14
13
6
1
1
-4
-10
-9
-3
-15
-23
-33
-43
-45
-53
-53
-50
-45
-50
-47
-34
-48
-45
-37
-39
-40
-41
-34
-26
-30
-33
-36
-35
-15
-14
-18
-4
-6
-7
2
11
12
14
26
35
41
41
62
63
53
65
59
63
54
37
39
34
29
26
26
28
27
30
36
46
37
29
33
13
7
14
1
-9
-14
-15
-12
-17
-13
-20
-30
-18
-27
-31
-24
-29
-28
-25
-30
-32
-30
-20
-28
-39
-28
-29
-29
-24
-30
-26
-24
-30
-34
-36
-23
-18
-11
-4
-5
2
6
6
17
20
5
7
8
-4
0
-6
-12
-7
-4
7
14
14
15
23
21
26
35
27
24
14
28
34
22
18
27
19
15
16
-1
2
-1
-5
1
1
-3
5
5
5
7
8
7
10
7
5
10
4
12
0
-10
-1
-1
-9
-12
-17
-22
-18
-29
-23
-22
-21
-11
-10
-3
1
-5
2
8
-1
2
-4
1
6
2
0
2
-2
-7
-12
-16
-10
-1
4
0
-3
1
7
3
2
0
-7
-11
-15
-13
-13
-13
-13
-16
-10
-8
-8
-9
-6
-3
-1
8
9
13
20
19
18
13
3
14
13
9
17
9
15
11
-4
3
-2
4
4
-5
-13
-7
-2
2
15
18
20
14
17
17
20
13
10
18
-2
4
6
-5
-1
-9
-10
-11
-14
-7
-11
1
13
9
7
4
5
-2
-3
-4
-16
-15
-18
-16
-6
-12
-7
-15
-19
-16
-20
-24
-21
-11
-18
-11
-5
-9
-7
-11
-10
-2
6
9
3
-1
13
21
11
21
14
4
8
5
10
6
-5
-6
-4
-1
1
7
4
-11
-4
5
-7
-3
1
6
9
-1
1
1
-3
-1
-1
6
-2
-8
0
1
0
5
0
-1
-2
-3
8
9
16
15
7
18
2
-2
12
6
11
12
0
2
13
5
7
18
17
14
17
17
1
-5
-5
-13
-9
-4
-6
-4
-6
-19
-25
-18
-25
-22
-17
-23
-13
-7
-9
0
-1
-10
-12
-2
6
2
-4
-2
2
1
2
2
-8
-6
-3
-7
2
-5
-1
9
1
8
0
4
21
0
-4
2
-3
7
-5
-6
-4
-14
3
0
3
8
18
29
20
24
26
21
16
16
9
7
3
-1
2
5
11
4
4
3
3
8
-6
-8
-2
-14
-19
-12
-14
-11
-15
-16
-9
-18
-12
-8
-14
-10
-4
-10
-14
-8
-14
-11
-19
-17
-4
