SAMPLES:
16248
BITSPERSAMPLE:
16
CHANNELS:
1
SAMPLERATE:
16000
NORMALIZED:
FALSE
-3
-2
11
6
7
20
20
13
15
15
19
15
15
30
18
19
18
14
10
1
11
8
4
15
10
11
26
17
3
11
4
-14
-8
-2
-6
-5
0
2
0
-3
-1
-12
-6
-4
-7
-3
-5
1
4
1
2
8
2
1
-2
-5
-7
-10
-2
-1
-9
-11
-5
2
4
4
6
-3
2
3
0
-4
-8
1
-5
-9
-7
-11
-9
-4
3
2
3
1
-1
2
-3
-1
-9
1
7
-6
1
-4
-3
-10
-14
-9
-11
-13
-8
2
14
12
11
11
7
4
-4
-3
3
1
3
4
-4
-1
-1
-3
7
4
8
25
16
6
2
0
0
7
4
-4
3
2
2
6
3
-2
-1
-3
4
9
-6
0
7
6
2
-1
1
-2
-8
-12
-10
-6
-5
-9
-8
-5
-12
-11
-5
-3
8
6
5
10
7
17
8
-1
-6
-20
-18
-21
-17
-18
-22
-7
-6
2
7
6
5
-3
-1
-3
-3
-10
-7
9
9
8
-1
6
8
7
3
10
12
-1
2
2
4
3
-3
1
6
3
8
12
4
3
4
0
1
12
5
0
7
4
8
7
1
-1
-8
-8
2
6
10
13
10
14
7
-3
2
-11
-13
-3
-8
0
1
3
1
-11
-10
-4
-5
2
1
1
9
2
0
5
7
2
-7
-4
-3
0
3
8
4
-7
-8
-10
-14
-8
-17
-16
-4
-14
-6
-1
-6
-6
1
3
2
1
-4
8
11
2
5
7
-2
-7
-6
-5
-9
-11
-4
-4
-1
-4
-5
1
-1
1
-1
-8
-1
-3
-8
-4
-7
-7
-8
-8
-1
0
-3
2
2
-4
6
8
3
7
1
4
8
5
15
11
9
15
16
14
11
5
9
25
23
15
11
16
12
15
8
2
16
9
5
6
9
0
-13
-11
-24
-27
-23
-18
-12
-5
5
-6
-9
-5
-1
-7
-8
-13
-23
-13
-19
-16
-14
-16
-11
-15
-19
-9
-13
-18
-4
-3
3
1
5
0
2
5
5
17
2
18
17
6
9
9
15
18
23
13
13
17
6
13
20
5
10
20
17
28
25
13
12
2
-1
-3
-10
-10
-12
-19
-11
-7
0
11
0
-2
6
-4
-11
-15
-7
-5
-17
-19
-25
-17
-8
-8
-10
-10
-16
-18
-11
-11
5
8
2
6
7
0
-2
0
-7
-1
-2
-5
-11
-14
-13
-17
-10
-5
-7
2
4
4
10
10
4
-7
-7
-4
-11
-18
-8
-1
-1
0
12
20
9
6
-6
-11
-12
-7
7
2
7
11
13
16
5
10
12
5
10
18
11
2
-2
8
13
1
14
1
-2
8
8
19
17
29
21
16
24
8
9
9
3
6
1
-5
5
-4
1
15
4
11
14
5
5
4
2
-9
-6
0
-3
4
6
1
3
4
-4
4
-4
-14
-15
-20
-18
-23
-21
-20
-15
-22
-29
-21
-23
-27
-23
-17
-16
-15
-12
-17
-15
-16
-16
-16
-20
-23
-21
-12
-10
-12
-10
-3
-4
-8
-7
-10
-7
-5
-1
8
13
10
7
8
12
10
8
13
13
11
13
21
24
29
33
25
21
28
31
25
26
23
13
16
15
10
12
7
12
11
2
14
27
13
11
8
-2
9
-7
-14
-6
-9
-4
-4
3
9
-4
-7
-14
-19
-17
-16
-19
-21
-18
-14
-14
-26
-20
-15
-14
-7
-7
-10
-8
-1
-9
-2
-3
-7
0
-11
-11
-7
-16
-13
0
2
1
21
22
16
22
20
22
14
8
19
19
7
1
4
21
18
4
2
0
-6
-3
-2
-9
-6
5
-1
-9
-3
-8
-22
-21
-18
-18
-11
-6
-17
-8
2
-5
7
-2
-4
2
-11
-11
-16
-8
-14
-21
-9
-10
-8
1
2
2
2
2
12
13
11
22
24
17
12
22
6
4
12
-3
0
6
-6
-4
13
3
0
7
6
12
9
3
2
-4
-11
-10
-7
1
4
7
16
8
6
1
-6
-2
-13
-25
-9
-7
-11
-3
-13
-12
4
5
2
9
-3
-2
6
-2
4
1
-2
3
-2
-3
-4
-3
10
5
2
0
-5
2
9
20
24
30
15
4
7
-5
-2
-5
-7
-3
-1
6
2
0
1
5
1
-13
-3
-2
0
12
8
10
9
5
9
6
-10
-10
-5
-7
-12
-17
-18
-19
-24
-20
-13
-10
-6
-6
-4
-7
-15
-17
-17
-12
-1
3
-10
3
17
6
9
1
1
-1
-10
-11
-9
3
-7
4
13
11
16
16
8
1
8
8
3
3
3
2
-3
-5
-2
-7
1
7
14
21
9
23
22
14
21
9
-1
-5
-9
-5
-8
-11
-9
-9
-7
-11
-7
-2
-7
-10
-1
13
5
8
18
9
13
16
11
4
1
6
-6
-9
-14
-20
-11
-8
-12
-14
-5
-3
0
7
0
4
-1
-5
-12
-14
-1
-10
-8
-7
-8
2
13
11
-1
6
-5
-16
2
-4
-2
9
10
10
6
-1
0
4
-2
6
8
11
19
2
-5
-4
3
2
-6
-3
-3
-4
3
1
5
13
15
18
12
12
-3
0
9
-5
-3
-2
-3
-2
-10
-7
1
2
-2
-6
-6
5
6
-7
2
6
-4
4
4
-5
-3
-16
-14
-8
-2
-4
-8
-5
-9
-3
-5
3
0
3
-3
-5
-5
-12
-6
-14
-5
-2
-5
0
2
-6
-4
5
-5
-7
-12
-18
-11
-4
-10
-13
-13
-10
0
-11
5
14
-1
7
8
15
17
9
13
11
4
12
22
15
6
10
14
10
21
10
2
15
17
21
16
14
13
9
14
25
23
10
16
4
1
8
2
-2
1
1
2
-1
-11
-12
-5
-1
-6
-2
-6
-3
-8
-23
-17
-17
-19
-10
-27
-24
-14
-15
-3
-18
-15
-4
-10
-18
-17
-13
-15
-17
-11
-4
-3
2
6
1
-5
-18
-16
-2
-11
-9
5
3
8
9
8
5
10
9
0
7
-3
7
8
6
15
4
7
15
4
9
11
7
17
16
14
3
-5
-2
1
-1
-7
-8
-8
-5
6
2
-7
2
16
23
14
5
19
18
4
4
2
2
-2
-12
-6
0
-7
-12
-7
-5
-6
0
-4
0
0
2
6
7
13
12
17
1
1
1
-5
-1
-4
2
-11
-9
-4
-13
-10
-1
-3
-2
-8
-8
-10
-2
9
-10
-3
5
-8
-4
-2
-8
9
11
0
-2
-1
1
-7
-11
2
1
-8
-1
11
1
-2
-5
-10
-5
-10
-8
-12
-14
2
2
-1
4
4
6
8
5
4
6
9
9
8
12
16
11
14
12
1
-2
-1
0
-7
-1
2
-1
4
18
10
-4
-4
-1
1
-7
-2
-8
-8
-3
-9
-9
-5
-1
-3
-16
-18
-3
-6
-11
-9
-11
-4
2
4
6
-1
-2
5
1
0
3
2
-2
2
9
8
4
6
13
-4
-11
2
-5
-2
1
-3
4
7
7
10
9
11
6
11
13
6
18
12
-1
-5
-7
-9
-6
-6
-1
0
-5
-8
0
5
8
16
7
3
-1
-4
-5
-7
-2
-13
-18
-9
-2
-9
-12
7
8
7
5
-1
4
-2
-6
-1
2
4
11
-1
-3
-4
-2
-4
-12
-9
-7
-9
-15
-11
-12
-7
-6
-11
0
0
-1
10
5
13
8
-4
9
13
12
9
15
6
-3
-1
-16
-16
-13
-16
-3
-7
-4
1
3
8
12
11
3
2
4
7
6
5
11
13
7
11
15
14
3
-1
3
4
4
-4
-1
1
3
1
4
-6
-6
4
-2
-7
-19
-17
-13
-12
9
4
1
9
7
2
-2
-8
-18
-22
-15
-13
-15
3
1
-5
-7
-8
2
5
10
6
-4
-12
-20
-9
-3
2
1
-7
3
12
10
-2
2
8
3
9
14
3
5
14
2
6
4
-4
12
13
10
16
4
-1
5
1
3
2
4
6
7
15
11
17
12
3
-1
-10
1
-6
-2
12
7
8
1
-5
-11
-20
-24
-21
-14
-11
-9
-8
-13
-9
-8
-15
-4
0
-5
-1
0
7
7
3
0
-15
-16
-12
-28
-30
-25
-21
-13
-17
-12
3
0
3
17
12
7
5
14
19
15
13
9
14
12
5
3
1
1
4
18
12
14
26
22
27
22
14
22
10
10
12
0
9
7
7
4
5
10
11
6
2
1
-8
-13
-8
-6
-10
-6
-8
-7
-7
-2
-2
-13
-15
-12
-12
-19
-21
-23
-16
-22
-20
-14
-21
-17
-11
-10
-8
-7
6
5
0
4
-13
-11
-9
-17
-3
-8
-23
-15
-8
-3
-2
-8
7
11
5
6
9
20
17
17
22
19
23
12
6
22
12
-1
5
-4
-1
1
0
10
16
22
7
4
10
5
4
3
10
1
0
13
15
11
15
18
8
2
0
2
-6
0
5
2
12
1
3
11
16
12
8
10
0
1
5
8
-6
-9
-9
-16
-10
-17
-26
-17
-23
-19
-8
-15
-13
-19
-19
-22
-20
-12
-24
-31
-27
-23
-19
-36
-33
-29
-35
-13
-8
-8
-3
-3
2
3
13
15
24
15
9
17
13
20
16
4
-1
4
4
12
8
4
17
18
20
29
24
16
20
15
10
9
4
11
12
10
16
12
10
17
16
16
9
17
19
4
12
8
4
3
-3
-4
2
3
0
2
12
8
-9
-10
-11
-8
-9
-6
-9
-6
0
-7
-3
-10
-11
-20
-27
-19
-13
-10
-9
-12
-9
-3
-16
-25
-23
-25
-19
-22
-20
-5
-3
0
1
3
-4
-16
-14
-25
-27
-17
-21
-19
-10
-8
-5
-1
6
11
8
3
9
11
11
20
13
9
13
15
14
5
4
12
15
10
12
15
25
25
34
34
24
16
7
10
9
15
14
4
3
3
5
8
3
15
14
4
8
4
3
2
-8
-13
-5
1
1
3
0
2
-1
-4
-6
6
0
-5
-6
-12
-2
-11
-6
-12
-24
-23
-26
-13
-17
-21
-14
-7
-11
-14
2
0
-12
-11
-6
-18
-16
-19
-28
-16
-17
-15
-10
-7
-9
-3
6
0
1
-5
4
2
4
14
7
9
0
4
14
3
0
-2
-1
-2
1
16
13
24
33
23
25
25
23
21
23
26
18
5
-1
5
0
-8
0
2
6
-4
-5
9
11
3
7
14
9
8
7
-5
2
2
-11
-2
-14
-16
-15
-21
-22
-21
-11
-5
-2
-5
-5
-7
-10
3
8
-1
1
2
-14
-19
-9
-17
-16
-9
-14
-15
-16
-15
-10
-8
2
3
-2
-2
-4
2
4
6
10
6
7
16
17
11
0
-6
-7
-7
-11
-13
-3
-7
-5
12
13
12
17
16
15
6
10
11
17
20
20
18
10
18
10
4
0
3
14
11
20
17
11
8
6
8
10
-1
1
6
-9
-4
-3
-11
-9
-4
-7
2
-7
-18
-16
-24
-24
-26
-26
-27
-24
-14
-16
-21
-20
-13
-6
-13
-11
-19
-17
-9
-13
-5
-13
-9
-7
-10
-15
-18
-13
-2
5
-6
2
10
13
22
7
10
16
16
26
21
6
5
5
-1
8
9
11
20
24
29
25
12
15
18
17
27
21
13
13
11
11
10
-3
5
-2
-7
5
-3
1
0
-9
0
-2
-1
6
-5
-7
0
8
4
-6
-5
1
1
-1
-8
-10
-6
-7
-2
0
-4
-8
-9
-14
-8
-12
-4
-4
-18
-17
-24
-18
-17
-13
-10
-19
-7
-15
-6
8
-3
5
13
12
10
4
-5
-3
3
-8
-9
-8
-12
-10
-4
2
-3
0
2
-13
-4
5
2
-1
3
-1
-10
8
9
-4
-3
2
3
3
-3
-6
-5
-7
-12
-18
-4
3
7
18
28
15
12
18
19
11
4
4
1
1
0
8
2
-6
6
11
10
21
14
6
17
15
22
23
9
24
9
6
18
4
9
4
-6
-5
-15
-8
-3
-5
6
5
-2
10
8
1
3
-5
-5
-12
-16
-19
-27
-31
-29
-26
-26
-24
-15
-7
-3
-13
-11
-12
-14
-10
-11
-9
-12
-8
-7
-9
-11
-7
-5
-7
0
6
11
20
17
4
6
5
1
12
9
7
17
11
-1
10
27
16
14
19
21
19
12
8
3
7
10
3
-4
-3
-5
-9
0
-4
-6
0
-8
-18
-3
-2
-6
-3
-4
-2
-13
-15
-26
-20
-10
-10
-9
-4
-6
-2
12
11
20
18
6
10
3
-5
6
2
-11
-2
-6
-14
-2
-7
-6
-6
8
9
2
10
8
15
21
24
17
10
13
9
-1
0
-7
-4
-9
-20
-8
5
8
4
6
17
4
-5
0
-9
-9
-9
-19
-19
-5
6
2
7
12
2
5
2
-10
-3
-10
-11
-16
-16
-3
-14
-13
3
-2
-4
-3
-7
-3
13
7
13
19
7
6
-1
7
0
-7
-9
-15
4
2
5
11
2
15
7
5
13
5
7
1
-4
-7
-11
-5
-5
-8
-6
-6
-2
3
3
6
4
4
2
6
9
9
13
7
5
7
-3
-6
-6
-14
-14
-19
-9
-3
-10
-12
-9
-2
0
-4
3
1
-16
-3
-6
-11
-9
-15
-11
0
12
12
13
4
-4
-5
-10
-1
4
-2
-1
2
-2
0
4
16
19
19
17
22
22
9
12
13
5
2
5
3
6
7
10
7
5
2
-11
-3
-11
-19
-16
-12
-5
-4
-3
-4
-4
-11
-5
3
-11
-6
3
-6
-14
-4
-3
-11
-4
8
-4
-12
4
6
0
4
1
2
9
9
6
1
7
6
-3
3
10
11
9
8
2
8
-1
-6
6
-3
-4
8
5
9
9
5
7
-9
-4
3
-17
-12
0
-2
-10
-5
-5
-15
-17
-17
-15
-6
-13
-7
-5
-8
-1
-2
-7
-4
-4
-5
2
3
7
1
-6
-13
-11
2
2
-6
-1
1
5
10
5
-2
1
7
19
27
16
12
16
17
13
8
0
1
9
2
-5
-4
6
7
5
5
-3
1
-1
-13
-13
-8
2
-3
-8
-1
-5
-7
-12
-2
-1
-9
-13
-21
-8
-13
-13
0
-3
-6
1
1
3
4
8
3
7
10
8
19
9
23
13
5
28
12
8
12
-1
2
5
-1
2
3
-4
5
8
4
16
4
-6
-5
-12
-6
0
-6
-7
-6
-4
-3
-8
-5
-3
-11
-10
-10
-6
0
-3
3
3
-6
6
9
2
-15
-17
-12
-16
-15
-20
-3
1
8
17
4
3
3
-1
-12
-21
-13
-10
-16
-11
-20
-17
-10
-18
-7
-13
-24
-15
-17
-5
5
7
19
7
8
13
16
16
12
12
16
27
27
20
14
10
6
0
2
3
12
16
10
20
24
17
14
17
19
20
13
19
25
18
19
5
-5
0
-7
-3
-6
-20
-12
-7
-22
-13
-8
-11
-7
-13
-5
1
-6
-8
-9
-13
-9
-13
-23
-16
-15
-19
-19
-12
-5
-10
-9
-3
-1
4
8
4
2
15
9
1
3
-1
4
2
-2
1
-3
-10
3
7
-4
0
-3
-4
4
2
4
5
1
-6
-13
-14
-6
-7
-11
-9
-7
0
8
4
4
-3
3
0
-15
-4
1
-1
-10
-1
6
7
16
9
13
15
12
18
21
20
10
12
12
7
2
2
4
11
15
3
3
-1
-11
-7
-4
-4
3
4
-1
-14
-18
-16
-5
-2
-6
-2
-1
4
4
-6
-7
-7
-2
-8
-17
-11
-10
-6
-8
-1
-1
-6
-6
-7
-1
2
-5
-3
10
10
6
9
13
18
13
2
-3
-4
0
-2
-7
0
14
20
31
28
15
17
12
9
16
13
9
17
22
16
14
12
23
18
10
9
-28
-38
-43
-18
-4
3
2
-51
-59
-48
8
-3
-58
-64
-62
-24
-36
-61
-99
-118
-111
-115
-109
-204
-279
-291
-210
-113
-237
-349
-348
-243
-197
-267
-241
-168
-55
-103
-186
-151
-62
106
61
20
32
28
71
52
190
296
315
290
234
395
473
484
541
716
943
892
975
1112
982
1041
1405
1726
1288
900
1524
1633
368
-1038
-13
2099
1838
-684
-3323
-2697
34
1888
1119
-2535
-5110
-5351
-2241
1494
820
-3483
-7922
-5965
-1638
-485
-2357
-5377
-4947
-4794
-2591
-1344
-2058
-1263
-2058
-3452
-7535
1947
19573
16612
-8908
-23625
1747
30205
26805
1624
-10552
-281
4050
10533
23283
27012
4969
-23242
-10707
21321
29605
3708
-14989
-660
8148
-2953
-14865
-3422
11644
-394
-16541
-16454
-5379
-7103
-16772
-7819
4052
-2604
-23695
-27323
-4566
8462
62
-13398
-11715
-2182
-4768
-7500
-979
9544
7215
-8074
-10413
727
10516
6635
-1355
1950
4959
2005
-3409
-550
9697
9923
2465
-3356
142
5585
3566
5547
9604
7648
-1083
-4125
6848
13057
10664
4913
1522
2813
3073
6980
8626
8506
6305
-908
-2484
675
6247
4576
-1085
-206
-1327
-5070
-9416
-6062
1824
660
-5919
-12811
-12984
-8060
-4997
-1072
-1650
-6492
-10048
-11877
-6150
-1979
5544
14211
6407
-9895
-21804
-900
28544
30038
9478
-13860
-8054
3217
13852
25228
22049
7810
-18135
-15307
10191
22632
12973
-9503
-7857
-1687
-6874
-12974
-10335
6290
3189
-14378
-24087
-20653
-9304
-9652
-7452
-2475
-7697
-19609
-28338
-13254
7439
9068
-3812
-15422
-7884
1038
1235
3484
9337
15212
5154
-6167
-543
12158
18358
8856
4336
8308
6870
794
-2484
8730
15752
8166
-3121
-6710
1572
4813
3975
3767
6033
4894
-4170
-4212
5003
13228
8969
3041
6169
6062
1250
-1295
9681
19794
13263
-1961
-11039
-2592
7062
8012
3618
-2118
-7856
-17176
-14734
-2499
3389
-4669
-18500
-19603
-15884
-9205
-5780
-5745
-6448
-13307
-15190
-13697
6120
22779
10232
-13908
-21642
7793
31593
25221
434
-10790
3210
12112
18825
20390
16389
2911
-12302
-694
17364
19626
302
-14015
-2400
5324
-2366
-15764
-12706
1726
-1378
-13950
-20987
-15959
-10383
-13448
-10140
-5242
-7956
-17708
-22229
-7922
4380
2294
-7454
-10841
-1077
2584
1382
2640
7399
10328
2104
-345
6057
12882
11833
2978
3749
8879
10154
4244
-1347
5081
10425
7524
-1152
-3167
3695
4678
1663
-113
2865
3020
-1331
19
4918
8052
3734
658
3285
6624
6808
3178
4304
5881
5700
2906
1014
2354
191
-428
-896
-1239
-4432
-9111
-7780
-6147
-5298
-8432
-11426
-11307
-11215
-10583
-10260
-7422
-5960
-7263
-10258
-9935
-6287
1446
12829
12542
-1040
-15228
-4018
22804
32595
17530
-5822
-5216
8030
20102
25861
20613
10861
-6162
-7221
8727
20360
15071
-4813
-9375
-3296
-2345
-8055
-12559
-3937
-1233
-10764
-21431
-23571
-14278
-9762
-9509
-9566
-12625
-16718
-21459
-15119
-1153
4216
-1677
-12444
-10965
-941
3873
4018
2904
7190
7008
77
-1349
4686
13857
12256
4807
3350
4988
5445
1687
4270
12242
11524
1442
-6942
-887
9891
9959
3518
99
3195
4030
1169
4556
10475
10760
3082
-391
5914
8413
5276
3458
8455
9405
-628
-6865
-2254
6133
4124
-4911
-8495
-7716
-7870
-9517
-7637
-3897
-7107
-14588
-16522
-12565
-6098
-6646
-8652
-8385
-9369
-7766
-9107
2227
14876
12000
-4395
-18359
3035
27977
31686
12097
-6938
2047
12131
22384
24676
19512
10176
-7066
-2625
12699
20362
9839
-9498
-6619
1328
-687
-10990
-16022
-3729
-1100
-11738
-22245
-23262
-13197
-12392
-12867
-10256
-11788
-16450
-24292
-16186
-1599
1054
-5959
-14935
-8377
411
1573
1448
1920
7386
4918
-345
2709
9168
13655
7370
3160
7660
10221
7344
888
4531
13397
11707
2508
-3507
3406
10372
6419
2452
3063
6298
3468
697
7336
11166
7733
702
1897
8871
8527
5506
3366
5034
4661
1008
1240
1569
89
-3900
-6007
-4692
-6465
-9418
-10120
-8989
-8846
-12685
-13883
-11509
-9819
-9958
-13587
-11877
-7958
-5690
-5867
-5352
5709
9753
1238
-10702
-4388
21034
29936
18173
-798
-1404
12322
21677
29175
25721
14336
-2042
-5448
13595
26880
19910
-1644
-10719
-1624
2058
-2858
-8536
-5351
-2968
-13582
-22730
-21930
-13934
-10546
-15432
-16528
-17313
-20384
-22621
-18791
-6843
-3519
-10099
-16495
-14364
-3883
287
86
249
1770
2411
-2044
-342
8574
15160
11527
1074
652
8651
12621
8396
4000
8535
11862
6185
189
3456
12258
12148
3806
571
4349
8120
7525
6987
9053
7320
3986
4218
7764
10133
6650
4363
4899
5002
4256
1311
366
-897
-2124
-1554
-4035
-7588
-11519
-11070
-6975
-6855
-9312
-13749
-15361
-13288
-10681
-8476
-9675
-11812
-11664
-8930
-2402
6370
8204
-158
-11580
-6314
16008
28231
19958
648
-2098
11005
21527
26834
22159
15509
4616
-663
10114
19723
19050
3955
-6038
-1671
1054
-1074
-7885
-7351
-3058
-8581
-17420
-23532
-19373
-12592
-13245
-15320
-19022
-21137
-22097
-21018
-12976
-8070
-9034
-13376
-15014
-8466
-3360
-567
1075
2283
3419
-329
-527
5988
13417
14377
5741
1020
5423
12645
14749
9620
7477
8985
9270
7807
7074
10275
10214
5934
4384
6668
8945
6435
5494
8842
9960
7478
4758
5732
6706
6111
7379
8339
5473
-238
-2085
965
1632
-1575
-4625
-5296
-7857
-13149
-14051
-9353
-5827
-10605
-17018
-17591
-13905
-11248
-12820
-11703
-10973
-12058
-13103
-6681
8667
9861
-4441
-17074
-4259
22578
28003
14437
-1428
1574
13410
21807
29747
26293
15047
905
2456
20270
26376
15997
-208
-1345
6935
4604
-3170
-7784
-3097
-149
-8428
-17131
-21055
-17962
-14034
-14632
-15081
-19320
-24412
-26105
-22175
-12245
-9624
-14087
-18424
-16107
-7413
-4913
-5633
-3860
924
3060
-2895
-4373
4142
13932
13040
2896
515
7818
13139
11038
8625
11929
13556
8507
4908
10162
16415
12804
3361
4138
13902
13663
3857
744
11503
17410
9036
3851
5741
8844
6462
6398
11877
8311
-152
-5393
-228
6310
792
-6369
-9680
-7145
-8097
-14045
-12392
-9138
-9444
-15625
-19667
-15168
-12674
-13212
-14981
-14045
-9769
-9956
-9992
-3292
5081
5265
-7081
-10766
5944
23123
24624
8100
-1373
6246
17807
28408
26977
19602
8716
1678
12096
22444
22347
8792
-2028
4173
7576
3166
-5393
-6179
2214
-1183
-12053
-20932
-20195
-13131
-14559
-15538
-16283
-20397
-25128
-27950
-18082
-9408
-11460
-17369
-20723
-12755
-6544
-6479
-6492
-4648
1199
-362
-4403
-1213
5999
11259
6447
1971
5385
10209
11764
7785
8346
14347
14219
8893
6438
13068
17204
9984
6631
11217
14753
9777
4398
10591
16210
14181
6975
2199
6499
11161
12938
8960
2093
110
-366
1903
2294
-1297
-4125
-8757
-10202
-10726
-10557
-8635
-12690
-14970
-14957
-13724
-13452
-18277
-16830
-12815
-11580
-12861
-14004
-2932
6630
70
-12875
-14942
7758
25811
19355
4397
-4109
6869
17217
23714
30057
22273
9507
-2263
7573
29275
28887
12754
-4566
-505
11751
8165
604
-4819
-100
978
-10410
-16605
-16724
-11188
-10763
-17443
-18449
-20602
-22808
-23576
-21363
-13293
-14107
-19874
-22216
-18076
-7869
-6738
-8759
-7781
-5573
-3456
-7208
-3788
6283
10495
5670
-3716
-150
11148
15415
12433
7511
10116
12204
9090
10420
16582
21871
15080
4754
7809
15801
18014
12415
10080
13139
10342
8461
10634
12579
10285
6133
8991
9026
2187
-1852
1706
8137
2807
-9312
-12560
-7232
-3262
-9493
-15489
-12779
-11207
-15280
-19844
-16555
-10556
-13171
-19952
-20557
-14475
-9252
-9691
-7847
2296
4685
-5720
-16617
-6344
21650
29619
15326
-4565
-4609
13192
24083
31911
27575
16342
3614
-1519
16337
29707
26638
9343
-3975
2837
6955
4569
-704
-638
5812
-1966
-15774
-23116
-18690
-7253
-7484
-13588
-21651
-29065
-28049
-23415
-13373
-9418
-16764
-23722
-26533
-18174
-9486
-6723
-5139
-7726
-9146
-11483
-9199
1323
8343
8257
-167
-4930
1741
10345
15167
13006
10754
10858
8179
8261
14695
22715
22267
11444
6221
11941
17748
18369
15092
16322
16553
10556
7932
9493
16260
17906
12386
7212
1050
1599
4463
6930
6350
-2876
-9468
-11962
-9962
-7457
-9782
-10425
-13713
-17983
-19152
-16880
-12816
-13573
-17832
-19599
-17745
-14655
-9620
-6722
343
1284
-7599
-12940
-8605
14944
25107
16485
1767
-6854
6100
17947
29652
29940
14487
2022
-2466
13756
28043
22716
9652
-1489
2838
6854
1653
-595
-76
4647
327
-13657
-19656
-18242
-9456
-5977
-11783
-16965
-25164
-26931
-22584
-15038
-7531
-13265
-21298
-24500
-19020
-8223
-5944
-6161
-6884
-7460
-7823
-9823
-3041
7223
9671
3363
-4874
-703
9206
13322
12452
9864
11566
10834
7798
11246
17682
20443
14130
8756
12444
15065
13141
11615
15114
18396
13125
7427
7741
11274
14656
13622
10863
5799
357
1143
4716
7044
1718
-7209
-9885
-9171
-8010
-10726
-12035
-11032
-13454
-16537
-18439
-15908
-14333
-15616
-17669
-17052
-13757
-10793
-8345
-4528
986
-2354
-9322
-9740
5216
20958
18544
6518
-3491
2804
15351
25714
29709
19976
6827
-700
9295
25713
26168
13031
841
2868
8374
4332
-842
-55
4953
2478
-10301
-18922
-17611
-11007
-8096
-12169
-16184
-21417
-26367
-25515
-19097
-10689
-11854
-19827
-24590
-22325
-13475
-7915
-6719
-7494
-9443
-9777
-9391
-4401
3341
6071
3174
-1694
-686
6285
11836
13444
10547
9208
11347
12348
14242
16038
17682
15531
11960
14963
16634
14995
12834
14980
18330
14530
11362
10313
11180
12845
12692
12629
7671
1951
734
3100
6600
1531
-6632
-9775
-8821
-7592
-12100
-13327
-12115
-13785
-16320
-18053
-14966
-13986
-17028
-19424
-17905
-13449
-10076
-9281
-3857
1309
-4068
-11804
-11360
8559
23077
17487
3472
-7189
3238
16670
27562
30088
17129
5779
-906
10451
26408
25207
14882
2028
2513
6942
3289
2476
2331
5691
2781
-10303
-17106
-17550
-9897
-5170
-10487
-15703
-23436
-26324
-23261
-17650
-10061
-13576
-21287
-25164
-22458
-12558
-9101
-9041
-9036
-9768
-9395
-11688
-7067
2841
6744
3485
-4024
-2931
5324
11013
13402
11099
10144
9746
8824
13541
18819
20037
14534
9964
14508
17577
15620
13679
16564
19937
14992
9253
8890
12473
16519
16284
12683
5458
-140
2116
7814
9585
1605
-8530
-10844
-7585
-6184
-10512
-13494
-12874
-14087
-17545
-19079
-16192
-13332
-16417
-20463
-20187
-16450
-11590
-9720
-1684
3205
-5435
-17401
-16116
11213
28673
20207
-501
-11458
2404
17089
29545
30742
16771
2870
-4091
11336
28837
26859
13083
153
3956
7904
2582
983
3735
9093
2987
-12249
-18779
-16907
-7610
-3114
-7993
-14617
-24528
-27545
-22160
-13038
-6314
-13321
-22562
-25226
-20351
-11059
-8118
-7520
-8179
-10447
-11030
-11633
-6012
2761
6126
3207
-4206
-4719
2669
9827
13629
11307
8829
7664
6570
11139
17930
21111
15467
6594
8968
16052
18137
15101
13188
16679
14808
9767
8636
11191
16623
15785
11279
5609
1043
4205
7479
8069
2017
-6712
-7575
-6792
-6959
-9992
-11670
-9467
-12965
-17471
-17232
-13618
-10867
-15833
-20242
-18117
-14834
-10630
-10440
-5371
2548
-3101
-12831
-16123
2571
23217
19333
4785
-8748
-1780
13941
24630
31424
21381
7341
-2253
3952
24925
30056
18856
3460
-73
8230
6424
2050
2397
6322
7566
-6254
-18136
-18330
-10674
-2634
-7725
-14738
-20625
-25922
-24090
-19509
-10879
-9831
-18660
-24287
-24155
-15656
-9024
-8536
-7947
-9352
-10304
-11715
-9540
581
6813
4551
-2657
-5557
1719
8681
11652
10985
8749
9220
8747
10765
15063
16975
15784
11628
11727
14264
13669
13010
15440
19419
17481
9814
6853
11278
16859
17509
12361
7313
4470
4379
6709
7042
4053
-2305
-6256
-5692
-6474
-10019
-12747
-10668
-9711
-14103
-18224
-17407
-14038
-14448
-17462
-18199
-16414
-14215
-11970
-5677
2636
-134
-13096
-19382
-3382
21135
24628
8328
-9079
-6904
10159
25442
32767
23519
7395
-2866
3402
22783
29645
19890
5342
1244
6831
5718
1907
2301
6496
6776
-4709
-16594
-19071
-12500
-4247
-5470
-12913
-21133
-26768
-24671
-18311
-11171
-10778
-18300
-23665
-23361
-16499
-9576
-7824
-7946
-9140
-9823
-10992
-9810
-1287
6679
5737
-2114
-5991
962
9200
11403
9634
8488
10213
9580
9497
13799
18011
17011
10676
10139
14884
15914
13287
13322
18743
18866
11469
6274
9671
17379
18863
13717
7483
4432
5032
6661
7547
5095
-827
-5773
-6553
-6104
-8172
-11057
-11409
-10724
-13934
-17194
-17015
-15199
-14291
-17772
-18233
-17180
-15706
-11986
-9285
-342
981
-7527
-15537
-12562
10992
23955
17913
-41
-11647
1555
18511
31585
27649
10461
1243
862
14591
25042
21482
13098
3420
3677
5314
2510
3409
4070
6373
2062
-10727
-17998
-18066
-8359
-1720
-7773
-17083
-26135
-25796
-18958
-13467
-10019
-14758
-20292
-22127
-20147
-12522
-8044
-6815
-7299
-9528
-9809
-10427
-6221
2737
6382
3345
-3881
-4094
4838
11254
11768
7289
7080
11540
11545
10705
11753
15395
16290
12099
11750
12926
13086
13614
15686
19343
16355
9423
7032
11094
18211
18038
11215
5508
3820
6489
6865
4645
1681
-2579
-4256
-7226
-9772
-10632
-9792
-8578
-12592
-16298
-17001
-15103
-14646
-15630
-17007
-16283
-15763
-14346
-9982
-4884
2651
-2809
-11924
-15289
-1985
20301
22279
9748
-9290
-8287
11383
27827
31757
15907
2019
276
8369
20682
22075
15711
7911
2039
2925
2368
2600
4576
3885
3100
-5274
-15262
-18137
-13574
-3249
-3399
-12600
-21920
-26528
-20571
-14146
-10060
-11095
-17319
-20559
-20661
-14756
-7166
-5402
-6726
-9114
-9345
-8320
-7191
-413
5922
5047
-1244
-5032
2086
10448
11022
7010
5691
11354
12879
8665
8509
13125
17011
12803
9974
12798
12979
11364
11686
17494
18785
11706
6362
7744
14647
17217
13322
8453
5010
4441
4542
4713
4391
-102
-3987
-6769
-8659
-9827
-10444
-7801
-9916
-13967
-16766
-15484
-13885
-15278
-16405
-15925
-13111
-14089
-13014
-10055
1349
5047
-5816
-16040
-13698
12145
25499
18444
-2344
-13516
3892
22448
32719
23714
8157
2722
3097
14457
22899
20615
12876
2199
1698
4241
3067
3269
1878
4295
1207
-11459
-19040
-18420
-7324
-2039
-10006
-18274
-25273
-23726
-19192
-14869
-10131
-13660
-18984
-22576
-19704
-10142
-5915
-6408
-8097
-8708
-7820
-9166
-4933
4497
7519
2081
-5654
-1912
9271
12185
7433
3587
9609
16483
11496
6189
8835
16992
18417
10446
10135
12836
13681
12637
14133
20113
15221
7630
6816
13710
19486
12781
7169
7042
8250
6779
1608
2338
3289
-468
-5132
-9793
-9262
-9599
-9912
-9320
-12391
-14097
-16713
-16711
-15192
-14486
-14371
-15367
-15694
-14589
-11965
-7917
2180
4370
-4055
-16634
-13549
13020
28275
21067
-4637
-13404
6936
24973
31945
21391
11346
7334
2530
10982
21411
24427
15395
-1014
-1082
4218
5018
2298
-1921
4345
1730
-12416
-21900
-20933
-6487
-3148
-12421
-20353
-25124
-22001
-21249
-18556
-11550
-11367
-16443
-23627
-21341
-9832
-4909
-5802
-7637
-7061
-5524
-8359
-5338
3522
7867
4869
-2192
617
8668
9464
5936
5611
14860
19008
9352
1963
6776
19205
21364
12317
8527
9965
12431
13264
15618
19808
15106
8033
7389
13053
17822
13154
9633
9052
7153
3792
-93
2745
4244
244
-5933
-11324
-11327
-10538
-9157
-8756
-10920
-14819
-18344
-19249
-16212
-12116
-13355
-14171
-16112
-14890
-14057
-11605
4258
10018
-38
-20452
-20132
13311
32496
24265
-3286
-12048
8074
21566
28270
23770
16967
10513
-775
7157
21429
25374
15811
-1803
-181
6358
3987
-1103
-5065
4082
4029
-11796
-23156
-23847
-9896
-4842
-12880
-18631
-24203
-24250
-25214
-22181
-11058
-9316
-15655
-23945
-22521
-10287
-5687
-6146
-6453
-5264
-3539
-7590
-5825
3200
8727
7770
1574
3249
9448
7864
5292
8842
19437
21965
7924
-184
7156
21221
24525
12239
8002
10184
12097
12341
13455
21940
17462
7001
4578
9956
18203
14157
10575
8823
4041
1563
-1059
2903
4541
-1130
-6807
-12905
-12651
-11082
-9770
-7200
-10809
-16302
-20941
-19483
-13632
-11439
-13099
-15493
-15603
-15294
-14559
-10510
3982
11605
-984
-19889
-19624
11635
32232
24488
1826
-9893
4026
17846
28557
29717
20220
8918
-1999
6666
22891
25963
15591
695
1154
5952
1625
-2425
-2632
4584
3221
-12516
-23682
-24204
-12605
-6288
-12142
-18242
-24741
-27452
-27447
-21822
-11243
-10049
-17243
-23883
-22142
-12525
-6342
-5360
-5645
-5768
-4651
-5721
-4794
2274
8473
9800
5900
3798
6519
7296
9148
13586
18651
19254
9355
3141
8431
20165
24904
14669
8487
9119
10952
12323
15313
22658
17750
6196
2894
9216
18078
16261
10994
6676
2127
664
-366
2792
4474
-1054
-7864
-14128
-13590
-10541
-7970
-6078
-12189
-19421
-22657
-18195
-11561
-11264
-15119
-17974
-16286
-14512
-13924
-11472
2830
11041
-863
-19466
-20545
10387
31542
26739
4790
-10373
1044
14898
28678
31425
20462
8586
-2873
5822
22359
25392
17155
2079
906
5191
1840
-148
-2281
3083
3286
-10317
-21186
-24572
-14348
-5818
-10075
-16355
-24886
-28169
-26334
-21158
-11466
-10333
-15787
-21614
-22403
-13670
-6818
-4611
-4326
-5039
-3927
-6013
-5860
2399
10108
12169
5776
1427
6060
9552
11577
11920
15579
19414
11759
4175
5656
17861
25701
16171
7048
5306
9748
13730
15356
19891
15352
5543
1818
7435
17333
16393
9401
3639
567
1156
569
2028
3100
-1372
-7969
-13852
-13424
-9184
-6368
-6513
-13229
-20124
-21100
-15308
-9520
-10896
-16255
-17956
-14805
-13216
-11692
-8262
3955
7942
-5209
-17891
-14206
14493
29888
21571
1795
-9444
5074
19580
30488
29970
18778
8963
-315
7693
23023
26840
18276
2318
-704
4440
3614
1344
-1607
2055
1976
-11866
-23433
-25110
-13253
-4470
-11675
-21604
-28543
-27861
-24604
-21991
-15035
-12192
-16302
-22719
-24088
-15053
-6685
-4605
-4600
-5387
-5436
-7506
-5532
5067
12806
11266
3153
973
8325
12689
12158
11554
16639
20538
12863
4267
6913
20580
26689
17142
6034
3884
10605
16567
19707
18385
11458
4491
3397
10589
17010
15891
8727
1573
-317
900
2728
3320
1237
-3253
-9022
-12938
-12602
-9018
-5703
-7780
-15478
-21061
-19637
-13361
-10182
-12698
-16923
-17989
-15052
-13350
-11920
-7903
3040
7119
-4859
-18421
-14386
14039
31669
22859
539
-9992
4821
20326
30734
30939
20826
8106
-3152
6390
25230
30396
18228
-260
-1789
5491
5279
891
-1760
3596
2319
-13479
-25930
-24778
-10914
-3918
-12838
-23185
-28982
-28049
-25656
-22026
-13769
-11049
-16876
-24977
-25224
-15117
-6256
-3394
-3418
-5239
-7809
-9922
-4997
7645
14902
10659
1137
-58
8938
13873
12244
11959
18175
21367
11266
1384
7248
23615
29938
17294
2669
1719
10773
19632
21134
17700
11700
4327
3735
9077
16278
18137
11422
3266
-3364
-3006
2794
6174
4235
-4100
-11421
-13559
-12557
-8188
-5864
-7751
-14296
-21449
-20791
-14837
-9932
-11415
-16162
-18276
-15883
-14067
-13135
-9530
-1100
8485
1143
-13704
-18330
1197
28387
29137
11574
-6414
-3705
11906
24143
32451
25948
10986
-2425
-874
18537
29240
20936
4609
-2312
4258
4838
-1049
-1954
2868
5344
-7524
-22897
-24331
-15074
-5663
-8619
-17176
-23058
-27906
-27835
-22628
-12912
-6687
-12893
-22318
-25437
-18648
-6828
-1142
-999
-4857
-8974
-8812
-5149
4314
12448
11602
4868
-23
4341
10780
12094
13617
17120
18994
11757
1289
5227
20221
29548
18841
778
-253
10773
19896
18019
13946
13104
7184
2782
4855
13723
19052
11813
2117
-3605
-2034
2724
3891
3293
-1714
-8864
-12878
-12744
-7861
-5727
-7744
-12249
-18361
-18901
-14901
-10333
-10538
-14208
-15210
-14530
-13736
-13717
-10406
-2857
6147
4922
-8026
-16112
-6462
18052
29188
19069
173
-7895
4805
21530
32069
27277
12130
1141
107
12686
23848
21286
10413
1227
1815
3442
195
-1153
452
2780
-2509
-15451
-22778
-20174
-10747
-6313
-12011
-19862
-26570
-27864
-23149
-15361
-8315
-9841
-17807
-23971
-21832
-10287
-492
397
-4846
-9368
-7674
-3095
2690
8511
10211
7525
3238
3192
7958
12007
14350
15982
16449
12754
5653
5596
15588
24007
19246
5998
1889
9125
15300
15333
13749
14346
10555
2341
1271
9450
17917
14931
3507
-3312
-3136
1046
3297
2810
818
-5654
-11951
-13431
-9667
-4734
-5506
-10779
-16623
-19229
-14811
-10243
-9762
-12711
-15142
-12762
-12928
-12540
-11615
-7681
-1554
2111
3982
-3456
-9389
-5653
12037
27496
21381
3741
-7230
4334
22840
30810
26200
13555
4308
1798
9528
21366
22636
12945
1749
-865
2097
602
-2116
-1133
1672
-2424
-15957
-25209
-21413
-10949
-6786
-13437
-22393
-27061
-27178
-22939
-15772
-9120
-9748
-18566
-24751
-19774
-7249
167
-2815
-7206
-6076
-1745
57
243
4867
11399
12263
6772
2922
7271
14022
16115
15496
15015
14172
9721
7071
12767
19866
19004
9687
4525
8946
13594
13985
13155
13820
10980
2952
1605
9563
16500
12083
951
-3348
-1353
827
402
-94
-987
-6447
-12981
-14050
-9133
-5908
-8747
-14334
-16906
-15543
-13470
-12802
-13266
-13599
-12134
-11775
-12845
-11787
-10863
-5600
-3717
1476
6218
1008
-4002
-7716
9784
26722
25141
10753
-5045
4852
20438
29264
28182
15685
8477
3548
7494
19122
20426
15107
4124
-1548
873
-2336
-2958
-2232
-1173
-3335
-16416
-23806
-22216
-16005
-10516
-14983
-20123
-25200
-29247
-25068
-18195
-10400
-10604
-19015
-21637
-17881
-8883
-3855
-5653
-4040
-972
1057
-1004
-3561
4210
13737
15661
9579
3131
7836
14060
16051
16306
16247
17220
11574
6703
10945
17690
19790
13575
8881
9899
9674
10865
13816
16433
13035
3222
1558
7764
12907
9817
1858
12
-84
-2151
-3579
-2281
-36
-5192
-13279
-14581
-10504
-7381
-11237
-15618
-15183
-13600
-13515
-15512
-15707
-13220
-11486
-10882
-11193
-10722
-8616
-8794
-8046
-2577
8746
13851
2106
-10470
-4828
19176
32638
21902
4001
-558
10791
19750
23765
25068
20450
9020
-2192
3642
19343
23266
11061
-3322
-3712
477
-3430
-8515
-6926
-373
-3616
-18882
-28843
-26020
-14627
-8878
-13979
-21210
-27292
-27636
-23198
-15937
-8624
-9166
-14949
-19633
-17459
-9005
-2220
1102
2130
1122
-1524
-3991
269
11519
18933
15756
6476
3464
10127
16328
17557
16644
17360
15919
8372
4157
10654
21079
22137
12636
4518
4697
9014
13479
15970
13835
8019
1973
1611
4816
7034
8065
5802
202
-7202
-9710
-3434
2504
-610
-10382
-16138
-13284
-10273
-11165
-11933
-10760
-10969
-15935
-19014
-15524
-10254
-8320
-10399
-10174
-8953
-10330
-10842
-8191
811
6922
8473
6499
-598
-2024
3310
19608
30596
23046
8369
-2993
4590
19989
30471
30430
14668
21
-3815
6341
20608
19898
9035
-2805
-8398
-7322
-7862
-4747
-734
-3161
-12220
-25754
-29163
-21758
-12595
-8357
-14935
-23381
-28394
-28186
-20863
-11661
-4827
-7088
-17679
-22815
-15915
-2528
5279
2513
-437
-4
292
185
3141
13985
21451
15981
5741
2864
11788
19347
18703
16948
15986
12857
5849
4974
16253
24827
19010
5663
713
7626
12893
13280
12717
11174
6203
-1728
-1692
5448
10058
6771
-1004
-4619
-6038
-6458
-5325
-2812
-2417
-8384
-15311
-17211
-13033
-8877
-8872
-11454
-14297
-16111
-17251
-15263
-9781
-4751
-5470
-10765
-14346
-10453
-3317
314
1070
2088
9273
11180
4558
-1831
2997
22765
31645
23188
5469
-3207
7830
21314
31573
28855
13511
-1554
-7464
6397
22572
20960
5655
-10483
-11775
-6482
-6059
-5130
-5378
-6765
-14850
-27258
-28600
-21849
-12344
-9376
-16715
-24261
-30526
-28465
-18058
-8665
-4663
-11754
-19465
-18160
-10810
-1206
2346
3211
4085
1511
-540
498
8922
19513
20734
14081
6454
6730
14155
19084
20309
18013
14648
10933
7360
10847
18171
21097
14756
5107
3417
7957
12161
12495
10474
7129
2204
-912
323
3410
4603
4164
2011
-3630
-11483
-13086
-4784
2906
-1322
-14167
-20476
-15859
-9145
-8265
-10441
-11234
-13703
-17851
-19025
-11597
-3230
-2894
-9710
-14081
-10121
-4366
-311
-728
1320
4315
9377
11652
6079
2494
4533
20318
29512
22776
7910
-1714
8426
21422
29760
26304
11343
-953
-4986
6479
19610
16657
3200
-10566
-11537
-6644
-7223
-7870
-8907
-9381
-14913
-25742
-28307
-22975
-14021
-11029
-18038
-24804
-28742
-25835
-18151
-11110
-6457
-9595
-15893
-17077
-10436
566
4887
2418
1405
3946
6729
5550
6998
16009
22569
17892
7070
5184
15904
23426
20182
13622
12920
15879
12713
9387
13012
18448
16238
6118
2900
7966
11300
9323
5889
6386
4409
-944
-2710
1058
6422
4994
-1836
-8300
-11320
-8377
-3315
-1469
-5945
-14161
-17000
-14374
-10671
-8886
-9785
-10852
-15111
-18513
-15467
-7596
-1874
-5698
-12025
-11716
-5715
-1176
-403
-616
2091
3399
5695
12718
14259
9847
744
6566
25055
30711
20475
408
-713
14652
26354
29157
15619
2698
-3514
-1242
11518
14654
7779
-4539
-14228
-11461
-10215
-9293
-8938
-11927
-13365
-21304
-26923
-25543
-20992
-13234
-14679
-21090
-25896
-27467
-20466
-13770
-8232
-5923
-10291
-12983
-12276
-5401
3402
6385
7797
7559
6542
6464
7578
15038
21331
19210
12961
9220
14728
19976
18055
15406
15268
17807
14615
7879
8841
14468
17017
10696
3648
4775
6730
6337
5025
5661
5501
89
-3301
-1360
2141
2206
-1626
-5395
-8484
-10171
-8033
-4403
-4752
-10483
-16050
-14897
-10794
-9188
-10966
-13171
-13624
-13675
-12004
-8635
-6537
-7219
-8477
-7205
-2840
-1891
-1690
-376
1396
4749
5101
13429
17647
11184
1751
125
20799
32767
26000
7774
-4027
7554
19834
27673
23958
8668
-2723
-8367
2351
15812
12314
-711
-15737
-16450
-9897
-10243
-10508
-12988
-12728
-15653
-25763
-28939
-25847
-16645
-11100
-16651
-22874
-27660
-24917
-15679
-7957
-2615
-5959
-12602
-13531
-8137
3180
10005
10383
9783
7568
7111
7467
11402
20428
23059
18405
11409
10407
17115
18664
16848
16308
17623
16571
7176
3777
11321
18554
14967
1657
-1675
4013
6742
5775
4064
5594
773
-7021
-5798
1132
6141
516
-8171
-10730
-9889
-6710
-5228
-5404
-7846
-13837
-15367
-12266
-9133
-8983
-11974
-12084
-11549
-11560
-9837
-8028
-5094
-3919
-4474
-4110
-4319
-2561
1102
4209
6515
4672
6977
15113
16134
8930
31
9931
28728
30261
15910
-1863
1550
16089
24480
24654
12011
716
-6594
-3835
9453
12210
3039
-12236
-18795
-12284
-10250
-11221
-13258
-14254
-14687
-23154
-29041
-27457
-19531
-10832
-14183
-22255
-26844
-24091
-14936
-9197
-5627
-4891
-8114
-10019
-8405
556
10910
12945
9747
6367
7850
11467
12629
16686
21057
20697
15275
10147
13911
19083
18679
15603
13880
15413
11906
5626
6459
12454
14913
6288
-2064
255
5570
7087
3699
1402
-551
-4440
-3878
133
2611
-1047
-7369
-9109
-8423
-7125
-6142
-5689
-7306
-12566
-15073
-11711
-7408
-8076
-12518
-13728
-11090
-8644
-8041
-7374
-5892
-4364
-4241
-4332
-2658
-1345
1919
4339
5228
4469
4506
14124
19312
13275
1801
2538
22433
31756
22569
4048
-1889
10679
20094
23624
16388
4321
-4462
-7794
2926
11034
5385
-7969
-18200
-14493
-10904
-13181
-14631
-15090
-14104
-20069
-28091
-27529
-21858
-14467
-14109
-18869
-21360
-22907
-19223
-12481
-5295
-921
-5084
-9338
-7210
1259
10068
10256
7852
9136
12433
14155
11485
12720
19100
21256
17768
12556
14047
18300
15859
12523
13058
17105
15200
5371
2872
8963
13505
7779
-1027
1160
5799
4399
267
-147
2290
-1732
-5431
-1853
2177
-551
-8708
-9973
-4893
-3806
-7269
-10134
-8628
-8441
-11770
-11897
-8599
-7400
-11648
-15284
-11841
-5832
-4541
-7687
-9206
-6090
-2484
-2807
-2947
-834
3085
4768
1919
1558
5209
15814
21692
13249
1422
-208
17931
31883
26412
10094
-1450
5075
14726
21421
20554
9487
-2216
-9825
-3131
7715
6803
-3069
-13989
-15421
-14041
-16390
-15700
-13237
-11667
-17030
-26894
-29186
-25064
-17302
-12563
-14383
-17782
-22374
-21883
-15167
-6761
-77
-975
-5027
-6411
-3171
4424
9688
11955
13408
13316
12391
9806
10304
16639
21720
21588
16356
12388
12887
12690
13044
15251
17941
16015
6390
319
4064
11227
12027
4671
127
577
1328
1617
1597
1889
-847
-3834
-2788
-1433
-2706
-5584
-5048
-3321
-5930
-10167
-10414
-6595
-6183
-10050
-11460
-8928
-8117
-12255
-14136
-9729
-4675
-4797
-8849
-9223
-6084
-2975
-2176
-1987
1081
1878
1640
695
2463
6881
9803
17229
18177
10534
45
1142
21288
32519
25243
4034
-7671
3108
16733
25179
17591
1879
-8753
-11816
-370
8609
5306
-6150
-18443
-18105
-14369
-12635
-11522
-13773
-14291
-18753
-25061
-25979
-22463
-13012
-8357
-12465
-18772
-23122
-17826
-7787
-116
2621
-2632
-7369
-6193
804
10412
13123
11868
11274
11135
11063
8688
11862
20404
23498
17944
8654
7806
13348
14950
13641
13190
14679
10807
985
-1089
7358
14742
9662
-1991
-3699
1785
3709
1087
-262
1966
-429
-5618
-5815
-2190
672
-2162
-6147
-7886
-9082
-8110
-6376
-4663
-6177
-10551
-11661
-9797
-8432
-9302
-9634
-6939
-5407
-6914
-8032
-6768
-3175
-961
-569
-658
-298
678
2600
4558
5114
5212
7491
17309
19740
9755
-2361
1795
24544
32179
19696
-1310
-6521
7309
16870
20221
12150
846
-7359
-11502
-2029
6412
3393
-8545
-20470
-17356
-11336
-11259
-14227
-17764
-14612
-15177
-21952
-25572
-22508
-11244
-6835
-13403
-18770
-18622
-11348
-5992
-3983
-209
46
-1651
-2884
539
9126
12434
11905
12052
13041
12745
8374
9451
18057
23108
18901
9271
6523
11215
13404
13152
12825
13409
9541
164
-1322
6557
12939
8256
-1812
-2348
1498
1438
-1018
-877
2517
139
-4594
-5411
-3679
-1808
-3334
-4377
-5403
-7932
-8233
-6687
-5191
-6952
-9601
-8163
-6819
-9325
-12276
-9873
-3176
-1546
-6115
-9379
-7268
-2026
722
659
212
-14
1217
2553
4839
6044
5584
6835
11822
18749
15207
4332
-609
10062
25640
23805
9212
-3722
-1496
8313
12441
12815
7179
-1570
-11091
-12851
-1791
4945
-1881
-15497
-20537
-13231
-10088
-14432
-18042
-15462
-11132
-16271
-23665
-22091
-13403
-7459
-11381
-14836
-12127
-10026
-9787
-7762
552
6650
2090
-4118
-2610
7077
14116
13057
11901
12708
12226
8588
7764
15717
22573
19296
9731
4945
9669
14102
13206
11030
10449
9660
3602
-1222
2786
9554
9915
1807
-3326
-1423
-593
-1092
-190
3291
2292
-5330
-8490
-5561
-894
-735
-4207
-5173
-6823
-8588
-8967
-6585
-2704
-3989
-8029
-11427
-12224
-9209
-4880
-770
-1927
-8171
-10968
-6704
919
3648
267
-2224
-1193
2577
4561
4644
5533
5612
5931
7313
14149
18756
12044
1300
-867
13416
24424
19476
4365
-7032
-2667
5733
13042
13629
4123
-7989
-16947
-10571
1943
2885
-6805
-17401
-16478
-11966
-14189
-16189
-14480
-9623
-10457
-18955
-21763
-17457
-10809
-8143
-9749
-8299
-9151
-12285
-10916
-3213
7012
7202
-298
-3621
606
9250
12994
12776
13995
13549
9894
5309
7859
18239
22836
16589
6721
4141
10048
13315
12023
10406
9979
7782
713
-2064
3775
9779
7858
-680
-4516
-2782
-1696
-731
1202
3240
-185
-7092
-8987
-6057
-1521
31
-1308
-4546
-10270
-11993
-7229
-678
-504
-7589
-12215
-11117
-7729
-5270
-3302
-1439
-3479
-7941
-8230
-2861
2638
2935
667
732
2245
3093
2791
3902
7099
8526
7651
6598
11001
16162
12163
2296
-1547
10689
22555
17223
-80
-11563
-3254
9818
14633
8562
-3787
-11383
-14241
-8031
1312
1473
-7023
-18593
-19497
-12211
-9008
-10561
-14687
-13288
-10507
-14271
-18476
-18094
-9590
-2785
-6013
-11224
-13856
-10039
-3392
1938
6145
3611
-1328
-2441
2785
11978
15357
13677
10743
8521
8095
8191
12744
18950
18655
11332
4116
6170
13241
14521
10077
6357
7230
6513
665
-1009
4831
9343
3508
-5932
-5233
907
1697
-1840
-1991
1343
-1362
-8107
-9066
-3389
2053
73
-5445
-8715
-9016
-6254
-3472
-2027
-3937
-8567
-10738
-9473
-5241
-1782
-1758
-4221
-7124
-5725
-1895
195
453
1485
4082
3172
-627
-731
4810
9849
9425
5430
3423
4733
8982
15498
14973
6451
-3341
-792
13272
18035
9282
-5234
-7700
865
6070
7315
2072
-4345
-11016
-13353
-4831
675
-3904
-14410
-17593
-8840
-5959
-12626
-18536
-14236
-4589
-6558
-15331
-18169
-12430
-5620
-6771
-8730
-7372
-5602
-4048
-2907
1063
4093
3091
2184
3817
8779
11789
10059
8625
9847
12658
12326
8991
9516
13254
15153
11891
7374
8275
10114
8259
5351
5862
8855
5547
-1815
-2874
2015
5439
1791
-2617
-2138
-2648
-3375
-2126
583
827
-5255
-7711
-5105
-1956
-823
-3536
-3785
-5332
-7991
-7131
-4286
-968
-4332
-9068
-7584
-3733
-1913
-5047
-5126
-388
596
-2815
-5292
529
7947
6167
-1500
-4423
3274
11454
10449
3296
1091
4288
6242
5344
8597
16993
13327
-1983
-12891
-564
20784
20824
2626
-14516
-10871
913
6016
7424
3475
-3778
-15286
-19024
-6609
4140
1777
-11202
-18197
-12426
-10181
-12423
-12622
-6334
-484
-8909
-19529
-20348
-11071
-1098
-1364
-3702
-5593
-8019
-7650
-3323
7044
12171
6164
-544
-285
7482
11963
10784
12556
14707
11848
3748
1543
12454
21827
18149
6522
1045
5960
9033
7317
7402
9304
6422
-4189
-8775
395
9192
6299
-4218
-7309
-2963
-2921
-3577
-673
3384
-508
-9911
-9484
-2186
2509
-537
-5311
-5270
-6448
-7018
-4363
-424
0
-5709
-7964
-5332
-3294
-2584
-1212
2562
1185
-5584
-6148
2238
10321
6357
-3836
-4544
4246
11166
8124
1931
1491
4975
5604
2492
1722
6655
14528
11589
-1544
-11994
-6167
12738
18160
7948
-8627
-15023
-7583
419
10213
10092
-1665
-16561
-22735
-7673
6181
3850
-8436
-17235
-12217
-9353
-10528
-8027
-4802
-3169
-10597
-16441
-12449
-7095
-2675
-3284
-3196
-1224
-4046
-5421
-3292
4082
11043
8243
2252
-1131
3275
12001
14125
11898
8842
7978
7577
4694
8093
16023
17916
9431
-1472
804
9823
10965
4390
-737
2689
3884
-1936
-4573
-767
4137
425
-6099
-5165
-2415
-1991
-3049
-1496
107
-4447
-7089
-4032
-331
-471
-4185
-3778
-2019
-2991
-3643
-3198
-1109
-2185
-4441
-2224
-110
-522
-2614
-1002
3459
2499
-651
-869
2220
4554
2454
1663
3335
4977
5427
2932
2914
3149
2431
2911
2134
3137
1557
3864
8047
2853
-6009
-10948
1310
13551
9173
-4026
-15444
-10462
-1515
5353
8413
-168
-11800
-20623
-12957
3843
5629
-4864
-15125
-11486
-4141
-8315
-11390
-7167
1570
2001
-10160
-15796
-10727
-258
4744
288
-1205
-1575
-2558
-2531
803
10019
11994
4584
-1807
207
10331
14225
9746
6086
6197
8449
7085
6478
10955
12199
7212
860
1322
6706
5492
904
670
4000
2844
-6142
-9043
-1548
4952
1742
-6628
-7407
-3885
-3142
-2651
-91
1250
-3878
-7753
-3208
1694
-572
-4965
-1398
4686
965
-7940
-8069
2297
7968
1754
-4670
-2317
3085
2166
-1235
967
5374
4618
-700
-2116
2209
5696
4329
1556
2369
4121
2589
-1116
-48
4557
5414
936
-5013
-4931
-1461
5382
8913
1222
-10070
-14618
-1684
10851
8688
-3014
-13648
-10945
-5134
1652
5880
1356
-7140
-15868
-11199
846
3912
-2458
-10499
-7194
-910
-3200
-7683
-7663
763
5384
-1205
-8605
-10033
-2741
3529
4184
3680
66
-3435
-4035
1506
9743
9402
2887
-1239
2073
7922
7110
4330
6496
11293
10596
2043
-2084
3962
10920
9868
2429
-389
1818
789
-2895
-2849
3122
4562
-4115
-10711
-6814
1094
1969
-3176
-4540
-3946
-4774
-3849
-392
2766
-29
-2815
-1173
-628
-1221
-804
4747
7230
528
-5126
-2518
6385
8326
2286
-663
1187
3511
1308
66
3889
5801
3276
-1025
-1138
1921
2022
1863
2487
2906
-155
-4465
-2346
3254
5488
-1268
-8184
-7982
-3450
-997
-2220
2743
3816
-4202
-16306
-14522
6300
15170
5070
-14846
-19186
-5521
3534
8833
5787
-444
-9753
-18081
-6969
9145
13719
1492
-13648
-8606
1008
2207
-2309
-2471
7966
6846
-6167
-14141
-8551
6681
9756
3308
-1576
-3960
-3019
-4095
253
8691
9039
2204
-5758
-3181
5593
7984
7269
6373
6451
2694
-3954
-730
8494
11924
4108
-6233
-4825
685
907
-1855
-1636
2783
-371
-8301
-8731
-2083
4331
1283
-3912
-4408
-4285
-1724
1417
4775
4147
-1225
-1334
1004
3162
4501
5877
8113
3249
-2473
-1069
5674
10030
5076
256
1007
3025
2956
837
2070
3749
1385
-1563
-2244
140
741
-811
-1414
-1896
-2821
-3385
-1681
-238
-2489
-6639
-7619
-5563
-2319
-3893
-7655
-8840
-1540
8724
3014
-11989
-20301
-3785
16187
14176
-2052
-16108
-10644
-1537
6054
13464
10943
-567
-16460
-13453
7920
17928
8785
-6829
-5893
4229
1973
-3473
-1376
8636
9414
-5330
-13128
-8365
1628
5369
1690
1453
-2146
-9033
-11418
-4359
8824
9726
-392
-7959
-6108
2121
4635
4562
6783
6364
326
-8392
-6521
6051
12992
7081
-4863
-8482
-3238
149
1367
2801
3917
-723
-9491
-8957
778
7303
3796
-2828
-2228
524
-475
971
6161
10128
6082
-263
968
3503
5842
7368
9445
8615
22
-3394
1875
9809
10515
3035
-401
-962
-1405
-1585
316
4671
2492
-3952
-7938
-7605
-3303
-755
338
-2152
-8225
-10572
-8014
-2381
-1120
-4173
-5600
-5403
-6825
-9271
-7311
-1111
2056
-1716
71
3324
-73
-10155
-11901
8428
20408
12105
-9020
-16619
-1615
8311
14225
12542
6125
-4224
-15891
-2910
17830
22593
6810
-13160
-8061
2999
5529
2197
-1485
4305
1053
-8001
-11096
-8280
1249
1410
-1900
-3740
-9211
-10610
-9705
-760
7791
3034
-5303
-10796
-4841
3973
3792
2887
2413
2367
-2438
-8224
-928
9227
10117
965
-6379
-1783
1487
-557
-608
4488
8594
126
-8738
-4027
6217
8912
2294
1442
6117
2850
-2785
1036
13239
15480
2448
-4391
2412
10973
8666
1565
3673
6953
3489
-2115
-244
6862
5463
-1271
-3411
-1260
-1774
-6640
-5653
789
1950
-5230
-13020
-10809
-3381
-659
-3736
-7701
-7709
-6376
-5486
-3579
-1921
-1811
-3551
-4765
-2216
-456
-1202
-1292
-1426
1399
-880
2452
9118
6632
-2378
-13407
440
16308
16615
2245
-12701
-4264
5519
13712
14750
6017
-1310
-10042
-2544
12619
14446
5164
-10503
-7618
3086
2667
-2613
-8504
-2500
44
-8057
-10515
-8615
-3060
-5464
-11094
-4693
-1508
-4904
-12607
-10859
4042
6954
-1334
-9590
-6824
3993
4075
2041
3476
5023
2707
-5574
-2479
8253
11831
5753
-3298
-381
5832
4400
1138
936
6509
6705
942
330
2278
3539
1914
3219
8432
5793
-529
-705
5503
9466
3309
-322
3445
5685
3082
-1963
1689
6586
3734
-1510
-3734
686
1760
-1741
-2721
-2440
-1851
-4649
-6063
-3932
-4713
-6915
-7953
-3555
450
-3763
-10024
-10053
-1063
5682
2426
-4757
-7029
-1877
2522
2703
1458
2324
3414
-500
-5010
-2702
3603
6340
625
1426
7499
4719
-6239
-12866
5794
20604
13770
-6143
-16501
-2980
5911
10275
10654
5649
-4001
-18263
-10160
10548
16434
2437
-16698
-11703
789
623
-5618
-8450
-136
-32
-9895
-12876
-8127
379
-580
-5476
-3665
-3608
-5012
-6680
-853
9514
6812
-3532
-8933
-552
11401
9016
2232
1602
6052
5380
-1547
1863
11594
12027
383
-8162
-49
9302
5633
-2385
-2561
3611
1532
-4920
-1580
5794
5501
-3476
-5493
2840
5765
1703
-880
3136
5796
-103
-2996
1746
7579
6759
-696
-1743
2341
5275
3794
-1261
-1347
-647
-690
-1791
-3709
-1977
-1689
-2278
-3708
-4516
-1791
-988
-1567
-2780
-2376
-372
-1288
-2002
-10
3134
3479
-271
-1235
1997
4657
4453
1519
96
-1560
-1733
-185
1674
2172
-2653
-6376
-7421
2669
9446
759
-14953
-20336
113
13477
8754
-8583
-17425
-7698
-1585
6870
9130
4586
-6512
-18877
-6916
11453
16234
2797
-12670
-5615
2987
2674
-1855
-1954
6887
3540
-5750
-7915
-2509
5051
1882
977
5652
3741
-3077
-8462
1032
13053
9589
-772
-6962
-832
4694
1085
711
4386
6142
-2933
-12698
-5825
5410
6490
-3927
-9776
-3326
-174
-3486
-5779
-116
5864
-311
-8167
-5722
3951
8466
3840
1122
1463
277
1214
5719
10394
7791
1379
1142
3463
5796
5680
4986
5629
2439
193
-142
2028
4419
3190
3191
882
-3563
-5286
-1251
6613
5853
-1915
-6953
-4626
2533
5032
4227
1743
-1471
-2596
-1468
2901
4095
141
-3083
-3071
-967
-1669
-4682
-4819
-4552
-4621
-6657
-8798
-8633
-9951
-8331
-6628
-6870
-9858
-7480
991
-417
-12472
-18793
-2935
13133
10143
-6139
-13289
-4089
4448
13708
17458
10903
-4851
-13441
4646
23904
20612
1253
-8522
2838
8891
6226
5424
8528
9395
-1451
-5136
1882
6244
3547
-1905
1891
4002
-4950
-12077
-8882
2086
3862
-5625
-10901
-10106
-6173
-5645
-5854
-900
-86
-5075
-11964
-11271
-1298
3929
2634
-2879
-5746
-3949
-2025
2119
4149
3981
2714
354
435
1448
4859
9310
9346
4603
-1208
-111
7793
12208
9829
5009
3562
4684
3065
3966
8094
10645
8153
983
-362
2538
5244
5947
4929
5921
2627
-2994
-4752
-99
7260
5573
-1689
-6232
-4940
-1195
-1810
-2332
-911
-1087
-5657
-11467
-10058
-3962
-965
-4009
-8919
-10103
-9993
-9805
-6511
-1490
-859
-7315
-14115
-11910
-3622
447
-3033
-7857
-7450
-5477
-6042
-6095
2171
10818
4200
-11436
-13771
4653
19527
15196
1958
-1748
3062
5034
10749
18860
19722
6388
-7115
84
15118
18185
7102
539
5393
5145
-500
-1762
5442
8724
-1091
-8907
-7153
-2831
-4078
-7059
-3523
-1602
-8011
-14793
-12140
-3060
-1095
-6298
-8634
-6839
-5128
-6351
-5232
-7
1113
-3891
-9817
-7939
-211
3076
1262
-1428
-497
1090
571
2296
5390
7295
5617
2405
3316
6263
8434
8040
6363
6025
4751
4289
5380
6552
6665
5284
5467
5232
3667
3943
6460
8419
6293
2835
2457
4563
5389
2527
-599
612
4045
2916
-3290
-6147
-1646
2481
-209
-5044
-5435
-3968
-5490
-7422
-5529
-2565
-3886
-7417
-8152
-6283
-5381
-5494
-3713
-2274
-4845
-9481
-9770
-4533
-944
-2639
-6465
-8221
-8101
-7990
-6007
-2942
-2060
-4413
-7685
-6518
-2684
-266
35
1012
6479
6685
-990
-5695
2093
16922
17616
7306
-291
620
6217
9944
17426
18910
7597
-5782
-5765
10767
19846
13373
3386
-645
547
-1342
308
6600
8244
2267
-7325
-9853
-7429
-5275
-2208
-523
-2340
-10968
-18612
-14842
-5110
773
-2590
-8447
-10824
-12255
-10289
-4147
3390
4455
-4600
-11870
-8695
2252
7859
2761
-1597
-191
2054
-1263
-4382
1952
10435
10331
538
-6430
-1520
7184
11262
8654
5358
3816
1882
4119
10332
16929
15414
6452
2100
5652
13134
13169
8686
7539
8094
6310
-44
259
6637
9250
3764
-4382
-3622
-204
-638
-4076
-4560
-869
-3980
-11038
-13114
-6206
831
-3351
-11155
-14470
-11219
-7815
-8220
-7452
-6960
-8775
-13192
-14848
-9217
-3434
-3116
-7739
-11656
-10662
-7871
-4254
-1345
-250
-643
-3573
-4962
-3750
943
5871
6245
2668
-1713
613
5917
9069
7638
8684
12773
9270
2003
243
11828
19880
14883
5906
1156
4535
7029
12041
16562
13150
3616
-4764
129
9722
11868
5706
-2942
-5114
-3932
-1929
-812
-3130
-5506
-8005
-9673
-11657
-13780
-11591
-7918
-6945
-11038
-16026
-14866
-10753
-8380
-8964
-9087
-7167
-7808
-9169
-7377
-1819
2505
810
-1841
-1286
2577
5962
7078
8743
9168
8290
7480
8615
10883
10649
11097
12727
13062
10361
7652
10182
13378
12697
9556
8488
9992
8240
4180
2886
5166
7120
4369
445
-1574
-2075
-990
410
1320
-1360
-6432
-8495
-6690
-3584
-3138
-4877
-7009
-9899
-11576
-9860
-5477
-3148
-6376
-11161
-12330
-9882
-7407
-7581
-8111
-7232
-6754
-8448
-11415
-10426
-4691
-263
-1738
-6491
-6941
-2513
911
1372
1420
2676
2848
922
1326
4683
7421
6946
4616
5120
6751
7418
6713
5810
5830
5506
6117
6913
6710
5072
5412
7092
6677
3489
423
2681
4978
6483
3319
-3416
-6420
-4890
3047
3105
-3701
-8534
-8572
-2690
-2346
-1275
-1303
-5178
-7465
-8089
-392
3044
-829
-4977
-6731
-1547
-721
-2377
-2690
-2411
-236
-3585
-5499
-3389
-41
2569
-1432
-4010
-3850
-1211
2947
2894
2415
-124
-1280
757
3059
6411
5809
4282
3869
4412
5443
3859
4654
8109
9911
6605
1158
1938
7232
9974
7152
2710
1271
1731
2904
4693
5616
3610
-498
-2088
266
2644
1268
-1734
-1814
-89
-725
-4147
-4885
-1643
-160
-3332
-6952
-5324
-2172
-3416
-7441
-8266
-4413
-2918
-6306
-9402
-8058
-4711
-4654
-5931
-5468
-4986
-5814
-5887
-2273
700
-1555
-4883
-3727
1150
2579
-616
-1592
2092
5609
3623
-880
-982
2543
5234
5153
3045
1191
-720
-134
2846
3353
1162
-2644
-2515
-122
-661
-2475
-4259
-1087
1296
-982
-3276
-3454
767
1321
-421
620
2402
4740
2994
1985
3242
4906
9083
9538
7917
5550
4889
7886
7785
8632
8669
5895
1926
-2223
998
4068
2447
-2447
-7513
-6524
-6675
-7553
-7484
-6611
-5669
-10289
-12565
-9652
-5103
-2922
-5164
-4850
-4305
-4822
-3594
-24
5221
4557
416
-969
1926
7197
8173
6993
5179
3651
3826
4270
6685
7010
5049
2976
1759
2985
2908
3073
2827
1866
1054
-348
717
1198
1311
1591
2095
2782
58
-1656
-485
2788
4140
1147
-999
-2059
-1866
-1908
-1123
1179
-264
-4749
-8603
-6303
-770
59
-3650
-8119
-8101
-6411
-5841
-5127
-4553
-4371
-7374
-9497
-6880
-2297
-569
-4153
-6229
-3723
296
2163
859
-37
-273
613
3122
5229
5318
2793
1354
3170
5124
4661
2080
1442
3619
4577
2533
-922
-973
1776
2706
470
-2518
-2318
-1390
-1689
-2300
-1504
-136
-2166
-5353
-6042
-2159
1739
608
-2889
-4440
-1140
2223
2787
2450
3232
5389
5102
3956
4654
7885
10532
8779
5587
4251
6369
8703
8377
6537
4384
3203
2102
1743
2458
2541
696
-2906
-4808
-3711
-1953
-2164
-4372
-5974
-6383
-6241
-5324
-3839
-3376
-5384
-7713
-6664
-3007
-922
-2431
-5002
-5293
-3823
-2274
-1292
-759
-987
-2214
-2682
-1360
591
1176
816
1189
2029
1617
178
640
2975
4310
2551
284
762
1969
1820
762
1415
2564
720
-1309
-224
3404
4022
410
-773
1733
4390
3012
590
2364
4868
4658
1249
-23
2930
4633
3503
672
559
2094
966
-1130
-1890
465
1054
-2740
-6138
-5583
-1751
-1523
-5402
-7868
-6163
-3124
-4014
-6430
-6275
-3709
-2971
-5080
-5817
-3973
-2053
-2722
-3276
-2377
-1881
-2773
-3368
-916
982
435
-1339
-1643
81
800
1793
2732
2929
1737
547
2608
5082
5562
3740
2624
3854
5063
5540
4827
4304
4359
4976
5698
4854
3239
2523
4492
6596
5443
1839
-655
848
3108
3431
1838
-142
-1376
-2797
-2339
-140
1239
-600
-4668
-5591
-2960
-49
-21
-2383
-3637
-3793
-3288
-2388
-1111
194
-660
-2593
-3607
-2721
-815
-270
-555
-1039
-1498
-2356
-3429
-2550
-262
896
-696
-3168
-3260
-1312
742
1521
848
-793
-2227
-914
2619
4506
2570
-282
281
3020
4190
3368
3410
4968
4831
2455
1100
3088
5631
4748
1688
-165
247
367
-830
-1277
-741
-1118
-3956
-6288
-5155
-2492
-2140
-5074
-6872
-5340
-2813
-2186
-3227
-2882
-1565
-911
-1404
-1605
-65
1719
2721
1953
212
-578
345
2812
3807
2394
163
-717
663
1513
1039
-236
-886
-290
-300
-612
-1413
-1887
-1678
-1449
-346
-41
-699
-1811
-1981
36
1443
1727
1155
1088
1620
1219
1626
2900
4359
4053
2217
1941
2899
3864
3323
2819
3431
3260
1771
-114
-173
589
415
-644
-1748
-2621
-4087
-4938
-4267
-2727
-3068
-5597
-7464
-6670
-4058
-3360
-4227
-4915
-4433
-4480
-5968
-5039
-1431
1865
174
-3935
-4170
-559
3402
3830
3743
4321
4002
3385
4545
9314
11932
9702
6214
6772
11001
12023
9720
8123
9851
10628
7104
4013
5069
8365
7113
1763
-1349
243
2602
481
-3345
-4618
-3228
-3059
-5548
-7098
-6348
-5219
-6459
-8427
-8173
-6775
-6833
-8739
-9122
-7326
-6325
-7775
-9418
-8119
-5673
-5287
-6969
-7539
-5728
-4263
-4598
-5265
-4257
-2556
-2364
-3309
-3639
-2506
-1189
-601
-216
339
755
422
174
1214
3406
5190
5103
3909
3455
4671
6464
7431
7656
7723
7538
6664
6393
8213
10628
10392
7326
5599
7450
9871
9263
6835
6021
6516
5749
3784
3164
3939
3263
446
-1815
-1878
-1989
-4021
-5950
-5593
-5062
-7462
-10718
-10510
-8053
-8527
-11744
-11925
-8421
-7742
-11881
-13576
-8682
-4137
-6361
-10096
-7778
-2664
-2217
-4528
-2523
2345
2795
-675
-456
4752
7779
5620
3589
5241
7042
6027
5410
7600
9120
6629
3414
4673
8634
9502
6129
3449
4798
7241
7255
5445
4657
5096
4839
3854
3448
3914
3835
2715
1859
1690
1419
347
-565
-383
18
-327
-1618
-3173
-4428
-4740
-3802
-3033
-4010
-6452
-7884
-6974
-5527
-5716
-7170
-7654
-6768
-6184
-6547
-6543
-5536
-4984
-5539
-5429
-3598
-2368
-3685
-4891
-2704
674
334
-2986
-3424
426
3229
1628
-628
357
2456
2395
1669
3042
4793
3991
2146
2464
4227
4553
4030
4986
5943
3944
923
1775
6074
7758
4239
158
277
3089
4336
3231
1824
946
-141
-1193
-971
172
210
-1794
-4082
-4427
-3312
-3026
-4057
-4407
-3322
-3134
-5106
-6325
-3980
-533
-373
-2750
-3262
-1231
-159
-927
-392
2067
2868
583
-1320
-99
2199
2929
2625
2410
1449
-434
-673
2073
4716
3697
395
-769
1284
3372
3178
2184
2522
3454
3197
2325
2854
4582
5119
3820
2856
3619
4384
3569
2581
3106
3884
2691
621
361
1549
1343
-625
-1456
-391
-398
-3040
-5169
-3637
-954
-1736
-5595
-7676
-6009
-3993
-4219
-5072
-4928
-5274
-7066
-7466
-4718
-2108
-3054
-5315
-4724
-2501
-2418
-3672
-2591
197
533
-1580
-2158
-248
987
347
480
2023
2199
281
-542
1645
4097
4040
2444
1744
2422
3230
3816
4408
4900
4715
3574
2555
2937
4783
5700
3892
1289
770
2147
2227
714
-87
-14
-977
-3140
-3412
-1618
-1017
-2895
-4826
-4313
-3191
-3117
-3115
-2319
-1830
-3220
-4332
-3066
-686
-52
-1890
-3164
-2500
-992
-213
-481
-790
-1220
-1338
-901
-95
628
611
483
305
138
178
596
1652
2482
2716
2281
1628
1612
2453
4009
5031
4825
3806
2988
3330
4495
5702
5940
4973
3799
3588
4587
5273
4559
3317
3073
3709
3545
2161
760
329
431
203
-451
-1528
-3049
-4480
-4782
-3939
-3629
-4959
-6863
-7403
-6419
-5657
-6046
-6540
-6007
-5184
-5399
-6127
-5560
-3494
-1878
-2089
-3111
-3221
-2200
-905
357
1533
1658
190
-1118
36
2930
4317
3094
1640
1773
2221
1787
1963
3860
5279
3795
917
24
1556
3284
3888
3600
2569
857
-258
544
2634
3935
3174
1044
-651
-370
1485
2764
2138
602
-253
-574
-1058
-1129
-377
-224
-1831
-3547
-3505
-2968
-3945
-5110
-3971
-2146
-3319
-6805
-7808
-4819
-1938
-2430
-4623
-5368
-4483
-3333
-2255
-1341
-1346
-2231
-2229
-525
1169
1195
440
836
2204
2856
2505
2672
4106
5246
4566
3180
3502
5583
6677
5435
3995
4497
5677
5228
3901
4014
5215
5054
3347
2516
3355
3794
2662
1734
2404
3072
1895
128
136
1481
1736
355
-694
-417
-170
-904
-1477
-905
-444
-1516
-3198
-3503
-2317
-1582
-2471
-3951
-4507
-4063
-3560
-3451
-3593
-4055
-4828
-5194
-4415
-3156
-2924
-4070
-4994
-4234
-2690
-2329
-3298
-3553
-2147
-867
-1349
-2419
-1845
75
994
308
-294
264
1086
1302
1373
1684
1973
1930
1612
1218
1217
2151
3197
2664
894
453
2189
3496
2511
1155
1674
2880
2573
1520
1798
3051
3244
2080
1132
1265
1890
2180
1897
1176
414
-27
-172
-191
35
379
-125
-1786
-3004
-2274
-680
-503
-1892
-3035
-3163
-3058
-2910
-2267
-1756
-2521
-3788
-3680
-2501
-2285
-3069
-2638
-835
-529
-2649
-3863
-1466
1978
2169
-451
-1596
418
2585
2512
1752
2392
3493
3107
1991
2323
4002
4833
3977
2976
3038
3638
3965
4009
3850
3198
2461
2530
3203
3119
1790
575
666
1283
860
-544
-1448
-1201
-787
-1249
-2275
-2830
-2496
-1789
-1451
-1730
-2288
-2452
-1777
-619
61
-288
-924
-779
70
596
312
-129
-160
-95
-488
-1175
-1515
-1446
-1475
-1891
-2552
-3190
-3573
-3508
-3132
-2941
-3144
-3521
-3869
-4010
-3510
-2247
-1259
-1651
-2641
-2346
-783
124
-137
160
1645
2303
1058
75
1570
4142
4748
3152
1764
2050
3094
3700
3869
3831
3232
2073
1411
1948
2806
2674
1640
893
858
672
-31
-243
603
1322
494
-1105
-1395
-77
1007
576
-357
-456
-92
-235
-671
-464
48
-314
-1523
-2246
-1787
-1171
-1567
-2554
-2817
-2161
-1809
-2515
-3238
-2494
-805
-279
-1532
-2615
-1711
179
877
218
-215
152
358
263
866
2025
2112
746
33
1321
2813
2259
617
542
2036
2528
1186
249
1123
1996
1136
-24
653
2073
1642
-129
-286
1558
2510
1364
483
1437
2275
1348
664
2200
3770
2457
-26
153
2519
3049
919
-376
693
1206
-665
-2246
-1230
86
-1232
-3631
-3882
-2694
-3119
-4779
-4561
-2619
-2638
-5385
-6823
-4628
-1972
-2193
-3808
-3940
-3245
-3578
-3610
-1400
950
-73
-3222
-3749
-705
1958
1649
279
243
938
1051
1224
2411
3650
3438
2229
1774
2593
3550
3624
3163
2936
2918
2693
2367
2384
2529
2205
1731
1942
2451
1846
252
-193
1399
2786
1747
-449
-1022
110
755
178
-317
-269
-812
-1951
-1982
-720
-441
-2194
-3548
-2358
-544
-1160
-3436
-3921
-1963
-493
-1291
-2627
-2519
-1562
-1181
-1274
-1062
-729
-676
-553
-162
-107
-422
26
1503
2238
876
-759
70
2645
3462
1466
-248
794
2697
2426
638
345
1892
2527
1071
-238
514
1884
1608
236
-135
720
1057
282
-251
237
804
514
-87
-114
295
503
507
672
771
420
-50
43
675
1047
681
-197
-884
-826
-276
-149
-953
-1801
-1737
-1376
-1996
-3134
-2921
-1430
-1025
-2653
-4047
-3143
-1279
-817
-1603
-1881
-1355
-1000
-810
-141
666
772
480
703
1217
1290
1196
1727
2443
2164
1100
653
1287
1878
1582
866
351
34
-145
70
457
211
-761
-1380
-847
76
120
-661
-1080
-606
-41
-112
-444
-334
101
192
-178
-461
-344
-80
7
-41
-87
-313
-806
-1127
-696
204
450
-456
-1537
-1462
-282
664
567
-60
-368
-262
-27
419
1116
1534
1096
220
34
908
1964
2189
1567
873
839
1534
2329
2525
2079
1715
1937
2265
2161
2038
2517
2936
2213
919
826
2035
2526
1292
-181
-322
194
37
-561
-812
-1161
-2152
-2837
-2258
-1531
-2314
-3864
-4046
-2889
-2594
-3834
-4581
-3559
-2408
-2910
-4129
-4107
-3009
-2409
-2505
-2352
-2000
-2355
-2941
-2208
-424
275
-910
-2003
-1188
551
1163
509
209
1007
1886
1870
1434
1726
2826
3619
3332
2571
2563
3464
4266
4218
3696
3382
3354
3479
3715
3862
3485
2597
1917
1912
2230
2193
1517
455
-462
-643
-137
75
-822
-2191
-2599
-1944
-1563
-2159
-2814
-2590
-2165
-2508
-3070
-2669
-1642
-1491
-2348
-2776
-2124
-1447
-1585
-1838
-1492
-1232
-1755
-2288
-1831
-964
-901
-1460
-1593
-1251
-1241
-1410
-838
218
394
-467
-713
536
1886
1836
1120
1422
2699
3403
3079
2900
3498
3980
3716
3586
4345
5017
4246
2688
2341
3577
4466
3552
1859
1113
1260
1034
334
233
658
71
-1899
-3281
-2525
-1098
-1328
-2858
-3507
-2986
-3146
-4298
-4325
-2430
-1104
-2514
-4949
-5285
-3341
-1559
-1339
-1942
-2644
-3478
-3796
-2567
-439
320
-1137
-2833
-2839
-1630
-733
-377
-15
-62
-1013
-1923
-1397
190
1146
1054
789
674
270
-26
1010
3061
4160
3295
1809
1517
2535
3901
4831
4915
4129
3180
3085
3750
4093
3862
3823
4013
3352
1816
1113
2055
3020
2256
486
-340
41
302
-157
-773
-1212
-1671
-1940
-1693
-1564
-2298
-3229
-3105
-2246
-2175
-3053
-3433
-2753
-2242
-2750
-3286
-2797
-1874
-1695
-2193
-2424
-2064
-1599
-1383
-1209
-880
-626
-792
-1231
-1167
-143
1025
986
-249
-973
-4
1678
2264
1491
693
848
1669
2409
2708
2640
2468
2494
2709
2846
2826
2944
3281
3415
2981
2148
1501
1556
2224
2655
1893
162
-971
-580
225
-100
-1216
-1724
-1725
-2420
-3553
-3500
-2257
-1950
-3398
-4717
-4400
-3548
-3559
-3732
-3136
-2775
-3697
-4588
-3617
-1667
-1147
-2263
-2949
-2162
-1058
-752
-813
-477
50
145
-148
-178
547
1639
2077
1467
740
1023
2095
2809
2766
2611
2652
2503
2249
2621
3627
4166
3617
2752
2523
2903
3394
3796
3861
3323
2539
2240
2493
2707
2762
2890
2681
1544
291
558
2006
2320
698
-759
-431
242
-471
-1509
-1088
-175
-1046
-3200
-3827
-2326
-1273
-2381
-4123
-4451
-3725
-3471
-3865
-4038
-3906
-4043
-4337
-4110
-3360
-2890
-3003
-3062
-2567
-1923
-1653
-1432
-717
142
291
-173
-129
932
2092
2245
1606
1175
1430
2115
2764
3008
2494
1546
1214
1992
2958
2864
1848
1046
1022
1391
1686
1775
1466
707
20
86
722
954
364
-291
-250
129
18
-571
-781
-305
120
-173
-852
-1133
-931
-805
-963
-957
-661
-737
-1553
-2220
-1663
-409
-118
-1118
-1898
-1443
-624
-442
-380
139
294
-537
-1029
216
1865
1597
-50
-399
1032
1898
1078
392
1143
1873
1106
54
528
1748
1751
567
-22
587
1140
820
263
188
362
298
84
-43
-142
-270
-292
-180
-263
-682
-1032
-881
-406
-243
-691
-1291
-1397
-995
-596
-465
-454
-582
-1028
-1458
-1092
47
718
94
-989
-1162
-399
265
393
358
270
-45
-246
79
557
585
478
852
1180
600
-287
-46
1248
1896
1211
333
171
311
385
837
1557
1442
240
-631
-77
1043
1376
952
548
251
-159
-173
626
1392
993
-159
-669
-205
302
310
165
41
-346
-833
-772
-209
-42
-568
-1006
-798
-453
-688
-1233
-1345
-897
-522
-774
-1410
-1751
-1501
-1108
-1060
-1296
-1461
-1541
-1732
-1741
-1322
-955
-1194
-1649
-1512
-977
-827
-974
-703
-125
-134
-625
-451
530
1122
728
325
777
1463
1553
1362
1560
1884
1826
1663
1880
2207
2053
1647
1651
1964
1910
1441
1273
1540
1444
757
316
772
1377
1004
-78
-656
-225
443
534
136
-385
-809
-919
-547
-25
4
-550
-1092
-1221
-1159
-1087
-850
-649
-1042
-1848
-2109
-1551
-1150
-1510
-1827
-1408
-1008
-1485
-2074
-1477
-153
202
-612
-1007
-143
830
797
451
891
1715
1807
1266
1153
1741
2196
2049
1779
1772
1667
1271
1128
1540
1822
1263
446
422
988
994
304
102
794
1067
80
-870
-235
1162
1200
-254
-1131
-341
664
347
-620
-765
-164
-77
-736
-1138
-869
-612
-919
-1365
-1481
-1426
-1473
-1609
-1817
-2211
-2456
-2058
-1467
-1806
-3033
-3529
-2448
-1222
-1483
-2582
-2744
-1852
-1291
-1354
-1005
-145
79
-467
-326
966
1894
1514
1054
1807
2857
2700
1862
1914
2836
3208
2654
2202
2237
2034
1450
1367
1956
2030
950
-201
-219
472
669
185
-293
-545
-820
-914
-477
75
-64
-762
-1061
-639
-158
-155
-254
-116
-129
-527
-762
-302
320
241
-435
-837
-671
-440
-406
-352
-334
-719
-1297
-1332
-790
-501
-794
-1063
-997
-1112
-1489
-1239
-159
413
-437
-1477
-988
513
1141
633
402
982
1329
1042
1233
2358
3110
2532
1723
2034
2949
3187
2869
2942
3248
2901
2133
2029
2616
2820
2265
1650
1337
886
309
315
801
608
-715
-1972
-1966
-1294
-1343
-2291
-3096
-3177
-3162
-3587
-4030
-3933
-3556
-3672
-4334
-4709
-4251
-3516
-3409
-3804
-3775
-3080
-2561
-2752
-2868
-2077
-1012
-902
-1555
-1471
-330
510
264
-76
517
1235
991
480
1043
2254
2362
1252
757
1737
2817
2650
1986
2042
2508
2508
2354
2850
3463
3141
2337
2407
3300
3561
2802
2286
2688
3051
2528
1817
1775
1991
1723
1214
1060
985
442
-198
-198
172
-24
-863
-1494
-1533
-1433
-1582
-1818
-2017
-2348
-2734
-2863
-2727
-2682
-2782
-2790
-2759
-2943
-3179
-2959
-2296
-1853
-1947
-2149
-2022
-1708
-1395
-873
-161
180
-188
-622
-204
946
1815
1818
1366
1108
1300
1886
2634
3085
2811
2074
1716
2239
3111
3366
2783
2015
1813
2173
2452
2254
1799
1481
1303
1014
703
605
567
204
-344
-563
-504
-701
-1239
-1494
-1228
-1064
-1415
-1852
-1880
-1728
-1706
-1536
-1168
-1189
-1826
-2245
-1642
-649
-478
-1142
-1690
-1665
-1322
-885
-464
-515
-1280
-1955
-1615
-692
-420
-966
-1370
-1279
-1216
-1291
-991
-447
-514
-1144
-1272
-602
-191
-525
-657
-58
345
-148
-571
57
924
837
301
534
1191
1089
598
1058
2141
2186
1135
856
1999
2792
2094
1325
1946
2871
2435
1359
1435
2452
2629
1728
1235
1593
1620
853
509
1173
1523
502
-802
-834
-3
181
-571
-1247
-1363
-1432
-1691
-1750
-1541
-1592
-1975
-2144
-1938
-1829
-2009
-1900
-1285
-835
-1084
-1486
-1185
-341
197
214
227
482
689
735
962
1453
1776
1670
1463
1489
1623
1630
1629
1765
1767
1429
1043
1014
1172
1041
710
609
695
497
7
-219
-14
83
-260
-587
-528
-504
-892
-1230
-991
-634
-898
-1468
-1486
-1080
-1123
-1602
-1617
-1092
-1026
-1672
-2014
-1543
-1169
-1601
-2047
-1684
-1234
-1708
-2446
-2147
-1209
-1153
-2036
-2293
-1433
-862
-1341
-1659
-822
81
-263
-959
-361
1031
1384
615
507
1584
2268
1756
1403
2274
3151
2641
1666
1945
3089
3267
2271
1747
2323
2696
2043
1376
1670
2133
1612
607
420
987
1034
202
-471
-362
-131
-493
-1053
-1141
-983
-1202
-1688
-1781
-1453
-1378
-1810
-2147
-1876
-1395
-1408
-1779
-1768
-1271
-939
-1133
-1288
-861
-274
-212
-520
-419
215
647
516
406
818
1326
1312
1078
1361
2013
2214
1848
1697
2135
2540
2391
2142
2306
2476
2159
1787
1994
2387
2096
1253
896
1257
1441
871
158
14
99
-232
-854
-1120
-1029
-1143
-1652
-2113
-2182
-2123
-2214
-2404
-2513
-2527
-2582
-2661
-2642
-2499
-2319
-2239
-2306
-2417
-2324
-1975
-1662
-1709
-1964
-1924
-1509
-1237
-1406
-1581
-1286
-814
-811
-1157
-1119
-565
-144
-220
-329
-17
413
538
584
984
1560
1764
1594
1640
2170
2737
2866
2691
2628
2792
2966
2933
2762
2643
2587
2421
2026
1609
1412
1365
1168
704
236
-12
-182
-461
-733
-783
-735
-929
-1370
-1631
-1415
-1028
-960
-1218
-1376
-1218
-1028
-1031
-1007
-713
-390
-484
-871
-943
-533
-144
-117
-239
-218
-209
-380
-382
75
596
545
72
-73
306
710
819
860
1051
1098
835
717
1091
1565
1595
1293
1158
1245
1254
1202
1334
1571
1499
1074
771
858
1069
1077
879
646
393
164
101
165
128
-153
-497
-671
-738
-839
-980
-1129
-1332
-1583
-1751
-1780
-1863
-2125
-2368
-2426
-2436
-2631
-2878
-2892
-2763
-2822
-3092
-3171
-2884
-2598
-2624
-2738
-2555
-2175
-1915
-1749
-1438
-970
-667
-555
-296
266
845
1140
1306
1603
2011
2326
2578
2903
3286
3494
3469
3473
3683
3949
4002
3846
3678
3594
3466
3261
3049
2883
2624
2208
1774
1447
1248
968
595
200
-135
-439
-709
-904
-1044
-1233
-1522
-1735
-1802
-1793
-1856
-1973
-2046
-2061
-2109
-2156
-2134
-2065
-2047
-2106
-2125
-2064
-2022
-2037
-1982
-1851
-1750
-1770
-1794
-1681
-1478
-1297
-1219
-1134
-975
-765
-580
-371
-116
136
346
538
767
1046
1335
1553
1741
1938
2165
2369
2472
2527
2635
2789
2893
2839
2718
2688
2711
2663
2467
2257
2113
1931
1694
1441
1234
1006
676
343
91
-124
-401
-756
-1069
-1279
-1489
-1736
-1980
-2156
-2258
-2382
-2506
-2577
-2554
-2490
-2453
-2382
-2235
-2033
-1857
-1694
-1500
-1237
-985
-808
-653
-456
-248
-125
-31
96
241
312
297
316
395
439
420
415
480
520
466
439
529
658
691
663
708
818
863
840
888
1007
1044
949
871
894
930
843
719
655
646
530
283
175
126
82
-49
-170
-250
-360
-507
-622
-525
-437
-547
-760
-873
-832
-720
-685
-731
-753
-831
-931
-981
-904
-727
-718
-858
-973
-951
-843
-781
-693
-505
-361
-405
-508
-392
-4
349
425
388
454
587
711
853
1090
1264
1161
947
933
1122
1248
1190
1106
1106
1048
860
788
966
1155
1068
800
695
780
832
805
815
857
755
509
380
518
684
600
357
168
138
132
88
36
-59
-198
-381
-507
-540
-580
-693
-823
-912
-998
-1108
-1227
-1265
-1231
-1230
-1298
-1395
-1421
-1351
-1250
-1181
-1157
-1131
-1057
-940
-813
-704
-615
-487
-306
-118
6
72
199
410
624
753
797
841
925
1034
1152
1230
1224
1142
1057
1044
1077
1050
932
776
618
476
332
221
120
-18
-200
-402
-585
-735
-862
-884
-912
-979
-1180
-1425
-1419
-1348
-1213
-1194
-1232
-1356
-1463
-1367
-1205
-968
-807
-855
-914
-900
-772
-545
-344
-141
-148
-168
-96
0
199
496
639
655
654
715
884
1058
1278
1429
1426
1372
1386
1556
1747
1785
1751
1722
1668
1520
1448
1617
1742
1535
1181
1007
1012
1014
925
856
768
526
173
4
180
299
125
-162
-303
-354
-490
-596
-504
-371
-489
-810
-965
-861
-781
-860
-940
-838
-832
-1058
-1168
-968
-806
-858
-927
-894
-731
-661
-709
-584
-386
-380
-430
-338
-127
18
22
4
76
118
99
175
325
380
265
133
99
155
209
210
206
143
-34
-188
-192
-101
-71
-162
-304
-410
-481
-530
-523
-456
-429
-521
-664
-726
-665
-583
-535
-508
-513
-532
-564
-554
-447
-310
-223
-224
-248
-247
-191
-86
28
131
168
115
70
125
250
359
411
387
353
357
371
464
590
647
610
541
534
615
726
796
822
806
744
732
795
901
968
920
822
745
735
761
786
738
608
457
341
305
305
267
152
25
-89
-179
-204
-172
-134
-179
-310
-380
-360
-301
-259
-248
-240
-282
-352
-362
-297
-236
-265
-348
-412
-411
-405
-440
-461
-444
-445
-501
-552
-528
-478
-481
-525
-566
-553
-508
-487
-487
-466
-468
-486
-455
-364
-272
-261
-292
-273
-186
-100
-33
30
93
135
130
161
268
382
446
462
466
472
489
534
606
651
623
531
463
464
477
474
432
341
224
109
54
55
30
-72
-204
-315
-377
-384
-407
-454
-514
-588
-634
-656
-640
-584
-559
-558
-567
-574
-523
-448
-375
-327
-302
-281
-266
-226
-154
-58
10
22
19
49
128
217
270
313
357
395
446
499
556
628
670
692
727
761
797
800
792
807
825
813
771
726
695
664
587
511
454
401
308
194
132
116
60
-49
-126
-151
-153
-208
-278
-288
-274
-300
-368
-400
-340
-290
-319
-368
-371
-309
-291
-313
-332
-310
-270
-303
-326
-307
-275
-276
-316
-308
-281
-276
-315
-338
-298
-274
-293
-316
-295
-253
-247
-256
-241
-204
-187
-200
-185
-146
-104
-103
-110
-86
-31
-3
-42
1
35
46
68
65
61
76
134
131
126
148
154
160
163
169
165
190
184
127
130
149
161
137
76
98
110
62
44
30
46
35
3
3
-21
-9
1
-24
-7
2
-29
-33
-3
16
9
-1
-8
-4
17
7
-5
-2
4
-2
-14
-4
7
7
4
10
16
26
23
29
58
71
84
94
119
152
164
201
214
254
267
262
321
341
343
332
346
367
385
396
366
373
372
345
343
335
313
268
217
173
154
106
0
-42
-71
-144
-206
-293
-365
-418
-479
-549
-588
-609
-660
-705
-750
-765
-741
-743
-745
-751
-740
-684
-651
-616
-566
-498
-436
-395
-339
-272
-199
-137
-103
-49
7
56
102
143
195
241
272
303
339
366
383
400
436
446
451
457
467
500
488
456
453
450
451
451
420
388
358
320
290
251
218
176
119
67
20
-15
-76
-126
-167
-197
-210
-251
-294
-318
-335
-341
-365
-393
-387
-380
-384
-392
-379
-347
-324
-312
-297
-248
-202
-159
-132
-93
-33
31
109
163
197
258
331
403
462
484
510
566
626
651
665
659
667
676
666
655
627
597
538
490
473
438
365
294
221
157
106
22
-67
-138
-202
-266
-324
-386
-442
-477
-529
-583
-604
-628
-649
-659
-678
-671
-665
-655
-632
-605
-578
-548
-515
-474
-427
-379
-331
-287
-245
-204
-151
-99
-59
-23
14
62
91
101
124
150
177
190
183
179
186
205
200
194
198
188
182
174
162
174
183
171
151
149
163
161
144
140
141
145
147
143
146
148
129
102
97
101
103
75
54
46
26
11
-5
-14
-22
-36
-50
-64
-67
-71
-76
-63
-61
-64
-69
-72
-55
-37
-33
-40
-41
-22
5
14
21
25
39
66
79
85
92
101
97
108
128
131
131
126
128
134
137
132
118
118
125
124
117
113
107
100
90
86
72
55
48
14
-20
-65
-89
-97
-131
-165
-196
-225
-254
-293
-320
-327
-341
-364
-386
-411
-423
-410
-394
-376
-379
-391
-367
-332
-306
-277
-258
-229
-189
-148
-94
-62
-19
36
81
118
176
235
272
316
355
396
420
432
460
487
509
499
476
501
528
504
477
473
468
461
441
424
405
365
320
298
303
276
214
145
117
101
50
-1
-45
-89
-132
-202
-248
-276
-319
-391
-461
-491
-516
-574
-649
-675
-690
-735
-786
-811
-796
-778
-806
-806
-766
-726
-682
-634
-558
-476
-411
-351
-252
-142
-56
26
120
232
323
386
471
576
673
733
764
822
915
968
988
1012
1036
1047
1033
1012
1003
978
924
866
809
738
665
570
474
392
287
178
76
-23
-118
-233
-346
-436
-523
-610
-704
-783
-828
-881
-944
-999
-1038
-1053
-1061
-1082
-1085
-1064
-1035
-1003
-955
-899
-832
-763
-700
-615
-528
-428
-319
-226
-127
-39
55
165
262
349
425
501
586
647
712
765
807
853
874
894
934
948
936
933
939
926
905
865
826
810
762
703
636
570
511
429
342
273
195
97
-3
-90
-145
-228
-333
-412
-477
-550
-615
-668
-706
-736
-784
-828
-844
-842
-816
-798
-803
-783
-758
-714
-636
-560
-496
-436
-380
-321
-234
-154
-80
-2
47
83
113
157
212
246
268
260
250
266
269
278
277
275
259
244
253
260
267
252
243
246
244
257
245
238
250
257
268
248
243
251
258
261
250
231
228
227
195
171
149
117
72
11
-29
-64
-115
-181
-235
-278
-326
-361
-393
-430
-435
-447
-465
-462
-433
-382
-348
-334
-311
-273
-201
-136
-91
-42
-1
41
87
143
189
205
237
252
264
279
287
313
330
337
333
332
347
371
385
370
363
369
368
356
347
343
330
310
278
258
236
208
164
121
87
32
-39
-75
-110
-164
-238
-322
-375
-426
-483
-533
-570
-607
-653
-691
-700
-704
-706
-714
-707
-668
-652
-630
-595
-543
-484
-426
-369
-317
-255
-191
-116
-43
1
60
128
196
254
288
331
364
402
441
461
471
490
503
499
504
505
483
485
472
443
448
422
402
385
350
323
284
251
231
217
193
150
110
79
41
5
-27
-55
-79
-94
-117
-162
-189
-199
-202
-203
-230
-249
-246
-240
-245
-251
-243
-222
-201
-186
-174
-162
-150
-125
-112
-100
-66
-46
-33
-2
31
51
55
52
74
101
125
131
121
125
127
130
134
133
114
97
93
94
93
63
48
43
33
26
-1
-21
-31
-37
-52
-75
-78
-87
-119
-142
-139
-140
-161
-167
-177
-184
-187
-197
-183
-161
-154
-167
-167
-143
-115
-97
-81
-61
-43
-25
0
32
52
74
101
131
137
150
169
177
198
200
187
190
197
195
180
165
150
137
115
87
75
64
38
18
-9
-23
-28
-43
-41
-53
-56
-62
-77
-74
-75
-68
-64
-68
-65
-64
-67
-71
-70
-48
-45
-66
-64
-53
-29
-20
-44
-36
-7
-3
-18
-23
2
20
17
-1
8
40
33
27
28
33
47
37
48
59
58
64
69
79
90
88
80
88
94
89
75
59
58
58
59
42
27
17
1
4
-5
-14
-16
-28
-34
-49
-39
-22
-34
-41
-57
-67
-46
-47
-60
-64
-70
-64
-68
-65
-54
-64
-72
-74
-63
-49
-43
-60
-61
-51
-50
-41
-42
-29
-25
-36
-44
-37
-26
-23
-21
-32
-32
-23
-21
-21
-19
-7
-2
2
13
16
23
26
21
26
47
56
55
56
53
61
67
76
81
69
54
44
49
65
77
77
68
56
55
63
71
77
68
50
53
54
40
37
36
32
31
13
1
-6
-5
-13
-25
-26
-40
-47
-61
-59
-51
-57
-60
-66
-58
-52
-51
-46
-43
-48
-49
-36
-21
-12
-13
-20
-12
-13
-15
-13
-3
5
-7
-10
-18
1
19
12
13
6
4
3
5
15
13
10
-4
-7
1
-5
-3
-2
1
-1
-8
-1
-4
8
6
-15
-14
-9
1
1
-6
-10
-9
-9
-11
-8
0
1
1
5
0
4
6
0
4
5
-9
-11
3
14
5
-3
6
8
7
-4
-14
1
9
4
3
8
12
8
4
11
15
10
0
-6
4
12
4
16
30
29
28
25
24
29
35
24
25
33
33
33
26
18
24
21
17
29
24
12
11
23
31
23
10
8
19
23
22
14
9
8
-1
-4
-5
-16
-25
-25
-26
-28
-33
-33
-26
-26
-37
-42
-35
-34
-35
-45
-45
-45
-49
-51
-50
-50
-63
-70
-68
-51
-46
-51
-53
-59
-44
-25
-27
-27
-28
-25
-21
-7
-10
-19
-13
-8
2
16
28
28
37
43
47
54
59
54
49
54
63
73
70
74
70
71
72
68
59
46
52
58
54
42
31
31
30
27
23
12
6
0
4
1
-3
-6
-17
-14
-19
-30
-36
-42
-41
-27
-41
-50
-43
-52
-56
-56
-50
-45
-46
-52
-43
-35
-30
-29
-38
-25
-5
2
-5
-9
3
7
7
-3
3
22
27
24
34
44
44
53
55
53
55
57
58
53
43
43
57
60
50
58
54
44
35
24
30
14
8
2
-16
-17
-17
-23
-27
-30
-34
-37
-40
-45
-44
-59
-71
-64
-63
-70
-80
-88
-77
-75
-74
-74
-78
-61
-57
-61
-51
-37
-41
-57
-32
-13
-13
-19
-35
-23
-16
-10
-3
6
16
15
19
25
44
54
50
48
56
68
66
68
77
73
70
68
65
75
83
70
57
62
59
59
59
58
60
52
42
37
42
35
25
23
21
11
-6
-2
2
-3
-8
-23
-32
-38
-47
-38
-36
-41
-51
-64
-51
-43
-48
-46
-35
-31
-35
-33
-36
-33
-29
-36
-33
-23
-16
-22
-21
-8
-6
-9
-10
-6
0
2
0
9
18
11
13
23
29
32
20
9
25
33
20
21
24
31
34
26
15
14
21
11
-11
-6
8
8
3
-8
-5
-1
-10
-19
-23
-26
-40
-50
-38
-34
-39
-49
-50
-34
-34
-42
-56
-50
-39
-48
-52
-42
-37
-32
-30
-25
-11
-9
-18
-19
1
12
10
17
26
39
54
44
45
57
50
58
67
75
72
66
63
73
83
80
69
72
75
57
49
46
57
63
32
20
29
16
4
-8
-18
-14
-26
-46
-43
-35
-32
-30
-37
-39
-41
-43
-43
-45
-44
-46
-49
-49
-51
-54
-56
-51
-48
-42
-35
-30
-20
-11
-14
-7
-9
-15
4
8
9
10
-4
-3
12
13
16
20
25
39
37
27
26
38
43
46
37
27
33
32
19
18
14
16
19
2
11
17
5
-9
-10
-6
-17
-34
-36
-32
-37
-50
-62
-52
-44
-49
-53
-42
-37
-33
-26
-35
-21
-8
-17
-13
-5
5
12
14
17
27
26
19
30
39
38
44
49
48
47
50
40
44
50
38
38
45
47
44
35
40
44
39
32
28
26
16
11
12
17
16
4
-11
-22
-27
-32
-42
-49
-54
-63
-68
-67
-73
-76
-82
-83
-75
-76
-73
-64
-55
-57
-47
-42
-41
-36
-26
-8
-8
-7
-3
5
5
-1
6
13
20
31
43
49
51
58
59
50
53
61
65
53
51
66
65
57
53
55
49
49
47
46
62
56
41
40
36
28
27
27
23
16
10
-5
-17
-14
-19
-26
-24
-26
-32
-43
-41
-31
-32
-41
-60
-52
-45
-45
-54
-55
-46
-56
-52
-58
-57
-45
-47
-47
-42
-42
-40
-40
-35
-31
-28
-25
-17
-10
0
11
17
17
14
23
24
28
35
41
51
51
53
51
48
45
41
47
47
50
40
30
36
31
28
24
18
24
21
12
7
-1
-7
-5
-9
-19
-15
-20
-34
-45
-45
-46
-49
-53
-53
-51
-48
-36
-38
-39
-33
-28
-25
-34
-34
-25
-25
-17
-11
3
10
-2
-4
-5
14
18
-1
9
17
25
32
23
37
53
52
44
40
45
53
54
61
75
76
75
77
78
71
63
58
64
61
43
32
38
48
38
19
14
9
-3
-13
-17
-24
-38
-51
-55
-54
-51
-56
-65
-71
-73
-73
-79
-84
-84
-86
-80
-80
-73
-62
-63
-64
-56
-53
-51
-42
-41
-25
-7
-14
-19
-11
-1
-4
-10
7
17
14
16
26
37
42
32
26
36
49
58
58
54
49
46
45
49
40
35
32
25
28
24
21
21
20
16
17
13
6
8
8
12
0
-19
-16
-7
-9
-8
-17
-27
-28
-29
-25
-22
-12
-13
-21
-14
-7
-6
-12
-11
-9
-13
-11
-17
-11
11
7
-3
-11
-8
-3
-4
-1
-5
-7
3
8
6
13
26
22
23
28
31
45
44
48
49
37
28
26
27
20
16
23
24
17
23
22
20
27
11
1
2
-2
11
5
-13
-14
-26
-24
-23
-27
-31
-34
-30
-31
-31
-22
-22
-29
-32
-32
-30
-30
-24
-29
-30
-11
-17
-29
-33
-26
-16
-27
-24
-22
-21
-23
-28
-12
-10
-8
-8
-14
-8
1
4
-4
-4
2
1
6
18
17
14
12
3
8
15
12
16
12
11
22
28
31
29
26
26
18
16
28
31
31
16
11
18
22
14
7
8
3
0
4
10
5
-5
1
7
5
1
-6
-11
-6
-1
-15
-30
-23
-17
-19
-25
-19
-1
1
-3
3
3
2
0
8
19
16
11
6
7
14
22
13
15
20
18
29
27
23
15
15
8
-4
9
11
6
1
-8
-9
-4
-10
-7
-5
-9
-10
-14
-5
-1
-7
-5
-5
-16
-14
-15
-13
-4
-9
-17
-17
-4
-3
-1
7
3
-2
-8
-15
-11
-5
8
-2
-27
-24
-15
-12
-10
-13
-19
-21
-17
-10
0
8
11
-5
-6
4
10
4
-5
0
-4
-6
-8
-3
7
10
-2
-4
6
-2
-2
6
1
-4
-14
-27
-28
-7
-2
-6
-10
-21
-17
-19
-9
-3
-8
-6
-9
1
1
-3
0
-6
-9
3
3
5
17
19
28
23
20
21
22
25
32
44
33
25
28
30
33
33
30
15
12
21
16
20
19
8
9
14
22
28
25
13
2
12
24
20
20
22
18
10
0
4
7
0
-7
-2
-1
-5
-15
-18
-19
-15
-5
-7
-11
-8
-14
-20
-17
-18
-21
-25
-29
-30
-22
-26
-28
-32
-37
-30
-33
-28
-33
-39
-35
-33
-37
-40
-39
-37
-38
-42
-25
-19
-18
-19
-20
-23
-27
-22
-19
-13
1
11
18
18
21
27
33
33
23
18
20
27
32
45
52
47
43
40
37
38
34
31
34
31
29
27
21
18
14
15
26
17
4
-1
-5
3
5
-4
-9
-10
-5
-12
-26
-29
-21
-15
-21
-20
-14
-13
-15
-13
-15
-16
-17
-20
-15
-17
-15
-10
-18
-17
-14
-18
-11
-5
5
12
8
9
13
10
15
16
11
15
22
26
22
25
18
13
15
5
8
11
18
25
22
26
40
38
18
28
27
23
16
8
25
26
18
16
15
20
6
-18
-28
-26
-26
-47
-53
-51
-45
-34
-42
-46
-42
-47
-40
-32
-35
-28
-27
-29
-24
-27
-26
-20
-21
-29
-25
-23
-19
-11
-12
-2
-3
-3
6
3
4
14
10
4
14
7
8
14
19
24
28
22
18
31
38
39
33
19
22
14
9
15
12
17
16
14
15
17
14
4
-3
4
12
-5
-16
-8
-3
0
-14
-18
-2
-6
-9
-7
-8
-2
2
8
11
2
0
0
-6
0
-1
1
4
-7
-7
-4
-8
-11
-1
1
2
14
9
15
28
28
30
29
27
24
21
23
23
21
24
16
18
15
16
19
18
24
25
24
10
11
8
2
-4
-12
-5
-7
-17
-25
-23
-21
-23
-29
-40
-43
-45
-53
-65
-73
-68
-69
-87
-70
-66
-59
-43
-45
-35
-32
-35
-38
-27
-16
-21
-14
-2
-1
13
3
5
17
16
19
16
19
22
30
30
30
36
41
39
40
46
40
40
39
48
59
50
47
48
62
63
52
53
51
55
55
42
39
46
42
32
24
12
6
-1
-11
-13
-13
-19
-20
-20
-24
-30
-42
-46
-48
-49
-47
-50
-49
-56
-59
-57
-60
-51
-41
-33
-34
-33
-24
-27
-37
-27
-35
-36
-26
-24
-22
-26
-7
9
7
14
22
34
32
32
30
27
31
34
38
29
32
35
39
35
30
35
25
31
35
27
22
26
25
19
25
16
14
16
-4
-7
-4
-15
-16
-20
-24
-8
-16
-32
-31
-37
-40
-39
-35
-29
-21
-24
-32
-26
-29
-38
-35
-32
-21
-14
-16
-15
-9
-8
-2
3
11
17
10
9
9
20
28
29
36
39
33
35
44
40
31
36
32
25
22
19
25
21
24
24
20
23
21
10
7
-1
-6
0
2
-4
-14
-13
-20
-27
-26
-33
-38
-38
-33
-32
-40
-38
-28
-21
-21
-22
-15
-11
-8
-10
-9
1
-3
-3
-6
-12
-2
4
-1
3
-1
0
4
1
3
8
11
22
24
15
21
24
19
15
14
14
15
14
19
11
4
6
0
3
1
2
1
-1
2
3
4
4
2
-4
-8
-5
-6
-12
-21
-23
-20
-26
-27
-24
-8
-2
-7
