SAMPLES:
17468
BITSPERSAMPLE:
16
CHANNELS:
1
SAMPLERATE:
16000
NORMALIZED:
FALSE
10
8
16
9
16
22
19
19
14
15
24
23
25
30
18
21
18
6
9
12
13
11
18
13
17
23
16
21
16
14
21
18
19
10
6
14
1
-1
2
-13
-12
-10
-19
-16
-24
-26
-22
-16
-15
-26
-19
-22
-27
-35
-38
-28
-30
-24
-19
-31
-20
-15
-24
-17
-16
-14
-12
-16
-15
0
9
-2
-5
1
-2
-5
9
11
13
11
15
30
29
29
23
17
26
24
31
30
23
25
17
19
18
20
16
2
5
12
11
9
-3
-4
-5
-8
-3
-9
-3
-1
-9
-9
-4
-14
-15
-18
-16
-11
-12
-11
-18
-14
-13
-9
-14
-13
-13
-15
-11
-20
-13
-5
-7
-3
4
-2
-6
0
5
3
-2
-4
-9
1
7
4
13
10
16
25
17
25
32
32
27
19
14
13
14
11
10
3
-3
-2
-9
1
2
2
14
3
12
13
17
20
9
12
7
2
-12
-19
-18
-22
-17
-27
-18
-11
-15
-8
-8
-13
-12
-10
-16
-7
-11
-20
-13
-16
-15
-20
-30
-17
-19
-21
-10
-2
4
5
-4
-9
-7
-15
-9
-12
-18
-12
-7
7
19
23
16
20
27
18
24
24
16
11
8
16
16
7
14
9
14
21
6
7
4
0
1
5
4
14
6
-6
7
0
-3
-4
-3
-1
-1
1
-2
0
-3
-7
-6
2
5
-1
-5
-3
-7
-16
-14
-9
-9
-4
4
9
9
0
2
-1
-3
-4
6
6
1
16
12
5
10
9
4
2
-1
-5
-6
1
-5
-5
7
0
4
9
1
-3
0
-4
-17
-13
-5
-3
-12
-10
-2
-8
-11
-7
-12
-15
-10
-14
-17
-4
1
-4
4
10
2
0
-1
-10
1
-4
-18
3
5
0
1
1
3
-7
-14
-8
-6
-6
0
7
8
18
17
13
19
14
18
13
6
5
-1
7
0
-1
-1
5
5
-6
11
7
1
14
3
-4
0
-3
0
-1
3
6
5
4
-9
-7
-8
-6
1
6
2
3
3
4
2
-2
-9
-12
-8
-7
-6
1
3
6
18
13
10
11
12
5
-2
2
-3
-8
0
4
-6
-11
-15
-4
-1
-10
-3
4
0
2
8
5
1
-8
-4
1
-10
-11
-5
-19
-21
-17
-17
-4
-12
-11
1
-7
-8
-11
-5
0
-6
-5
-1
-4
-1
11
8
7
21
26
17
17
15
11
2
-6
3
9
5
-1
9
16
11
11
9
6
13
17
17
15
16
25
15
6
2
0
-7
-15
-13
-17
-10
-7
-11
-7
-8
-9
-11
-6
-8
-17
-13
-6
-10
-13
-20
-22
-19
-29
-26
-22
-27
-28
-11
-6
-14
-8
-13
-7
-6
-7
-6
-10
-10
3
15
8
16
20
11
17
21
14
15
16
10
8
13
16
15
12
16
16
16
26
32
29
24
28
35
33
25
17
14
25
22
11
11
15
9
1
-2
-3
-7
-15
-10
-4
-3
-11
-11
-1
-8
-16
-2
-6
-11
-13
-22
-14
-32
-40
-34
-43
-45
-35
-26
-25
-19
-15
-11
-9
-10
-6
-14
-12
-6
-11
-7
-10
-18
-10
-18
-28
-18
-18
-19
-5
-8
-5
-7
-8
9
3
13
21
20
23
14
12
22
20
13
14
17
22
11
19
20
28
36
21
28
32
34
33
29
33
30
21
14
9
-3
-2
2
-3
0
3
7
16
13
11
14
6
-1
10
2
-1
2
-13
-12
-24
-13
-6
-25
-21
-27
-27
-8
-17
-21
-11
-15
-4
-7
-9
-17
-23
-17
-35
-25
-17
-30
-11
-26
-17
-13
-19
-7
-22
-14
-12
-14
-10
-14
-8
6
14
11
19
13
4
8
10
13
23
23
21
20
15
14
22
16
15
18
14
29
20
22
32
17
19
13
7
7
1
7
8
-4
-3
-5
-12
-5
-7
-8
-9
-4
-6
-15
-7
-15
-17
-13
-18
-15
-14
-12
-14
-12
-7
-14
-10
-7
-19
-5
0
-4
0
0
7
-5
-8
0
-13
-10
-11
-16
-5
-1
7
10
12
13
17
20
11
11
10
12
0
-15
-11
-8
-2
-1
8
13
18
19
7
14
14
12
10
10
16
16
12
6
7
4
0
-7
-11
-5
2
-1
3
7
8
13
10
0
-10
-7
-3
-2
-6
-13
-5
3
0
-2
-7
-11
-7
-9
-9
-10
-13
-5
1
3
-11
-11
-2
-7
-8
-10
-9
-6
-6
-2
5
9
3
7
5
2
4
-7
-2
0
-9
6
14
6
8
7
-5
1
-1
-14
-12
-11
-8
-18
-18
-9
3
6
-12
-7
2
-1
-9
-14
-3
-9
-11
-5
-7
3
-4
0
3
-5
-6
0
3
15
13
9
9
4
10
9
5
1
10
5
2
5
4
14
14
11
14
16
19
16
21
14
13
11
3
5
5
10
-1
8
15
6
8
-6
-2
12
20
10
6
17
2
8
12
0
-5
-6
-13
-12
-14
-26
-19
-15
-10
-17
-22
-7
-15
-14
-16
-19
-14
-21
-19
-9
2
-1
-4
-8
-1
-6
-14
-13
-12
-8
-19
-17
-12
-9
-6
7
13
1
4
1
-1
-4
3
2
-7
-3
-11
-5
-10
-10
3
7
18
26
19
24
24
21
35
24
16
15
6
2
8
3
-3
-6
-16
-3
4
-2
4
1
1
7
2
14
7
3
11
-5
-1
10
13
2
1
0
-9
-6
-6
-6
-4
0
-6
-6
-5
2
8
-1
4
-2
-8
4
-6
-1
0
-12
-7
-11
-13
-15
-9
-14
-17
-13
-15
-7
-13
-8
5
-6
0
2
-1
3
2
11
10
11
17
13
15
18
18
7
2
-6
-5
2
2
3
8
14
6
18
20
12
13
2
5
5
0
-5
-15
-11
-7
-11
-1
1
6
15
10
15
10
2
-1
-4
-4
-9
-5
-8
-8
-5
-11
-3
-8
-22
-15
-13
-12
-16
-14
-14
-27
-22
-23
-24
-14
-15
-8
5
7
1
-4
-1
-4
-2
-2
-8
-12
-14
-10
-5
7
-3
-3
12
2
0
7
12
13
12
21
30
25
21
27
23
18
20
25
33
23
18
20
13
17
19
13
5
7
7
0
5
8
7
-2
-5
2
-3
-5
0
-8
-12
-11
-16
-14
-10
-13
-11
-20
-26
-23
-17
-14
-15
-17
-16
-14
-15
-7
-14
-19
-20
-20
-18
-16
-5
-3
-4
-2
6
9
11
8
1
-1
5
15
12
12
11
9
17
16
6
1
6
13
26
23
21
12
4
1
-2
-1
-10
-1
9
8
6
4
3
-5
-1
3
7
3
6
-6
-13
1
-9
-6
0
2
1
-5
2
-8
-22
-27
-29
-22
-18
-22
-17
-7
5
10
0
-2
7
-5
-2
-1
-8
-5
-6
1
-2
-9
-6
0
5
-3
1
9
4
7
7
6
6
13
15
17
7
5
13
3
-2
4
1
8
7
4
12
1
1
3
11
10
-2
5
6
6
5
8
8
11
10
7
13
13
10
1
-7
-7
-4
-13
-13
-11
-16
2
-1
-3
7
-5
-6
-2
-4
7
6
-6
-9
-10
-16
-15
-18
-17
-19
-11
-14
-3
2
-8
13
5
-6
1
-5
0
-7
-18
-14
0
-8
-20
-11
-6
-3
-13
-2
0
-4
6
7
13
12
17
25
17
17
18
3
0
-3
-4
7
8
5
8
5
2
-3
8
9
7
14
4
-3
-1
-2
-1
1
4
5
-4
-4
-2
-14
-10
-11
-17
-9
-13
-4
-5
-12
5
5
0
2
4
4
-3
4
4
2
10
3
10
16
4
8
11
11
3
1
6
-2
5
19
16
5
11
17
3
0
4
-5
-6
-6
-12
-11
-10
-10
-10
-4
1
0
4
5
-4
-11
-6
-13
-17
-15
-14
-1
-1
-6
1
2
-5
-9
-13
-13
-13
-20
-14
-8
-16
-9
8
3
0
-4
-4
-4
-8
-4
-5
-1
10
9
2
4
2
8
13
8
12
3
-2
3
2
0
7
14
12
22
22
25
22
13
9
7
6
12
9
3
13
8
14
19
5
7
-1
-3
-6
-8
-5
-3
9
0
-11
-11
-8
-11
-10
-8
-3
4
5
1
-3
1
-3
-6
-6
-3
-9
-9
-14
-12
-9
1
8
-11
-9
-20
-26
-13
-18
-15
-9
-9
-5
-6
7
9
-4
-14
-8
-5
-5
6
4
-2
-1
-2
0
5
8
9
10
7
-1
2
0
3
5
-6
11
13
9
10
4
5
-4
1
0
-6
3
1
8
14
5
-4
-5
2
0
6
11
2
6
11
14
6
5
5
6
11
6
-1
-13
4
11
1
-9
3
11
10
23
8
13
6
-9
-9
-11
-4
-7
-5
0
-11
-9
-11
-5
-2
-3
1
-3
8
3
-7
5
-5
-10
-5
-19
-21
-17
-20
-11
-10
-17
2
7
-1
2
7
8
-3
-1
-12
-11
-1
-3
5
6
12
10
10
0
-3
10
8
5
-10
-13
10
8
7
12
2
8
9
6
0
0
0
-6
-4
-4
5
-6
-12
-3
-6
-8
2
9
4
-4
10
9
-2
10
13
10
8
-7
-8
-9
-19
-19
-24
-13
-9
-4
-1
-8
4
4
-1
8
15
15
19
12
-3
-10
-13
-16
-15
-11
-6
-2
1
0
-8
-2
4
-3
9
5
5
11
5
7
3
10
10
-1
5
20
16
15
28
12
9
14
8
9
1
4
13
18
12
7
6
3
2
-6
-2
-2
-15
-10
2
-11
-8
-8
-10
-6
-6
-9
-12
0
-3
-3
-8
-8
3
-8
-5
-3
-15
-14
-15
-20
-24
-22
-13
-10
-9
-20
-13
-2
-10
6
9
-1
6
12
6
7
3
-1
2
3
3
7
5
-1
6
8
2
1
5
1
-3
-5
-3
5
-4
7
4
-1
8
9
12
12
12
2
12
5
6
20
5
4
7
3
-7
-9
-8
-9
-10
-11
-12
-15
-13
-6
-7
-4
2
2
6
3
5
22
18
8
8
6
6
-5
-9
1
9
5
-2
10
7
5
6
-3
-1
0
1
1
-3
-2
8
9
7
14
7
16
7
7
4
-16
-3
-13
-7
-11
-16
1
-12
-14
-6
-1
-2
-10
-3
-3
-3
0
-5
4
6
7
12
4
-1
0
-13
-9
-10
-9
5
-5
-7
2
-4
0
-7
-12
1
-6
-5
-5
-1
7
4
5
-2
11
2
-7
1
-17
-8
-2
-2
0
-13
-15
-6
-7
-5
-1
-10
-5
4
2
7
9
0
7
2
-5
2
-1
4
2
-7
6
0
-3
5
2
8
9
11
11
10
6
4
11
14
5
9
6
3
11
-4
-4
-3
-10
-3
-8
1
11
16
12
10
12
13
9
2
2
-5
-6
-3
-4
0
-2
-4
-1
-7
4
8
2
3
-8
-6
3
2
6
4
2
-2
5
10
8
-2
-1
1
-3
-14
-22
-8
-16
-14
-9
-11
-5
-1
11
15
6
0
0
7
-8
-20
-13
-18
-15
-17
-15
-5
1
7
8
14
13
6
4
-1
-2
-3
1
-6
-8
-5
-7
-4
-11
-2
1
-5
-7
3
0
-4
-1
-3
-1
3
5
-1
0
-11
-6
-4
-14
-13
-16
-13
-6
-7
-5
-2
2
2
2
15
15
5
1
6
6
6
9
11
12
12
17
13
20
27
14
26
16
8
20
15
15
16
8
4
7
0
4
17
13
8
11
11
16
25
11
-2
-16
-16
-14
-23
0
-5
-25
-12
-6
-12
-5
6
-5
-15
-10
-12
-14
-19
-15
-13
-25
-18
-22
-15
-16
-32
-16
-21
-32
-28
-27
-22
-11
-12
-15
4
1
-3
6
6
9
16
12
22
32
17
21
17
12
16
8
11
-3
1
11
13
13
6
14
9
7
7
5
14
20
27
22
14
15
0
-3
-2
-17
-17
-4
0
-7
1
3
4
3
-7
2
-6
-1
11
-8
5
2
-7
-7
-13
-10
-12
-7
-15
-11
-4
-14
-15
-12
-1
-8
-8
-6
-8
-4
-7
7
5
-4
3
9
20
9
6
1
-12
-15
-12
-4
-15
-6
2
3
4
-9
-8
-7
-3
-8
-9
1
12
12
-1
-1
8
16
6
10
16
13
17
12
7
-1
6
8
3
5
15
27
17
19
26
26
24
13
14
1
5
7
-3
8
3
-9
-3
-7
-8
-3
1
1
-7
0
-3
-16
-13
-5
-16
-18
-17
-12
-15
-20
-14
-25
-18
-16
-14
-10
-6
-11
-16
-18
-25
-21
-16
-10
-8
-2
1
5
4
-10
-8
-6
-12
-19
-21
-7
8
8
13
12
6
6
15
5
0
7
3
13
11
11
6
1
7
5
-2
4
5
14
20
18
12
6
14
8
7
5
3
9
11
7
9
4
3
6
13
18
17
26
20
11
17
9
2
0
-8
-5
-4
5
0
0
7
-8
1
14
6
6
7
-7
-6
-4
-2
6
8
-6
-2
-1
-9
2
-3
-4
2
-9
-14
-16
-29
-29
-31
-27
-22
-20
-19
-21
-15
-15
-14
-5
-10
-13
-11
-9
-1
4
8
-1
2
7
2
-4
-8
-12
-6
-5
-10
-5
-11
-13
-6
-15
-12
-6
-5
-2
-5
-6
7
6
3
15
11
15
13
10
16
6
14
7
-4
7
-1
10
19
18
27
16
33
38
13
21
16
9
21
21
24
20
14
7
10
14
7
3
5
6
3
6
8
11
11
10
8
-1
-1
-4
-6
-4
-13
-18
-9
-23
-23
-13
-16
-14
-16
-23
-26
-24
-29
-24
-16
-20
-20
-7
-10
-16
-14
-25
-24
-15
-17
-10
-8
-9
-13
-14
2
0
0
4
2
4
7
2
4
8
3
18
17
17
27
14
8
14
5
6
7
3
-3
-1
7
8
5
3
3
3
12
13
15
13
14
8
9
23
18
10
12
2
-3
-2
0
4
5
4
-2
2
-2
5
3
-2
-4
-12
-2
-10
-28
-12
-9
-14
3
7
1
0
1
-3
-9
-16
-18
-16
-10
-10
-6
2
-6
-15
-11
-7
-2
-4
-13
-3
5
-6
1
0
-2
16
8
5
0
-10
-7
-1
-2
2
13
12
15
17
12
10
13
-2
-5
7
-1
4
15
8
8
11
11
-2
-3
6
3
-2
8
6
-7
7
9
3
8
6
-4
1
6
4
8
4
3
0
-5
-4
-3
-10
-8
1
-18
-13
-3
-22
-11
-13
-14
-9
-13
-4
-6
1
2
-1
6
-6
-14
-12
-13
-15
-17
-13
-12
-8
3
1
4
-2
0
12
0
-4
-1
6
7
1
-4
-13
0
-3
-13
2
8
4
7
18
16
15
12
9
3
6
8
2
10
19
28
26
11
14
30
20
11
16
6
7
9
0
-8
-9
-6
3
5
1
1
-13
-15
-5
-20
-19
-2
-12
-2
-1
-12
-11
-2
1
-16
-9
-8
-21
-18
-7
-1
-11
-2
5
1
-2
-6
0
-8
-15
-11
-7
-4
-4
-3
1
5
-4
-6
0
-1
8
16
14
10
13
16
10
2
4
0
-2
2
-15
-13
-1
-6
0
4
7
11
10
15
16
8
1
-7
3
8
7
15
9
5
5
-1
-11
-6
-10
-12
-10
1
3
-7
-3
-2
-5
-11
-13
-6
-7
-4
9
-3
0
9
-8
-1
9
5
8
-7
-10
-1
-4
-7
-5
7
18
13
9
11
4
2
-7
-10
-3
5
3
-1
8
4
5
3
-3
5
-2
-1
-3
4
9
10
11
14
14
8
18
7
-6
-7
-13
-18
-14
-15
-19
-18
-5
-10
-10
-9
-3
2
-6
-8
-19
-7
-1
3
10
4
14
12
9
7
-7
-10
-1
-8
-19
-11
-6
-2
1
-6
-5
3
8
6
0
5
5
0
1
3
13
9
12
11
7
17
14
9
12
3
-6
4
-3
-2
-3
-4
10
4
8
6
1
5
3
-4
0
10
6
10
4
-11
-18
-18
-20
-19
-15
-13
-10
-14
-7
-2
-9
-5
-1
-9
-3
-2
-12
-6
5
13
16
8
9
8
8
13
13
11
6
12
21
18
6
10
8
0
11
-1
-5
-1
-2
-7
4
4
0
-1
-10
-2
-1
0
-13
-19
-10
-5
-6
-15
-17
-13
-14
-20
-21
-21
-18
-15
-9
-3
0
4
-4
-7
-7
3
-1
-12
-6
-10
-8
2
3
7
11
20
27
13
16
22
16
17
4
11
17
10
8
-2
2
-5
-5
-10
-10
4
9
10
13
14
12
21
16
13
4
4
0
-13
-7
-5
0
-5
-6
6
-1
3
3
-1
10
7
6
6
-11
-5
-7
-13
-1
-2
4
10
6
2
2
7
5
0
-4
-11
-13
-3
-5
-15
-15
-21
-8
5
-2
-7
-1
-4
-10
-2
-8
-20
-16
-21
-17
-19
-17
-5
2
0
4
8
1
4
0
-2
-2
-8
-3
-11
-20
-9
-13
-15
-4
-9
-5
10
5
6
2
-5
5
6
6
-1
10
24
23
21
8
15
18
9
11
-3
-7
12
14
12
17
16
15
14
22
23
17
7
-3
-3
-4
11
9
20
17
4
8
4
6
-10
-15
-7
3
4
-1
-1
-7
-4
7
-2
-8
11
0
-2
5
-3
-9
-14
-6
-4
-10
-17
-17
-19
-27
-25
-23
-11
-16
-14
-2
-7
-3
-2
-10
-15
-16
-26
-18
-17
-11
5
-4
-7
-10
-6
-5
-13
-2
-8
-3
16
17
13
23
15
11
14
0
7
15
16
10
14
16
14
14
13
12
1
11
8
8
11
5
12
5
11
4
0
16
9
7
9
10
4
-9
-11
-7
-16
-17
-21
-19
-12
-20
-16
-14
-21
-5
0
-11
-6
-1
-1
-3
-3
-3
1
-11
-13
-5
-19
-10
-2
-15
-9
0
9
22
28
16
5
12
15
14
6
11
14
10
18
22
29
24
17
19
19
8
5
2
-2
0
5
2
-7
-2
0
7
5
-2
-2
-21
-27
-28
-26
-13
-15
-8
-2
-7
-11
-13
-9
-9
-11
-8
-12
-7
10
4
-3
8
11
0
-4
-5
-4
-6
-6
-8
-10
-9
-13
-5
0
2
-9
-9
0
-4
1
1
1
1
-10
2
11
2
-5
-5
-2
1
7
4
-2
-2
1
1
4
5
5
-3
-4
10
9
13
9
8
19
11
11
18
12
6
3
7
2
1
-5
-12
0
3
4
-3
-4
8
-7
-5
3
-4
4
15
16
-2
12
14
3
6
2
4
3
3
4
-2
-2
-4
-7
-10
-15
-14
-9
-14
-13
-1
6
12
1
5
4
-1
12
6
-2
-6
-2
-12
-5
2
-3
10
12
5
5
5
-5
-15
-3
-2
-6
-10
-7
-3
-13
-8
-16
-20
-14
-16
-2
-8
-12
8
0
-5
-5
-2
2
-17
-12
-9
-2
12
1
8
8
-11
-9
-2
-12
-8
5
10
11
-3
2
18
10
9
22
12
16
14
11
22
12
14
9
-1
7
9
10
10
12
18
14
11
9
5
2
-8
-2
-5
-4
-4
-12
-2
0
-7
2
-6
-18
-2
-7
-14
-8
-10
-20
-26
-27
-11
-13
-15
5
3
5
-5
-9
6
9
4
3
3
-1
0
-5
-8
-10
-9
7
7
14
18
14
11
14
17
4
4
2
4
7
-4
-4
-9
-17
-13
1
3
6
0
-3
-5
-9
2
1
3
-3
1
4
-5
0
-8
-7
-1
-6
-4
4
3
3
-4
1
4
-11
-5
-2
-12
-10
2
6
6
11
13
16
23
23
25
24
20
7
7
0
-15
-12
-22
-17
-11
-9
0
10
15
3
0
-4
-6
0
-4
-9
2
0
-7
-14
-16
-10
-16
-18
-22
-15
-10
-9
-14
-4
-4
-13
3
-16
-23
-7
-12
-13
-16
-5
3
7
9
11
13
14
21
21
13
13
22
15
12
10
13
23
21
21
15
14
17
19
22
12
-1
7
11
11
14
21
20
5
3
1
-9
-15
-13
-4
-5
-4
4
-7
-2
-15
-20
-12
-17
-10
-9
-8
-14
-17
-9
-6
-12
-24
-20
-21
-29
-20
-16
-11
-7
-13
-6
-5
-12
-6
-8
-6
3
-2
7
3
-11
-2
10
12
11
20
13
6
1
0
3
3
21
15
19
23
13
24
29
23
10
11
9
6
4
-7
3
-3
-8
-7
-2
2
-1
-3
2
8
1
-1
-7
-11
-10
-3
-12
-17
-11
-24
-7
-7
-17
-7
-3
5
6
10
13
8
1
0
-3
-10
-6
-11
-18
-17
-7
-11
-1
1
-5
1
0
14
10
6
9
3
7
6
3
10
9
1
5
11
16
6
2
4
0
-5
3
2
2
7
14
22
23
16
13
9
6
11
-3
-1
1
1
-7
-6
5
-6
-19
-18
-17
-17
-14
-17
-18
-21
-16
-8
-5
-9
-7
5
-1
0
-9
-4
11
1
-2
-8
-6
-3
-7
3
-2
-10
2
-2
1
-2
-7
1
-6
3
-1
-6
12
10
8
13
14
15
15
1
-6
-7
-8
-11
-16
-12
-11
1
8
15
19
15
11
13
13
13
16
3
3
-4
4
7
4
2
-21
-20
-5
1
-2
3
4
6
8
0
11
8
-7
-3
-5
-1
-3
1
0
-7
-8
-7
-2
2
6
-11
-19
-5
-8
-13
-8
1
4
-3
8
6
1
2
-1
3
3
-1
-2
1
0
8
8
5
5
5
2
-3
6
3
2
20
6
4
3
0
9
-1
1
13
13
9
4
-12
-7
-5
-10
-13
-13
-8
-5
-9
-7
-4
-11
2
6
8
0
-1
4
0
4
-6
0
-2
-5
-4
0
6
-6
-7
-3
-11
-7
-1
-9
-9
-4
-7
-8
-10
-12
-11
-7
-7
-4
4
1
4
2
1
1
-10
-13
-8
-9
-5
-5
-1
7
3
11
13
0
-4
0
8
20
23
17
25
18
10
12
13
19
20
20
20
21
14
7
8
14
4
-8
0
10
10
-1
0
8
11
7
-3
0
0
-5
-12
-10
-3
-10
-13
-15
-11
-5
-10
-24
-22
-22
-21
-14
-25
-29
-19
-18
-12
-10
-15
-6
-4
-4
-7
-2
6
-2
-10
-9
-1
-1
11
11
8
16
9
9
15
8
6
11
8
9
22
21
14
15
5
4
-2
-9
2
-4
3
16
8
11
12
5
13
2
-7
-6
-5
-7
-1
2
-3
-17
-23
-16
-11
-16
-18
-9
-15
-13
-11
-12
-8
-2
2
-2
-9
-3
4
2
-3
-13
-3
3
-1
12
12
4
14
16
8
0
10
9
6
14
13
23
18
16
18
11
19
15
11
16
6
6
12
2
5
10
15
19
9
5
-6
-9
-14
-15
-13
-26
-23
-20
-21
-14
-18
-13
0
-5
-13
-9
-9
-18
-9
-13
-16
-9
-13
-12
-7
-5
0
0
0
-1
-14
-10
-3
-5
2
7
5
3
0
-4
1
-13
-9
7
5
8
21
31
20
2
-8
-8
-12
-9
-1
-9
-3
12
10
17
-1
-10
0
-5
-1
7
17
13
17
14
7
9
7
15
9
6
25
24
10
15
16
20
22
15
22
11
-3
2
-4
-8
-13
-21
-8
-18
-28
-11
-3
1
-1
-7
-18
-14
-21
-26
-19
-14
-11
-7
0
-9
-4
-4
-13
-13
-3
-5
-8
8
-8
-4
-3
-8
8
-2
-1
1
0
2
-1
2
8
5
3
17
12
5
7
-1
2
-1
1
5
-3
-5
-2
1
0
0
1
-3
0
7
8
13
8
5
16
9
9
15
6
1
-5
5
-3
-11
-2
-4
3
-9
0
10
-6
11
9
0
1
-17
-18
-13
-4
16
9
9
21
7
-4
1
1
-5
-6
-10
-11
-6
-10
-12
-24
-11
-16
-26
-5
-3
-3
-14
-8
-5
-9
-5
0
11
2
-1
5
-2
1
1
-10
-4
4
6
4
13
24
17
15
11
13
9
7
20
23
12
14
22
15
16
8
10
6
1
6
5
9
10
9
6
8
7
3
-10
-13
-6
3
5
-2
-2
-3
-17
-25
-21
-32
-24
-19
-23
-12
-15
-20
-22
-18
-16
-14
-5
0
-12
-7
-8
-9
-4
-21
-11
-14
-22
-1
-10
-3
-2
-6
9
3
2
6
6
-6
6
10
8
19
8
11
-2
2
10
0
7
1
4
14
16
24
22
25
29
23
25
14
9
12
6
9
11
3
2
1
7
8
9
15
10
20
21
11
7
-8
-1
-9
-16
-4
-4
-1
-1
-1
-1
-8
-14
-12
-1
-5
-12
-7
-11
-11
-11
-4
-5
-7
-5
-7
-7
-13
-4
-15
-16
-19
-20
-11
-15
-14
-14
-13
-15
-9
-5
1
-5
-8
-8
-10
-7
-2
1
-1
-3
-1
-6
-6
6
0
0
-4
-12
-1
-1
8
12
14
23
8
12
14
-2
0
-10
0
3
-3
14
16
22
25
15
14
17
14
12
16
12
-1
1
-3
0
9
3
11
1
-2
6
-4
-2
6
4
3
5
6
3
-9
-15
-6
-3
7
8
8
13
4
5
2
-8
-11
-8
-12
-10
-2
1
0
1
-6
4
6
-9
-8
-3
-3
-13
-16
-14
-3
1
-3
10
9
16
13
-1
0
-6
-21
-24
-25
-16
-15
-18
-9
-10
-11
-23
-19
-10
-19
-14
-11
-9
-2
-1
6
15
13
17
18
14
3
1
13
12
5
4
1
-3
5
10
6
9
4
4
9
14
13
15
23
15
9
10
13
5
0
7
4
-7
-2
0
-3
6
-3
6
10
-9
0
-11
-17
-10
-22
-12
-9
0
-4
-12
6
12
11
9
15
16
10
6
-8
-7
-13
-16
-12
-9
-7
-5
-6
-14
-6
-8
-7
2
6
2
-4
-3
-3
2
2
-2
-4
-8
3
12
1
5
1
-6
-7
-5
-6
-27
-16
-11
-14
-2
3
8
3
4
11
6
11
10
4
7
5
-6
-2
1
1
3
16
25
13
15
24
11
6
13
19
24
20
16
12
13
3
-8
-9
-16
-12
-23
-16
-3
-6
-9
-8
4
-1
3
13
2
0
6
-8
-12
-10
-15
-24
-21
-13
-15
-23
-25
-15
-18
-18
-9
3
-5
-11
-1
-13
-14
2
-3
-8
-6
-9
-20
-18
-8
-8
-4
-10
2
17
10
21
12
4
12
4
13
11
7
22
24
32
21
21
19
11
12
14
15
10
5
5
17
18
21
14
15
12
1
12
10
14
9
5
10
0
7
0
-9
-11
-12
-10
-17
-17
-19
-17
-15
-10
-4
-2
5
4
2
-4
-13
-15
-17
-21
-29
-23
-17
-10
-4
-7
-3
-12
-11
-1
-7
0
-3
-2
3
-3
-2
2
-10
-7
-14
-18
-2
-11
-12
-10
-12
-11
-9
-6
-4
-1
3
2
2
3
5
6
9
12
14
19
19
8
6
-2
-5
0
6
16
11
17
19
10
16
19
15
15
18
19
19
23
26
20
20
21
6
9
5
-5
3
-3
-9
-13
-5
-1
-10
-1
7
2
-5
-13
-14
-19
-24
-20
-15
-14
-6
-15
-15
-17
-22
-25
-29
-17
-29
-14
5
-13
-2
7
0
0
-3
6
9
9
12
4
9
-4
-8
0
-17
-11
-4
-9
3
5
4
6
10
20
18
20
19
16
8
14
27
15
16
21
4
-7
-3
-1
-7
-3
-7
-9
-3
-4
-6
-1
8
9
3
11
16
10
11
-4
-2
2
-17
-9
-5
-21
-6
-8
-14
-6
-15
-8
-2
-3
-6
-15
-7
-11
-11
0
0
1
13
4
-1
7
-4
-5
5
27
20
-5
-17
-9
35
60
-8
-39
-22
-52
-72
-21
-39
-69
-56
-108
14
115
65
-28
-2
30
-17
-47
-74
-32
-83
-82
-31
46
97
31
113
219
158
94
176
253
270
199
184
288
159
66
24
13
2
27
-42
-79
139
26
39
126
-11
55
-60
-35
19
55
25
7
344
542
1124
1127
2739
3113
-1231
-6427
-4293
3901
6255
2811
-1002
-3656
-7714
-5665
5551
10619
2473
-8248
-10726
-7143
-723
4776
4338
-174
-4581
-7110
-6598
-1564
3707
1954
-2208
-1889
-2035
-4283
-3333
1174
3016
2654
1071
-2412
-5379
-5561
-1834
1029
1112
-1550
-4405
-6705
3295
23167
20314
-8031
-23127
-537
28507
28397
5706
-8199
-6093
-1327
9695
25536
31094
9300
-21738
-21628
10365
31537
13283
-12280
-12034
1314
654
-10659
-7434
2744
-510
-14338
-16679
-5267
-4938
-18684
-23385
-5573
10456
224
-20743
-25186
-9081
3247
2021
173
1655
-1623
-12502
-12391
5259
19523
11769
-7594
-10831
859
8250
3768
-1020
3542
6695
1165
-6618
-4466
4238
5487
783
976
7302
6099
-3722
-5958
4769
15328
12543
3426
386
4333
7367
7292
10496
13423
9406
1192
807
8404
10785
5197
961
6250
7855
-104
-5793
-1426
2627
-1450
-3229
-1510
-3182
-9210
-10146
-4139
1115
-235
-7662
-11442
-6676
-515
-1294
-4073
-3361
-4010
-6486
-6279
-2700
-358
-1464
-4445
-6711
-5656
-4048
-4179
-5038
-4626
-3461
-5484
-8166
-8809
-7519
-6005
-5096
-5445
-3726
7733
14263
-303
-19685
-11946
18444
32656
17107
-4707
-9283
-2194
7693
21433
32180
24596
-4045
-22945
-6102
25238
29970
7199
-6625
-215
5460
-1577
-6080
2960
10274
3151
-8722
-9079
-3426
-8343
-17101
-10490
7657
9895
-9903
-26444
-21374
-4123
4701
2433
-2137
-5753
-11913
-17551
-9923
8150
15067
630
-14731
-10567
2481
5409
-83
689
6985
6192
-2618
-7510
-525
8048
6814
1390
2870
6782
1103
-7584
-3867
9607
14475
5335
-3093
-1380
4441
5924
5555
8311
9770
4502
-1082
2179
9500
9597
4068
3377
6862
5887
467
-400
3570
5515
2421
-1220
-1863
-1507
-2290
-3273
-1748
-746
-3160
-6944
-7331
-3966
-2086
-3766
-6387
-6346
-4481
-4371
-6106
-6723
-5026
-4094
-6305
-7513
-6182
-5636
-7231
-8864
-6795
-5911
-7787
-9700
-7958
-2732
747
5722
7585
36
-11930
-9723
12598
27926
19012
-2045
-10086
-1753
9794
21018
27081
21197
841
-15292
-6580
16990
26592
11655
-2990
-1945
4150
2087
-3475
572
6569
3083
-6788
-9773
-4657
-4355
-9020
-8421
1160
5189
-5774
-17583
-16351
-4213
2701
-457
-4763
-6500
-8001
-11446
-9150
-224
4329
-2318
-12271
-11002
-2221
1668
-2324
-5210
-1238
1968
-378
-4023
-1807
4376
6105
4327
4760
7388
5565
86
1452
10271
15921
11219
3996
3894
8360
10518
9785
11259
12564
7528
1758
4288
10078
9822
5205
4069
4564
2209
-651
-338
2723
2779
-946
-5181
-4962
-2458
-3194
-4174
-2894
-2239
-6386
-10029
-7784
-2664
-414
-3815
-7272
-8249
-7111
-6543
-7462
-6669
-5912
-7378
-11124
-13012
-11368
-9296
-8996
-10459
-10726
-9615
-10066
-10291
-3587
10920
14709
-4338
-22296
-10560
20181
32356
16486
-2890
-6269
1355
10734
23428
32513
22479
-5042
-19028
1549
29157
26173
623
-10421
-505
6281
640
-2619
4105
6359
-3923
-12982
-8570
-851
-5183
-13585
-8163
6106
5909
-11110
-20907
-11018
4219
6480
-429
-3602
-3732
-6956
-9713
-2062
10475
9675
-6686
-17539
-9008
3745
3203
-4873
-5425
432
-577
-8600
-10639
-1818
5858
2333
-3258
214
6044
2608
-4140
157
12214
15530
6759
-56
3773
10504
11466
9968
12280
14611
9215
4064
8537
15172
12996
5393
3932
5302
4162
1498
634
299
-1394
-2195
-2714
-1974
-2204
-4167
-5543
-4420
-2680
-4085
-5403
-4946
-3743
-2791
-3150
-4030
-5131
-4470
-4072
-5639
-7688
-8096
-7068
-8030
-9901
-11685
-12528
-12061
-12526
-12520
-12893
-12753
-10249
-2039
8161
2073
-15883
-21150
1460
26437
24542
3835
-10686
-6567
5550
20688
31901
27556
6272
-14351
-8879
17838
32508
17254
-4326
-6340
3424
5631
-172
849
6481
3461
-5315
-8075
-3634
-3771
-10483
-9877
1798
8575
-2798
-18893
-18980
-3753
7871
5694
-529
-4037
-6851
-9320
-5240
7484
14178
3761
-12654
-14179
-115
8463
2402
-5239
-2622
2095
-1677
-7774
-5584
2322
3507
-1982
-2718
2811
3585
-4408
-7487
2137
12147
9633
184
-2720
1026
4366
6256
10172
12846
8909
2076
3324
11959
12752
6521
5326
9859
8554
2487
563
1554
2158
1980
2145
568
-2198
-4747
-5296
-1351
2260
-1380
-8848
-9086
-4000
-1333
-765
-1441
-3074
-5065
-5319
-4062
-2840
-2693
-5046
-6758
-7398
-8023
-10457
-13415
-11725
-9123
-9795
-11962
-11526
-5135
3040
385
-11439
-15721
-670
17721
18279
3526
-8044
-5389
4337
17250
27717
25223
7119
-11346
-8097
14959
30158
18080
-2559
-6891
1312
5391
1933
2651
6231
2926
-4975
-8223
-4943
-4353
-8980
-9009
644
7038
-3614
-19259
-20239
-6510
5100
4598
-1022
-6492
-11366
-12928
-6751
5759
11786
3097
-11885
-15768
-4574
6490
6059
43
-909
457
-1868
-3845
-168
5790
5848
1721
1195
4682
5465
924
-891
4706
10742
9442
3635
1849
4125
5615
6771
9500
11404
7661
4085
8571
12479
7910
1614
4581
10826
11191
5387
-1975
-4912
-2861
2533
5304
3776
-2630
-11455
-12730
-3819
4086
-157
-8744
-11471
-8624
-4556
-3223
-3799
-4536
-4537
-4805
-5964
-4767
-3836
-4746
-6232
-6076
-4676
-6857
-11247
-15393
-14653
-10460
-5921
-3971
-2490
-2795
-10915
-18070
-9868
12570
23752
11491
-8250
-13461
-960
15577
27734
29648
18105
-1305
-11069
1909
25251
31613
13979
-3747
-4386
2680
3856
2248
5315
7139
1704
-6326
-9104
-7120
-7291
-8717
-4403
3733
2405
-11920
-22824
-17354
-2755
5055
2750
-3125
-9831
-15017
-13910
-3317
9192
9915
-2967
-15535
-14080
-2582
5238
4703
2279
1589
-1895
-6945
-5560
3394
10465
7985
888
-1314
1585
2484
1183
4357
11412
12708
4828
-2495
247
7979
11985
10943
9286
8306
5474
7476
13472
14995
9613
4514
4900
8094
11723
8118
-291
-4028
-523
3751
2848
-202
-5604
-11206
-9893
-2130
1265
-4010
-10924
-14622
-11296
-4213
-1968
-5388
-9255
-8804
-7360
-6655
-4838
-4435
-6200
-8642
-7706
-6188
-7510
-8720
-12803
-12592
-6428
3970
8923
-5379
-23131
-24124
770
25527
23538
1543
-17231
-14133
1410
20038
32139
26146
3657
-14923
-6986
17519
30727
19233
583
-3251
3478
7315
3253
1466
4770
3542
-704
-2170
-1031
-5902
-13500
-9935
3972
12845
2103
-16932
-23597
-13392
1597
5803
2007
-4340
-12029
-16790
-12729
1244
10125
3510
-10462
-15380
-7567
-399
-299
-2578
222
3868
86
-6061
-6399
430
6072
6963
7199
5290
-768
-6283
-2465
9118
15893
12021
3045
-1718
-928
3664
10454
15404
13047
3663
2281
8608
12004
10224
9144
10832
9558
7742
5219
2800
2055
3056
4153
3786
3678
-683
-7286
-7061
-670
1664
-2799
-7352
-9274
-7933
-5859
-6900
-8309
-7687
-6251
-7493
-9491
-8533
-7543
-8143
-9582
-7792
-6599
-7583
-10324
-13788
-9980
-3101
4276
3761
-8775
-19743
-16192
4361
17426
10180
-6256
-13522
-5989
5511
18491
25216
16727
-3106
-12546
2767
24202
26612
9345
-1802
3448
9498
5608
221
5571
11321
5523
-3659
-4070
1346
-299
-6136
-3896
5920
8721
-3735
-15556
-13110
-2298
2651
-822
-2686
-4536
-10813
-16426
-11557
1699
5516
-5355
-16551
-14035
-4345
-2130
-5956
-6065
-970
-327
-5450
-6650
-703
5479
4289
1589
4693
8147
4485
-1842
545
9604
12793
6552
1005
3308
7039
6807
5722
7633
9459
8538
7084
6373
6871
6533
6813
10767
14423
10299
955
-193
7912
11729
6942
1824
839
622
98
990
2230
1329
-3151
-7357
-5638
-400
-1470
-9559
-13809
-9702
-5616
-8071
-11441
-11495
-10522
-11346
-13812
-14002
-10861
-10423
-13063
-12843
-5243
3992
-1618
-17380
-22436
-6458
13068
13717
-817
-13978
-14310
-5806
7603
22322
25395
9494
-12632
-14836
7423
27754
23485
6099
-984
2575
5507
3991
6287
12419
11169
3203
-1989
728
3096
-625
-1064
7323
15267
9496
-4969
-11205
-3517
7931
10316
5193
-1209
-7221
-11348
-9645
-219
6321
30
-13415
-19209
-13279
-6899
-7002
-9306
-7943
-7032
-10934
-13966
-10355
-2504
1071
-1020
-1571
1884
3771
408
-1440
4408
11713
11536
4763
346
1586
5140
8013
9504
8909
6568
4638
1849
1639
6301
10624
9874
5968
2784
-390
265
7029
12846
11366
5427
1199
-2
2579
7985
10374
6710
1432
-1301
-381
3988
6050
2386
-2302
-3936
-4710
-6307
-5892
-5030
-6314
-8989
-11001
-12860
-13735
-13343
-12742
-9332
-4437
-1500
-9447
-23336
-24318
-6982
11848
11227
-5729
-21846
-21978
-8335
7912
19326
16529
-442
-17152
-14541
6677
22088
16280
2374
-1556
1292
2211
1212
3883
9899
9585
3473
-378
283
484
-2662
-1217
8210
15488
9546
-3413
-7647
96
10261
12131
8669
6297
3075
-2451
-5623
710
9461
7709
-3389
-10852
-8131
-4858
-7211
-9757
-6730
-2922
-7340
-15416
-15742
-6884
363
-991
-3741
-1390
1364
-1456
-3914
1834
10154
11208
4892
750
2936
5859
6072
6204
7262
8214
5877
-635
-2915
1413
5328
4950
4504
2261
-5089
-8172
-748
8440
8456
3368
-287
-1406
1102
5857
8461
7269
5166
2245
1417
5089
7333
5100
1865
2385
2823
89
-2203
-3238
-2957
-2896
-4165
-7856
-10418
-11916
-11144
-4865
3677
4821
-10534
-27590
-25229
-1585
17213
10177
-12691
-28621
-23667
-6819
9721
18373
10996
-10143
-25454
-15675
10005
21304
7710
-7182
-5683
2033
2105
-3236
-2021
4696
6351
2915
1694
2001
-3163
-9208
-2909
14249
20831
6515
-9827
-9446
3591
12913
12603
9848
6492
496
-3638
1169
12826
16383
4497
-9099
-8392
1872
5204
-1859
-7706
-5581
-3964
-8266
-12151
-9499
-3353
-1842
-4407
-4459
-1204
-836
-4182
-2327
7128
12532
6288
-2376
-1964
4928
9622
10017
8563
7365
5327
1507
-574
3226
6283
2913
-275
537
-835
-6592
-6388
1235
5081
966
-4710
-5669
-2213
2935
4755
3240
2766
2729
1858
2082
4500
5403
3908
2997
2301
451
-1227
-1050
87
-79
-1419
-5530
-8946
-9839
-7347
-504
4966
5565
-5547
-19181
-19748
-3245
15409
13693
-5424
-23469
-22277
-5997
9314
14811
6467
-8723
-19589
-14926
1635
11758
6069
-5467
-7584
-2665
71
-2940
-5867
-2061
2308
1644
-2160
-3914
-3261
-3409
-1434
5377
11723
8192
-1728
-4959
2509
12349
13117
7067
2314
495
989
3806
9929
13204
7139
-2997
-5254
2650
7594
2763
-3967
-4160
-1192
-2962
-7067
-7426
-4332
-2717
-3956
-3738
-1670
-1205
-3339
-3465
2365
8370
7364
1524
-188
4719
8285
7255
6049
9796
9852
1044
-3055
2081
8606
5849
634
-3302
-8078
-8775
-4600
1827
2233
-3110
-10168
-12154
-4720
4000
5587
861
-2275
-3143
-989
5164
9000
8531
4708
2298
1631
1829
3006
1591
810
319
-392
-4867
-8436
-6950
-2617
5026
8681
3032
-13236
-22461
-10653
11554
20449
5963
-15482
-24898
-14967
4242
18475
18468
1675
-19061
-24206
-7029
13741
14286
-1188
-11070
-8270
-3728
-4337
-5868
-3287
169
-1642
-6440
-9380
-8346
-6686
-5715
-313
7293
6875
-3770
-10597
-2809
10789
15327
9256
2942
1595
2263
3207
5986
10624
10939
3918
-2307
264
6730
5833
-886
-2120
3221
4359
-3206
-10453
-8746
-120
4978
1667
-3649
-5646
-5276
-3542
1401
8131
9473
3274
-2342
-1291
5008
10585
12949
12347
6075
352
2210
7610
8015
6050
6476
2117
-7102
-11072
-3935
4270
3793
-4325
-12103
-12033
-6964
-3030
-885
2930
2586
-6168
-11100
-4842
5477
9823
7091
2010
-2123
-2485
510
4195
5027
3377
-2355
-7616
-8513
-5168
3448
10692
10602
-2190
-17329
-17884
-1802
16943
18055
1993
-16487
-22606
-11821
7069
20660
16192
-3811
-21004
-18567
-624
11927
7390
-4708
-9112
-7154
-6322
-6779
-4719
-1123
-2985
-8169
-9745
-7376
-6962
-9871
-7237
3278
10056
2532
-10783
-12179
292
13444
16049
11366
5704
-1077
-5107
302
14340
22036
11572
-5678
-10660
-230
9971
9749
4535
1109
-1864
-6331
-5596
1380
5604
1801
-3345
-1812
1944
603
-3976
-3208
3748
8176
5454
890
616
2597
3070
7147
14162
12783
1248
-6590
65
10042
11829
5597
-1852
-5106
-4739
-2490
-1058
264
-1274
-7528
-11670
-7535
-1014
-1158
-4471
-3884
545
2415
-1447
-4504
-1539
4887
6731
3358
1567
1467
-707
-2332
2069
5616
542
-9929
-11149
1175
13097
11398
-4152
-16841
-13774
2741
16502
14280
-1211
-17498
-19209
-3509
16787
22744
7275
-14535
-22195
-9471
9825
15898
4021
-10251
-12991
-7250
-1367
3
-2118
-6474
-10723
-10440
-7773
-7559
-11355
-13694
-8949
339
4310
-2854
-12300
-13115
-2547
10498
14875
10077
1621
-3216
-1402
5209
12439
13948
6881
-3025
-5062
2052
9008
8701
3911
1862
1932
467
-1498
-777
3340
6694
5734
2691
1714
1828
998
1232
4304
8127
7780
4446
1468
1110
4174
8109
9880
5598
1436
1857
4476
4312
1320
-113
-1045
-676
206
-322
-3539
-7815
-10307
-8895
-3295
518
-2111
-8770
-11315
-7213
-1087
4180
5509
1427
-3012
-2704
2022
5899
5178
2221
-946
-1893
-341
176
-2408
-2085
4270
9258
7109
-3717
-14689
-13567
488
17046
17700
-991
-20874
-23778
-7964
14006
26077
16791
-6128
-22583
-19234
161
16060
15401
1996
-10605
-14162
-11069
-4926
2236
5771
906
-8346
-14943
-16078
-13211
-8202
-1612
3597
2419
-6669
-17003
-17362
-4850
10742
17510
12334
1158
-8174
-8808
1029
15982
23277
13483
-5562
-17603
-13222
821
11336
12524
5741
-5506
-15124
-14521
-2924
9532
12782
7301
1787
-505
-1304
928
7334
15171
17215
10159
1058
-1411
5701
15129
18666
14216
4844
-2576
-2718
4922
11246
9310
417
-7192
-7191
-2964
488
120
-2895
-7392
-11347
-11853
-7418
-1544
-1142
-4370
-6264
-5494
-2969
-1421
1468
5255
6420
4368
946
1196
2720
3793
4227
2318
-766
-5614
-3131
6731
14448
9510
-10147
-21051
-11822
10325
20380
7031
-13664
-25527
-19549
-2556
15765
20137
2467
-22494
-29712
-9173
15913
18836
218
-15415
-13635
-5608
-2441
-2758
-724
103
-4309
-7680
-6764
-6059
-11074
-13615
-3362
11265
12780
-4732
-20864
-16451
3062
18403
18544
10604
1332
-5277
-4010
7670
22083
23060
7853
-9230
-11799
-1418
5660
3330
-1059
-981
-1879
-8259
-13088
-10661
-3490
1780
3288
2810
-221
-4524
-5486
1900
14419
20900
14930
2373
-1256
6305
16784
20385
14748
7082
1736
2560
5139
6187
4083
420
-1521
-2574
-2100
-3587
-7438
-11235
-11575
-7785
-4774
-5439
-9562
-11744
-8697
-2828
1165
-166
-2796
-2746
1577
6972
8708
9106
6358
3878
2965
3583
6094
4624
5653
9629
14468
9953
-7397
-17366
-8334
13837
22552
6980
-16093
-27430
-19622
-1751
15171
17255
-312
-24139
-31499
-13072
10085
14384
-956
-14716
-14176
-8633
-7422
-7666
-3093
-178
-5463
-12390
-12649
-8344
-8109
-9284
-3667
6089
7626
-5030
-16605
-12099
4010
15446
14905
10810
6396
616
-878
9231
24672
26753
11214
-4941
-4885
6533
11932
7130
1498
169
-3418
-10469
-11006
-3752
735
-2815
-7192
-5932
-3019
-4865
-7427
-3089
5801
10548
6212
2040
4665
8389
10058
11509
12639
10120
6895
6823
6658
3572
538
1569
3396
1636
-2268
-5636
-6175
-5120
-6412
-9277
-9278
-7068
-6703
-8708
-10287
-9259
-7147
-4286
-223
2491
2469
396
-1283
1946
8243
12120
9610
3627
1473
8325
20192
25764
17212
-2712
-11910
207
20950
26091
7763
-15407
-24229
-13260
5346
17651
12424
-9151
-28636
-27911
-6734
10826
6367
-10725
-19096
-14205
-8661
-8135
-7719
-5348
-6638
-11531
-13556
-12268
-13198
-17186
-15039
-2941
6220
161
-14653
-18940
-7055
7259
11165
7205
3932
1354
-522
3570
15076
24487
19963
6651
276
5653
12703
12561
9770
10151
9093
1123
-6279
-3864
3100
4724
1051
-580
142
-1888
-5380
-4299
2326
7720
5121
-289
279
4035
6407
7320
7771
6544
3941
2844
3444
3608
829
-2191
-2307
374
1572
-1667
-5091
-4889
-4617
-7799
-9023
-6696
-4724
-4335
-5209
-5741
-6922
-9200
-9348
-5223
1264
3903
-732
-5534
-4335
1389
5046
4662
3233
2452
8899
18746
23475
11939
-5212
-4171
14305
31618
25775
1948
-17531
-18225
-2318
15804
23290
11698
-14149
-32266
-23197
3820
16861
4331
-14285
-18428
-10989
-6932
-7335
-5412
-1909
-4350
-11215
-13675
-11455
-12164
-16541
-12702
1077
8904
-940
-17985
-21614
-8745
6603
12364
9073
3087
-3624
-6829
-614
13006
21528
14439
1374
-2413
4380
10138
8194
5916
6925
6205
943
-3099
-1052
2606
2999
2488
4855
5951
465
-5847
-3918
6136
13064
10425
6015
3224
1473
1948
7671
14355
13095
4838
-2492
-2429
-657
-1293
-1632
203
-242
-8264
-15505
-12116
-1808
585
-6196
-10698
-9067
-5282
-5195
-5453
-2334
85
-1281
-3453
-854
3144
2236
-1564
-1317
3504
4144
-419
-3735
-2441
4629
13030
17319
9924
-7569
-13861
1220
25480
31482
11716
-13198
-21578
-8745
10940
23855
19975
-1144
-24709
-28397
-7123
14349
12877
-5788
-17394
-13694
-6929
-6052
-7029
-3170
0
-3677
-9758
-11673
-11284
-14077
-13557
-2563
9060
5562
-11773
-22017
-13919
1960
9831
8175
5204
407
-6759
-7974
4431
21120
21797
6448
-5365
-1514
7316
8003
5526
8161
11227
4289
-6653
-7326
1727
7213
3700
1326
4305
3610
-4079
-7892
1448
12883
13004
5696
910
1671
3729
6688
10756
13542
9375
294
-3024
1688
6687
3593
-2935
-5851
-7011
-8792
-9330
-7040
-6546
-9674
-12816
-12105
-7525
-4951
-6821
-8933
-6075
-1502
-921
-1311
765
2616
2102
1875
5322
8700
6950
249
-3496
4786
18871
23606
8075
-12747
-14134
4982
25578
26292
8535
-11750
-20087
-10865
9427
26050
20631
-6841
-30923
-25995
1050
16906
7196
-9804
-14309
-10566
-9587
-9813
-5561
107
-1230
-7088
-9701
-9297
-12226
-17697
-13017
3783
13723
1701
-18754
-22086
-6607
8208
9881
5253
1744
-3101
-7961
-4190
10554
21192
13521
-2246
-5112
5448
10562
4106
552
7515
12460
4534
-6238
-6596
817
5234
4729
5276
5420
-567
-8023
-4465
9548
16088
9449
-71
-1020
4892
8568
10165
10932
9744
4128
-101
2446
6611
5729
329
-1728
-782
-2892
-7626
-8510
-4474
-3380
-7520
-12827
-13540
-11433
-10664
-8107
-3865
-1546
-6544
-14011
-12587
-1965
7832
6584
-1321
-4673
-1005
3565
3882
6854
15998
23312
16274
-4624
-13537
1387
25208
32266
16292
-4867
-16439
-13595
442
18697
25466
8847
-20011
-32768
-16766
7149
11650
-1740
-11927
-11802
-11567
-14572
-11521
-379
5219
-2314
-12440
-13471
-8931
-9175
-11455
-4533
7805
9079
-5455
-18130
-13516
1184
9757
8602
5879
2933
-2761
-6402
-10
13294
17501
6942
-4176
-2155
6154
6852
2101
2357
6607
4464
-3224
-5756
-1030
3082
1882
880
3740
4470
-727
-4871
295
8894
12484
8501
2316
962
2628
8061
13923
15373
7599
-3603
-4664
3960
12049
9965
1178
-6343
-9377
-7804
-3380
700
-281
-6572
-13905
-14293
-7068
-1824
-2734
-6677
-8416
-7939
-6884
-4226
-864
1143
611
-2503
-5133
-4818
-1306
1580
2909
7765
14860
14944
219
-13149
-5342
18661
32767
20336
-3203
-15148
-9779
4127
18623
26243
15412
-12254
-31507
-20755
6679
16915
1564
-15397
-15973
-9236
-9999
-13654
-8659
366
-70
-8915
-13661
-11938
-11970
-14070
-7836
6223
11445
-1616
-17263
-15094
1414
12763
10620
5006
3134
1078
-1605
2416
14071
19430
9219
-3411
-1841
9006
11511
2906
-1985
2347
4699
-1203
-6161
-2626
1784
-985
-4639
-711
4016
-13
-6610
-2552
7496
11389
5804
-393
1985
4775
5162
7231
13706
13874
1999
-7121
-2766
9402
13300
6460
-2745
-8368
-8896
-5308
-629
1812
-131
-8003
-13787
-11458
-5192
-1652
-2640
-3816
-4816
-6510
-6543
-3137
1428
4247
2988
-1541
-5232
-4893
-2594
2755
12216
19371
12268
-9653
-20395
-4828
22581
32462
15731
-8093
-19511
-12872
4725
23673
29684
11766
-18089
-29604
-9856
15991
17167
-1952
-14818
-13337
-9394
-10108
-8760
-2380
-738
-8090
-14969
-13346
-9812
-12930
-16326
-9063
3046
3667
-10043
-20239
-13159
3246
12586
10025
3494
-1792
-4130
83
12073
23098
19186
2821
-5744
4030
18050
18138
7262
1055
3077
3369
-1234
-2683
1530
3577
-616
-3627
-585
1653
-3163
-7288
-825
8945
12384
3656
-5335
-2137
4694
8505
8331
9333
5923
-1522
-3977
558
6970
6578
2044
-3335
-6883
-7247
-5180
-2348
-1116
-2280
-6808
-8763
-6831
-4881
-3072
-2145
-1277
-3425
-6510
-6063
-2050
2926
5624
4638
-840
-4612
-5133
-1433
6844
15358
18367
5934
-14716
-19380
591
25734
28587
7440
-15773
-21731
-9469
9686
23986
21152
-49
-22544
-23328
-904
17066
10950
-5755
-10983
-5971
-5441
-10081
-8051
796
3150
-4266
-10935
-10380
-9860
-14576
-14830
-3826
6398
456
-16110
-22420
-11572
3126
8816
6805
2043
-4687
-9224
-3656
11923
23503
17073
-122
-7191
3308
16877
18225
11332
6597
3937
-285
-2543
1099
5258
3121
-2572
-2927
1205
1532
-3532
-4655
2831
10392
10672
2681
-2108
-469
4045
9394
12923
12041
2290
-6366
-5443
3673
10495
7114
-2104
-10408
-11351
-6084
20
907
-3365
-9531
-12869
-8969
-3010
-411
-1618
-2621
-1968
-2604
-2915
-1786
1192
3903
4792
4797
1286
-2127
-4246
-1398
7766
17409
20264
4788
-17856
-22096
-184
27486
29323
4323
-22342
-28464
-12765
9377
23342
18938
-4007
-28455
-28823
-3366
18767
13824
-6832
-16048
-9659
-3582
-5174
-5053
1463
4746
-785
-7129
-6099
-4221
-8048
-9624
-541
10279
5731
-11540
-20713
-11391
5124
12349
8311
626
-6252
-9943
-5523
8282
19712
14642
-1828
-9136
896
13658
14709
8521
5600
5581
2118
-2060
-292
4514
4455
-252
-1329
1648
859
-5127
-6050
1996
10310
9361
616
-3145
-648
2540
5598
10523
11912
2628
-7880
-7837
2319
9941
6296
-2623
-9011
-10226
-8235
-5041
-1169
910
-2996
-9993
-11016
-6556
-1975
624
2183
2337
-881
-5020
-4907
2261
10204
11787
5977
-790
-3335
-2856
1144
8560
17479
19207
4728
-16766
-22226
-2425
23435
27329
6378
-17970
-26637
-16866
3297
20767
20428
-1264
-26740
-30383
-8368
13290
11939
-3491
-11503
-8762
-7129
-9265
-6207
2048
5024
-499
-5517
-4926
-5724
-10234
-9013
3367
13881
6889
-11049
-19364
-10423
3535
10449
10399
5828
-3545
-12402
-9356
7070
20987
15826
-1383
-9079
-389
10655
11730
8391
8285
7661
1494
-4302
-1851
4876
6748
2645
533
1354
-985
-6665
-5835
4600
12188
10031
-897
-6554
-2884
3467
8172
9844
9377
1373
-7491
-7985
923
9172
6654
-2428
-9925
-11335
-8361
-4258
-1931
-1283
-3340
-8530
-10223
-7131
-2572
632
1700
1391
-1025
-3889
-4134
1068
8056
11405
8669
1434
-2805
-2545
2362
10193
17394
18572
5818
-13265
-18615
-1842
21445
25606
7588
-14522
-23760
-16108
1573
18223
19064
-1306
-26429
-30431
-9522
10876
9226
-5431
-11800
-8222
-6991
-10020
-7448
1303
4525
-941
-5806
-4602
-4668
-9641
-9088
3049
14121
7996
-9351
-17159
-8402
4523
9477
8918
6620
-375
-9798
-9994
4386
18568
14693
-1649
-9278
-1273
8577
8981
5700
6268
6157
391
-4331
-782
5327
4412
-807
-266
4655
3294
-4136
-6044
3020
10173
8767
3641
-115
623
896
3816
9827
13518
7505
-4454
-8203
-2093
5845
6014
894
-4601
-9755
-12077
-8862
-2471
42
-3042
-9266
-11275
-7492
-3820
-1220
351
1209
-188
-3143
-2975
1367
6431
8279
6290
2825
-393
-1267
1655
6564
11364
13119
9940
-1357
-12661
-9942
7276
22947
18226
-1877
-18942
-20601
-6914
10967
19853
10803
-12051
-29048
-23084
-1242
11847
4636
-9353
-13562
-10159
-8607
-7703
-2880
2267
823
-3959
-5214
-4121
-5889
-9105
-4989
6368
12436
3849
-10751
-14399
-4277
8087
12715
10157
3878
-4123
-7312
-477
11889
17084
9075
-1923
-3624
3082
7378
5857
4328
4601
2272
-3369
-5597
-2104
384
-1043
-1572
1436
1831
-3031
-6108
-671
7236
8010
5481
2533
1849
1404
1873
7714
13224
11200
472
-5761
-1306
5409
5917
1303
-2024
-5683
-9879
-10010
-4121
1663
-133
-8089
-13410
-9647
-2557
1091
1297
305
-1088
-4144
-4464
1223
8363
10374
5744
-472
-2909
832
5134
6207
4385
2908
6206
7569
431
-10183
-9453
6203
18967
14356
-3341
-16983
-16439
-5325
9707
18277
10538
-11316
-27980
-21243
1515
13820
4238
-10620
-14512
-10358
-8200
-6999
-1617
2745
-245
-6668
-7717
-3728
-3354
-7544
-6509
3647
10198
2262
-11192
-12764
-849
9567
10297
6275
2293
-1211
-2929
1788
12232
17436
10348
-253
-1100
6838
10940
7015
3166
3650
2879
-1718
-4778
-3262
-1047
-1778
-3094
-1905
-587
-1856
-3330
-2309
1607
3724
5116
6181
2743
-209
1554
7996
11018
7478
1473
-1546
920
3405
3407
839
-2436
-5970
-8695
-7022
-1401
1215
-3883
-10039
-11566
-7061
-254
1912
-330
-3528
-3899
-1687
1119
4312
6446
6309
2589
-601
20
5217
8456
3519
-3248
-4741
2252
10054
8669
-3115
-12263
-7545
6983
15475
9194
-4315
-14115
-13547
-2977
11278
17104
5986
-14646
-23985
-11766
7249
10723
-1438
-10716
-9552
-6480
-7371
-6318
-132
3303
-1274
-6320
-4995
-3174
-7372
-10953
-3354
8963
8932
-4462
-13110
-7265
2792
5642
4155
5557
6251
1089
-3570
1532
12546
15427
7489
1273
4453
8225
4186
-597
2676
8392
5178
-4914
-9658
-5613
-1315
-1742
-1587
1701
2248
-4092
-9255
-4248
7057
10502
5928
3068
1245
2626
4691
7556
9261
7961
4540
-92
-192
1260
661
-2008
-2409
-1008
-2556
-5821
-6618
-5346
-5584
-4882
-3313
-2303
-2763
-5576
-6121
-1991
3502
4654
901
-458
1207
1912
2110
4577
7050
5117
-967
-7215
-5691
268
6043
10056
8339
-2428
-15935
-15408
3918
22619
18975
-3278
-21200
-20295
-4690
13298
20719
10363
-11517
-24978
-16384
4454
13659
4446
-7074
-8952
-6236
-6894
-6560
222
6551
3637
-4537
-8657
-8246
-8480
-8445
-2098
8019
9697
-1364
-12915
-12740
-3059
5667
9693
10659
6928
-1703
-7449
-1285
12985
20650
14715
3368
-2162
-1759
-361
2823
8375
9068
-189
-11680
-13957
-6924
206
2606
2483
82
-5349
-9510
-5725
3455
9058
7097
3492
5075
4599
1603
3160
10350
14046
8829
2950
727
630
-1011
-1412
2400
5827
2124
-7675
-12295
-7086
456
1739
-1378
-4250
-7140
-8798
-6275
489
5383
3379
-3214
-6499
-2662
3678
5333
2687
1325
329
-1959
-3532
-3189
-1096
-162
-275
2995
7666
5506
-7125
-14541
-3350
16221
20213
3558
-13552
-16376
-7619
3758
14500
17031
3155
-18908
-26129
-7794
15033
15735
-2118
-13029
-8539
-2622
-3811
-3157
3939
5426
-3412
-11342
-9446
-4876
-6528
-7218
1610
10598
5238
-11011
-18044
-7273
7615
12756
10035
6038
474
-5946
-4443
10106
23985
19738
1979
-8832
-3533
5353
5867
2836
3037
1356
-7057
-13455
-8129
1837
2214
-5015
-6044
15
1604
-4554
-6546
1792
10386
8973
1896
2400
6211
6472
6768
9758
11243
5870
263
-297
3494
5861
3321
-680
-3091
-3982
-4212
-2320
655
388
-5567
-9745
-6350
-1165
695
-874
-2951
-4042
-4001
-2258
676
2620
1236
-2312
-3589
-1023
1314
-1037
-3662
-1898
463
-1281
-5597
-2658
7799
13175
3801
-10848
-11604
2758
15147
12945
1079
-8591
-11140
-7143
3731
15035
12808
-4509
-19017
-14336
3396
12058
5323
-3221
-4006
-2291
-4561
-5792
-1069
3464
-849
-8663
-9264
-4226
-3303
-7398
-6975
411
5047
-466
-8711
-8546
-542
5880
6569
6199
6833
4577
-692
-373
9024
16884
12079
-788
-7330
-3141
2826
3166
1450
1791
303
-6428
-12223
-8639
947
5428
1319
-3279
-2643
-610
-1461
-1581
3359
10025
10837
5180
846
889
4208
7800
9544
8827
6697
3196
-1648
-3288
-135
4571
5634
2149
-2631
-5838
-6059
-3267
139
880
-1310
-5472
-8208
-5943
-1042
1478
-438
-3891
-5912
-6063
-3434
306
1640
-198
-3174
-3161
-1184
-276
-483
-1451
-1059
-592
1104
6328
10469
4502
-9072
-12243
2170
18303
16162
-1833
-15548
-14244
-3760
7895
15625
12489
-3245
-18565
-16089
3854
18081
11421
-3730
-9336
-5145
-2447
-3558
-1889
2331
896
-5143
-7915
-6106
-5853
-8670
-6320
3066
8295
195
-12032
-12815
-1786
8529
10702
8325
4843
-949
-5658
-1672
9629
15040
6571
-5743
-7861
-370
4417
1871
-750
52
-525
-4506
-6118
-2283
1339
618
-419
1872
3037
-691
-4203
-281
8261
10570
4436
-2499
-1038
5727
9129
9444
7417
3107
-1289
-807
4716
8664
5898
-1710
-5331
-972
4719
4215
-881
-4450
-4802
-4503
-3376
112
1320
-3053
-8588
-9807
-5345
-492
-653
-4191
-4762
-2053
-904
-2567
-2124
2429
3745
543
-2777
-2632
-692
-792
453
7199
14533
10218
-7534
-18423
-7879
14179
22300
8265
-11279
-20344
-14733
177
16934
22039
6699
-17718
-25598
-7052
15753
17600
1966
-9162
-8221
-5306
-5121
-1385
5713
5554
-4152
-11222
-8005
-2714
-4208
-7185
-1658
7289
5824
-6509
-14051
-6970
5909
11528
9030
4455
-1245
-7590
-7964
3032
17108
17436
1682
-13020
-11917
72
8561
8670
4995
519
-5219
-8602
-4563
3819
7577
3064
-2478
-2076
832
300
-2841
-1959
3946
8414
7054
1198
-2672
-697
5204
10505
10805
4758
-1946
-2750
1966
7590
8574
4146
-1524
-3758
-1814
1358
3208
1387
-3825
-8659
-8818
-4102
-1049
-2799
-6625
-8529
-6334
-2517
-371
-948
-1714
-1293
-809
204
1677
2594
1792
-244
-493
2153
4177
1872
-2949
-2338
6228
12651
6205
-9957
-16304
-5131
11445
15520
3992
-10256
-16857
-11622
2236
16224
16378
-585
-17993
-17396
41
13233
10060
-219
-4470
-3758
-4925
-5481
-741
4635
2163
-4751
-6569
-3343
-3894
-8877
-7287
4170
11337
2457
-13226
-16171
-4176
6862
8703
6704
4526
-1434
-9009
-6172
9140
19660
11538
-4604
-9080
-428
5863
4248
4334
8024
5249
-5618
-11396
-5006
3905
4972
1396
162
-1025
-6180
-9256
-1879
9537
11066
2360
-3607
-1026
1979
2321
5818
12542
13106
2563
-6834
-3320
7166
11150
6732
1784
-565
-2832
-5812
-4805
678
3086
-1991
-9486
-11860
-7968
-3270
-1484
-339
-177
-3171
-7110
-6807
-991
4979
5878
2341
-705
-1046
-229
924
3310
5783
5943
701
-5057
-6439
-3033
3352
8284
7878
-2829
-14133
-12792
1460
13117
9320
-3785
-13286
-12758
-4683
7244
15197
10418
-4443
-14137
-7231
7526
11974
4066
-3311
-3489
-1932
-2450
-1262
1860
624
-4983
-6066
-1739
-918
-7611
-12725
-7041
2436
4091
-2997
-8869
-7549
-2436
3421
9376
11709
5399
-4381
-5370
4824
14712
13380
4233
-2204
-1773
1566
3231
3431
2223
-1715
-6066
-6258
-2473
-613
-3349
-5950
-3741
604
2137
-25
-2870
-3028
378
6155
10418
8413
1934
-2310
1045
9914
14277
9953
1720
-2008
-418
3296
7053
7829
3212
-5235
-9459
-6081
594
2960
-1153
-6544
-8514
-6215
-4159
-3097
-1265
-314
-1354
-3339
-2709
-303
993
925
1741
3804
4374
2548
-636
-1586
1811
4596
2926
-1094
-5436
-7088
-6492
-1001
7774
10236
-465
-17086
-19183
-3772
13552
14601
247
-12173
-14464
-7803
4577
16994
17768
2382
-14662
-14623
2513
14195
8677
-1521
-2251
2932
835
-6860
-8630
-2930
982
345
-802
-3300
-10270
-17271
-12613
3428
14141
8039
-6156
-10988
-3543
5407
9748
11487
11121
4944
-3414
-4587
2965
9360
6278
-306
-2681
-1425
-2250
-5460
-5348
-2661
-1487
-2653
-3790
-4795
-6578
-5889
-467
6271
7443
2719
-2203
-3027
1677
8481
13223
11479
2963
-4573
-3129
5863
12161
11269
5742
996
-962
-823
2029
5404
6919
3082
-4635
-8840
-5862
154
2104
-320
-3464
-5484
-6411
-5467
-2134
924
989
-1162
-1926
-231
1112
741
1294
3771
4654
2120
-905
-1378
-74
-52
870
1589
-973
-5179
-9355
-8099
-3659
508
1930
123
-5498
-13811
-13209
-898
12817
12399
-2360
-13723
-12533
-3467
7609
16699
15675
951
-15292
-15366
2426
16659
12615
22
-5442
-3577
-4895
-7127
-1673
7223
6467
-2844
-7427
-4488
-2464
-4256
-783
9479
13576
4207
-7644
-6796
3316
8481
6145
4228
4084
-1485
-9890
-8729
3265
10572
2976
-8608
-10739
-5147
-2149
-3230
-1186
2397
308
-6326
-7619
-663
5123
3829
698
1222
1895
-391
-1063
3078
7132
5413
844
-85
3351
6374
5965
4962
4215
2882
2570
3943
5462
4864
2452
-268
-663
615
-659
-2895
-1901
376
-1377
-6069
-6783
-1602
2544
1045
-1879
-1861
508
1388
149
1428
5396
5592
1351
-752
1949
4296
2021
-1371
-927
1194
-584
-4827
-6813
-5097
-3281
-5687
-9205
-8629
-4319
-547
-269
-4541
-10334
-10325
-2745
5842
5950
-2939
-10996
-10894
-3611
6939
14737
10987
-3022
-12790
-7097
8654
16169
8802
-483
-1860
374
-433
-739
5392
10626
5375
-3280
-3804
940
625
-3804
-1502
7808
10510
738
-10150
-9698
-1475
2713
1670
1402
1246
-3887
-9924
-6968
3653
9613
4051
-5018
-7774
-4412
-345
1658
3302
3011
-1523
-6636
-6701
-1967
1562
1570
628
715
-9
-1331
-304
3104
5628
4638
2370
2120
2903
2766
2945
4472
5553
3498
-279
-625
2799
4226
438
-3337
-1798
1307
1413
-549
-1738
-1449
433
3120
4898
4614
2213
342
1637
5649
8003
5789
1829
857
2703
3827
2977
409
-1624
-1331
-581
-1878
-4194
-4867
-4815
-6076
-7141
-6267
-4841
-6523
-11012
-13791
-12551
-7219
-3241
-1970
-2244
-7062
-13800
-14256
-2264
11188
10145
-2963
-12043
-7663
2609
11206
16253
14267
4284
-5599
-3774
9207
17659
11024
-146
-1646
3850
5775
2691
1775
3019
1332
-1003
134
2306
-938
-6308
-4965
2799
6924
738
-7178
-7618
-2249
1980
3099
3817
1207
-5554
-9284
-3322
7129
9188
927
-7906
-8787
-4128
-869
-75
161
-599
-4378
-7317
-4831
18
2103
634
-325
350
127
-1488
-2279
-935
1085
2893
3477
2088
-1074
-3609
-2193
1769
3602
2124
616
1517
2820
3469
6164
7886
6406
4893
5954
8930
10903
10652
6896
3144
3545
6525
7160
5281
3997
2333
34
-964
74
-136
-2183
-4213
-5594
-4700
-3455
-4373
-6965
-8446
-7445
-6311
-5432
-5761
-7642
-9606
-8331
-5017
-4744
-7334
-10529
-10823
-9133
-6283
-3876
-1900
-343
-4481
-11292
-10645
2313
13760
9667
-2630
-8155
-3128
4055
10501
16054
14413
3491
-7016
-3714
10652
17815
10134
1432
2986
6524
3767
1473
7310
12069
6203
-1782
-2055
2166
1552
-2310
-1045
4296
4321
-3336
-8227
-4962
-182
-177
-1096
690
-727
-6781
-9611
-3945
2582
424
-6459
-8937
-5887
-4417
-6466
-6402
-2567
-1283
-5732
-9179
-6735
-2529
-1970
-3270
-1851
485
-156
-2378
-2374
1077
4718
5770
4328
2417
1768
2918
6257
9927
11365
9361
6907
6743
7888
8868
10716
13065
13742
10602
2545
-1606
3798
11571
10890
3740
-1361
-4247
-5991
-4417
1907
5793
738
-9566
-14675
-9281
-433
2176
-2368
-5946
-6344
-6114
-4282
-857
776
-2451
-6934
-8384
-6966
-5786
-6823
-8454
-8394
-7443
-8086
-10549
-12607
-12590
-10904
-7539
-4145
-2634
-2538
-4585
-7973
-7554
760
12029
13775
5004
-3404
-2589
5941
16167
23403
21458
9985
-1550
-1416
10571
20687
18101
8767
4844
6064
5519
3047
4285
7435
6031
2469
1124
-6
-4848
-8599
-3856
5309
6376
-4420
-15434
-16188
-9716
-4216
-1904
-1978
-7643
-17671
-21805
-13735
-2111
-44
-6937
-11878
-10075
-6215
-3666
-734
2420
2240
-1489
-3038
408
3895
3764
3464
6706
8916
4613
-1634
-1278
5723
11280
10301
5799
2911
2079
3027
6745
11907
13845
8640
536
-1148
5312
11474
10097
3886
112
1271
2673
4698
6731
3867
-1338
-2882
1624
5972
5487
-162
-4833
-3123
303
740
-1061
-1462
-2616
-6077
-7177
-3426
-1332
-5418
-9320
-9423
-6588
-5051
-8318
-11958
-12388
-10598
-9680
-9458
-9432
-11333
-13843
-12482
-6192
-2049
-4426
-8651
-9326
-4584
875
2882
4176
6994
7457
1815
-711
7509
18676
19019
9990
5031
6993
9479
11362
16901
20161
13295
1491
-1337
10154
19589
13647
2852
1401
4520
1248
-3866
-1248
3173
-1550
-9703
-10346
-6855
-8712
-14707
-14001
-5370
-2051
-9687
-17333
-14247
-6194
-3554
-3702
-1311
-856
-6889
-11575
-6074
4746
8910
3382
-2964
-4175
-2317
-849
1087
5369
7430
3056
-3722
-5122
-1015
2619
3875
4320
3899
600
-4130
-5624
-1150
6203
9471
6508
2014
967
3601
7550
11582
13732
11755
7281
5013
7246
10421
10295
7463
5779
6678
6151
2191
-1105
-1086
1413
2441
452
-2349
-5397
-8255
-9299
-5076
-160
-1752
-8135
-11073
-7527
-4214
-4630
-6494
-6962
-6882
-7595
-8645
-8642
-7239
-7377
-8172
-6429
-3455
-3393
-6965
-8042
-3976
479
245
-2621
-3486
-1514
1106
1528
1464
1134
703
549
1625
3698
6991
11080
8026
-1216
-5413
3929
15599
13774
4214
-237
1495
2122
4559
12736
16801
7235
-6585
-6085
7474
13662
4829
-3043
188
3322
-937
-2817
3218
5442
-2395
-7437
-3052
514
-4814
-9865
-4665
2765
193
-9040
-11096
-6062
-3884
-5460
-4487
-1084
-4048
-11420
-12273
-5151
799
-851
-5208
-6845
-5946
-4586
-2434
826
2707
2243
520
302
1590
3323
6774
10171
10609
7811
5261
5282
6721
8668
10250
10417
7863
3985
1590
1857
4321
6486
6363
3321
-729
-2720
-1566
1588
3515
2873
385
-2413
-3387
-2270
649
2890
1511
-2233
-4141
-3793
-2652
-242
1354
29
-4006
-6987
-6265
-3180
-1158
-3716
-7646
-7611
-4027
-2110
-3672
-5957
-6636
-4732
-1570
33
-1562
-3861
-4389
-4034
-1896
1316
1853
-1494
-5131
-4986
-1876
923
1106
-385
-1577
-2156
-2132
-1536
935
3486
3310
34
-2321
-2472
2039
11102
11564
1498
-7690
-916
10588
10995
5584
3029
2461
-2272
872
13637
18681
6314
-7810
-3376
10929
13875
3491
530
6543
3996
-4805
-3775
7125
5888
-8295
-12259
-2630
1359
-8867
-15668
-9022
-1143
-4141
-11476
-10082
-6285
-7810
-9855
-4653
2543
102
-5548
-5037
372
3283
2573
3290
3506
2137
818
2159
4316
4020
4023
4988
6034
3660
-460
-768
2041
4354
3311
1918
714
-1094
-2269
-1673
1562
3770
3277
103
-1772
964
3918
4175
2200
2539
4471
4898
4221
2806
2849
3792
4471
4080
2732
1373
-1395
-3958
-3630
-718
386
-3063
-7171
-8831
-7104
-4617
-3747
-4277
-6657
-8535
-8518
-5807
-2436
-1665
-3142
-4783
-4435
-2559
593
3128
3117
1444
761
3285
5468
4677
2823
3095
5547
6530
5357
3172
1659
891
270
610
697
-965
-4934
-7766
-6646
-3942
-2960
-4443
-6284
-7530
-8069
-7407
-5475
-3171
-3674
-5285
-5269
-2567
-896
453
8782
14211
8090
-3364
-16
14320
18989
14154
10379
9671
2786
252
11356
21738
14433
-2608
-6208
2316
5579
-1184
-2590
3504
626
-10824
-14826
-5205
-328
-7881
-11723
-6046
-2692
-9773
-14219
-6567
3029
3188
-3175
-4196
-1489
-393
-315
2372
7586
6975
1450
-3177
-1939
3612
6398
4433
-689
-2707
-2687
-3147
-2698
-659
2204
611
-3492
-5131
-3307
-1088
-513
1092
2238
650
-3542
-4676
-15
3970
3390
-87
-1450
-1070
-979
-112
1391
3272
2540
117
-692
923
3234
2687
1631
2556
3955
2747
525
2562
6334
7226
4175
1587
2276
3128
3457
3748
4391
2642
-942
-2146
-770
608
-722
-2430
-3808
-5015
-4665
-3807
-3573
-5375
-5898
-3880
-2622
-2956
-4058
-2642
-1872
-2875
-3231
-946
1689
-1018
-4440
-4179
-381
1168
-615
-1975
-3165
-4203
-4927
-2803
-573
-1130
-3598
-4970
-2280
54
140
-1190
-798
1538
2007
1687
1657
2734
2690
3091
6094
8430
7689
3266
1254
3503
7058
7517
4368
2787
2468
2572
1863
1798
1962
1171
1318
1091
140
-922
-123
1699
2515
3599
2750
-759
-3297
-188
5616
5723
691
-2399
239
2339
336
-963
1090
2566
-1457
-5577
-3653
293
-713
-5535
-6799
-4984
-5233
-8073
-8467
-5114
-3907
-6693
-9914
-9002
-5361
-3621
-3866
-3555
-1636
-1151
-1986
-1489
1649
5361
6032
5022
4435
5278
6326
6592
6793
6556
5448
3507
2757
3151
2066
-431
-1645
785
3492
2145
-2018
-4173
-2084
592
1103
-307
-1184
-923
-353
1109
3139
3662
830
-2359
-1976
1535
3788
2202
-295
-1155
-1342
-2390
-2907
-1461
-865
-3079
-5027
-3541
-1658
-3366
-5742
-4486
-1034
-7
-1800
-2735
-1914
-1160
-523
1539
3584
2385
-440
-599
2463
4901
5075
4701
4147
3350
3338
4451
4859
4425
4686
5276
4459
2201
1405
2801
3887
3172
1678
596
-1111
-3391
-4282
-2505
-957
-2630
-5618
-7629
-8628
-9377
-8479
-5815
-4333
-6339
-9857
-10602
-7755
-4449
-3541
-4589
-5129
-4997
-4213
-2606
-571
-28
-835
16
1839
3036
3058
4474
6332
7477
7764
8033
9013
8744
7662
7377
10481
12970
10255
5423
4194
6014
5571
4827
5541
4839
757
-2405
-450
2406
2442
-19
-1343
-1221
-1727
-2419
-1917
15
-442
-2768
-3678
-2967
-3059
-4306
-3293
-1998
-3715
-6955
-7652
-5114
-3362
-3856
-5694
-6509
-6578
-6811
-4907
-1938
-522
-3355
-6201
-4673
-769
2087
1869
-63
-3356
-3751
550
5525
5785
613
-2739
-1500
1775
3261
2908
2531
813
-839
-533
2052
2916
888
616
2657
4183
2299
656
2016
3928
4724
4429
4602
2818
-152
-123
3520
6711
5075
2097
823
1239
1484
1321
2180
1990
212
-2234
-2388
-615
-618
-2668
-4798
-4805
-4437
-4712
-5363
-6574
-7422
-7466
-6216
-5842
-6257
-5555
-4576
-4573
-5163
-3261
-227
555
-355
25
2759
4287
4080
3914
5110
6763
6465
5339
4576
5010
5085
4551
5008
4996
3359
789
1233
3857
4045
1314
-1268
-640
752
1142
1036
1097
792
-889
-1048
1050
2820
1708
83
1683
3699
2947
784
1160
3342
3659
1913
-254
-998
-889
-539
-15
256
-692
-4005
-6562
-5433
-2476
-1998
-4237
-5830
-6364
-6453
-5872
-4433
-3803
-5095
-6404
-6189
-5146
-5402
-6636
-6112
-3389
-1589
-3088
-4981
-4125
-1511
351
1109
1583
951
-321
-393
2262
6135
7589
5170
1283
656
3698
7125
7889
6327
4577
3562
3795
4892
6899
8173
6502
3042
1858
4525
6380
4781
2616
2592
2949
1619
620
855
1084
165
-988
-1410
-1728
-2374
-3643
-4309
-3380
-1829
-2043
-4752
-6955
-6094
-3306
-2112
-3264
-4297
-4550
-5455
-6528
-4989
-1774
-1491
-4728
-6777
-5194
-3164
-3131
-3201
-1880
-1201
-2477
-3151
-937
1551
1480
944
3005
5370
4216
2101
3866
8329
9998
7964
5877
5502
5859
6472
7683
8296
6736
3647
1568
1693
3031
4077
3688
1506
-1552
-3021
-2014
-335
69
-615
-1399
-2616
-4009
-4056
-2145
-586
-1500
-3502
-4398
-4364
-4501
-3921
-2045
-870
-2077
-4198
-4945
-4645
-4265
-3323
-1456
-478
-2037
-4139
-3730
-987
1002
1263
1126
462
-1373
-2710
-984
2150
2960
1074
-852
-933
-333
674
2205
3510
3076
1472
1539
2910
4128
3951
3972
4493
4328
2946
909
1150
3077
4643
3488
959
-1016
-2469
-2545
-1566
297
-54
-3081
-6524
-7666
-5638
-3340
-1666
-1903
-3439
-5221
-5399
-3114
-833
117
-911
-1662
-1385
-911
-386
734
2511
2431
1127
975
1885
1602
368
1121
3121
3120
677
-943
480
2838
3420
2596
2178
2365
1695
1038
2153
4281
4946
3358
2035
2019
2721
3443
4338
4975
3659
1639
1232
2988
4019
2737
1392
1173
1124
-325
-1806
-2128
-2186
-2891
-4145
-4742
-5348
-6342
-6990
-6662
-6198
-6916
-7395
-6649
-5464
-5120
-5054
-3985
-2775
-2207
-2154
-1590
-636
-289
-229
104
894
1272
1412
1711
1243
278
292
1742
2036
635
454
1942
2327
551
54
1700
2249
484
-558
1626
3788
2678
237
911
4353
5758
4453
3909
5475
6082
4314
3119
4308
6317
6315
4170
2324
2185
2762
2289
1360
899
176
-1520
-3333
-3711
-3069
-2798
-3492
-4258
-4255
-4348
-5027
-5183
-3716
-2523
-3642
-5425
-5208
-3474
-2673
-2493
-1832
-1691
-3306
-4678
-3355
-967
-427
-1420
-1369
-711
-1779
-4109
-4188
-856
1959
804
-2654
-3983
-2447
-887
-297
643
2048
1872
92
-667
933
3313
4249
4049
3754
3390
2714
2601
4370
6606
7113
5847
4989
5351
5350
5155
6151
7807
7050
3943
2485
3817
4941
3944
3260
3659
2257
-1381
-3211
-1019
753
-1625
-5317
-6066
-4832
-5316
-6629
-6144
-4864
-5524
-7429
-7479
-6103
-5095
-4547
-3641
-3333
-4576
-5073
-3336
-920
-485
-1284
-1009
-251
-507
-1059
568
2990
2446
-798
-2354
-197
2071
1910
989
1045
750
-786
-1155
825
2852
2760
1748
1483
1336
974
1862
4291
5846
5149
4056
4102
4125
3370
3384
5204
6721
5450
2283
202
641
2008
2518
1851
333
-1783
-3936
-4744
-3600
-1496
-832
-3174
-7038
-9168
-7913
-5072
-3345
-3648
-5104
-6536
-7099
-6135
-3783
-1595
-1217
-2042
-2289
-1853
-1991
-2082
-499
2050
3167
2289
1029
332
560
1970
4315
6024
5290
2308
-435
239
3936
6714
5925
3255
1665
1307
1685
3424
6040
6429
2957
-707
-505
2436
3916
2989
2085
1687
505
-1100
-1131
281
776
-108
-971
-1047
-1277
-2107
-2479
-1609
137
1046
134
-1861
-3114
-2418
-491
1342
1667
249
-1984
-3571
-3067
-685
1460
462
-3121
-5452
-4545
-2334
-1264
-1125
-1914
-3657
-4728
-3543
-1432
-999
-1634
-1811
-1552
-1693
-1827
-1135
-301
363
890
1265
901
-76
-39
1527
3450
3917
3080
1936
719
309
1740
4410
5087
2407
-687
-767
1786
3257
2283
1036
1105
758
-1112
-1580
989
3164
1607
-1100
-901
914
914
-361
55
1868
1871
-351
-1407
265
1536
198
-1038
115
979
-1052
-3158
-2267
-528
-1096
-2883
-3088
-2150
-2315
-3456
-3267
-1646
-1097
-2356
-3243
-2221
-899
-640
-576
-56
59
-858
-1489
-688
1048
2047
1335
-144
-862
-437
204
1301
3067
3590
1454
-1161
-900
1493
3075
2875
2020
1120
79
-165
1024
2888
3362
2009
859
1399
2625
2388
1369
1445
2810
3867
3420
2199
1247
1601
2865
3865
3677
2183
434
-695
-264
948
1343
219
-1908
-3443
-3754
-2780
-1799
-2118
-3823
-5887
-6423
-5176
-3371
-3043
-4256
-5303
-5358
-4669
-3962
-3115
-2360
-1993
-2118
-2572
-2532
-1544
26
707
143
-551
-652
-464
-166
1062
2803
3161
1571
222
930
2327
2726
2799
3543
3606
1858
419
1417
3315
3320
2083
2068
2752
1808
-185
-29
2203
2750
444
-1103
269
1431
109
-1128
254
1686
251
-1897
-1667
-182
-395
-1174
-36
1257
-484
-3342
-2376
1305
2176
-481
-1843
-374
181
-930
-353
2308
2945
533
-807
641
2002
1466
1132
2061
2018
123
-1318
-468
1025
1099
232
-446
-1206
-2473
-2847
-1574
-393
-998
-2595
-3372
-3249
-2703
-1824
-959
-859
-1498
-1821
-1516
-1014
-763
-395
571
1557
1562
413
-358
556
2511
3631
2961
1588
932
1204
1483
1537
2060
2614
1701
-533
-1511
-126
1272
428
-1549
-2342
-2029
-1983
-2244
-1942
-1464
-1869
-2575
-2119
-768
-378
-1246
-1371
92
1355
1133
582
903
1386
1405
1829
3053
3558
2169
359
400
2108
3001
1934
368
-387
-715
-1040
-684
229
166
-1519
-3199
-2920
-1117
60
-542
-1757
-1930
-996
40
665
1007
1046
769
519
670
1180
1586
1452
971
868
1198
981
-201
-1358
-1446
-840
-722
-1451
-2393
-2951
-3115
-2752
-1718
-937
-1529
-2758
-2726
-1451
-641
-507
253
1323
887
-677
-607
1887
3822
2885
825
360
1206
1667
1931
2712
3059
1986
652
574
1395
2046
2170
1878
1246
717
764
1064
1059
1136
2059
2879
1673
-1011
-1943
166
2361
1954
212
-664
-1035
-1623
-1166
665
1337
-663
-2754
-2177
-349
-109
-1260
-1693
-1442
-1976
-2831
-2496
-1401
-1409
-2494
-3005
-2841
-3283
-4090
-3449
-1600
-1110
-2863
-4407
-3567
-1674
-981
-1327
-1155
-604
-931
-1439
-377
1908
2990
2110
1224
1702
2782
3329
3696
4320
4610
4184
3708
4004
4476
4293
3716
3375
3059
2258
1589
1567
1477
444
-937
-1471
-1361
-1589
-2353
-2822
-2639
-2388
-2422
-2499
-2471
-2665
-2723
-1823
-472
-269
-1411
-1958
-865
730
1427
1042
59
-967
-1016
278
1573
1218
-338
-1082
-507
-71
-551
-740
-8
228
-783
-1479
-601
384
-23
-655
245
1790
1676
-15
-916
384
2385
2942
2159
1542
1616
1501
1138
1411
2183
2356
1754
1424
1612
1537
1067
1159
2041
2481
1725
503
-172
-275
-117
259
353
-700
-2561
-3534
-2859
-1789
-1751
-2543
-3292
-3821
-4241
-4107
-3078
-2052
-2297
-3596
-4341
-3737
-2661
-1986
-1551
-1208
-1462
-2150
-1998
-694
203
-250
-733
-23
814
520
117
916
2006
1961
1403
1556
1871
1535
1369
2283
3206
2629
1122
444
1162
2362
3101
3032
2231
1278
1029
1867
3194
3957
3588
2579
1971
2148
2602
2920
3256
3516
2997
1594
357
267
1027
1479
1019
11
-895
-1583
-2180
-2268
-1442
-600
-1286
-3199
-4156
-3263
-2195
-2367
-2851
-2584
-2554
-3747
-4672
-3658
-2000
-1960
-3019
-3179
-2876
-3754
-4830
-3733
-1192
-489
-2328
-3959
-3537
-2260
-1424
-605
372
358
-910
-1436
299
2979
4079
3173
2101
2254
3322
4381
5153
5555
5305
4461
3807
3987
4529
4676
4405
4157
3753
2686
1359
931
1696
2271
1426
-69
-571
-145
-277
-1095
-1139
-110
183
-1193
-2556
-2306
-1267
-889
-906
-716
-1087
-2470
-3336
-2291
-675
-667
-2038
-2887
-2785
-2739
-2825
-2372
-1870
-2536
-3903
-4268
-3409
-2728
-2912
-3113
-2781
-2416
-2360
-2207
-1722
-1407
-1409
-1042
-42
629
137
-549
234
2277
3626
3252
2262
2057
2637
3481
4560
5454
5029
3258
2142
3115
4745
4928
3922
3298
3122
2447
1695
2005
2761
2322
949
450
812
201
-1439
-1901
-596
177
-959
-2390
-2553
-2209
-2192
-1775
-796
-881
-2693
-4125
-3217
-1151
-404
-1263
-2168
-2332
-2121
-1571
-520
269
-127
-1198
-1651
-1185
-536
-191
-126
-375
-808
-984
-806
-662
-577
-158
340
267
-158
-149
292
601
956
1791
2406
1847
819
935
2207
3062
2707
1992
1781
1786
1470
1012
891
985
764
105
-637
-1226
-1697
-1953
-1813
-1519
-1651
-2356
-3034
-3072
-2528
-1954
-1799
-1948
-1918
-1554
-1206
-1087
-784
3
708
696
369
426
708
924
1452
2241
2182
1040
440
1265
2088
1795
1468
1820
1467
-154
-932
371
1591
819
-441
-282
150
-618
-1055
411
1875
972
-797
-556
1062
1320
212
-45
850
1335
1118
1143
1324
1027
869
1582
2102
1240
24
-81
336
133
-121
260
13
-1747
-3120
-2213
-549
-781
-2494
-3370
-3074
-2981
-3110
-2432
-1551
-1977
-3104
-2817
-1150
-371
-1080
-1396
-455
284
12
51
1078
1572
680
31
958
2135
1887
927
829
1368
1344
854
791
1024
832
388
381
609
390
-86
-110
222
162
-319
-473
-57
395
542
618
658
329
-74
325
1494
2096
1343
300
375
1377
1996
1733
1259
1187
1306
1131
675
443
670
896
589
-128
-728
-1117
-1518
-1664
-1147
-552
-1004
-2328
-3021
-2396
-1499
-1371
-1681
-1784
-1890
-2233
-2250
-1457
-467
-163
-391
-514
-454
-428
-196
522
1194
1150
701
610
776
642
561
1153
1776
1274
83
-240
416
688
325
473
1137
826
-547
-1104
-148
639
309
195
890
768
-783
-1497
50
1743
1377
145
-12
143
-603
-924
555
2025
1112
-1073
-1778
-933
-425
-445
14
313
-887
-2565
-2417
-745
-16
-789
-1200
-648
-693
-1686
-1736
-111
1201
733
-253
-247
229
312
701
1969
2732
1648
-26
0
1692
2909
2539
1539
939
620
516
1115
2094
2113
745
-496
-124
1097
1291
268
-359
185
661
-43
-988
-639
574
840
-219
-1112
-901
-426
-532
-626
-34
484
-207
-1680
-2339
-1512
-306
-105
-974
-1947
-2388
-2505
-2462
-2021
-1360
-1398
-2439
-3278
-2816
-1747
-1400
-1676
-1478
-809
-678
-1101
-944
127
1063
1196
1123
1378
1543
1398
1690
2854
3855
3493
2328
1945
2746
3580
3526
2975
2635
2409
1916
1369
1200
1298
1137
531
-143
-601
-869
-1047
-1101
-962
-770
-759
-1026
-1367
-1395
-898
-138
283
87
-383
-627
-534
-386
-348
-365
-477
-908
-1616
-2074
-2008
-1804
-1922
-2218
-2366
-2534
-2909
-3025
-2445
-1741
-1740
-2157
-2078
-1507
-1159
-981
-409
247
261
-1
445
1287
1339
768
917
1849
2192
1605
1273
1689
1935
1702
1846
2472
2580
2010
1889
2516
2810
2454
2411
2918
2895
2102
1826
2586
3166
2695
2013
1945
1952
1557
1409
1873
2012
1191
213
-110
-159
-398
-491
-380
-854
-2132
-3116
-3000
-2541
-2790
-3568
-4090
-4228
-4309
-4312
-4145
-4124
-4401
-4384
-3615
-2680
-2494
-2900
-2866
-1983
-969
-573
-632
-625
-413
-23
629
1342
1439
700
73
585
1758
2209
1561
785
712
1087
1343
1390
1318
1070
762
792
1209
1469
1236
856
837
1193
1539
1586
1332
1068
1108
1413
1648
1612
1417
1281
1272
1328
1342
1225
1069
1145
1372
1259
643
84
101
358
273
-68
-342
-758
-1566
-2172
-1776
-870
-929
-2286
-3457
-3207
-2250
-1935
-2177
-2109
-1937
-2364
-2842
-2181
-709
-48
-587
-986
-467
255
588
898
1393
1616
1541
1712
2073
2038
1788
2071
2667
2620
1917
1575
1826
1854
1454
1347
1650
1494
608
-130
-130
196
358
301
-137
-1091
-1864
-1527
-398
114
-555
-1472
-1711
-1346
-797
-228
133
-81
-696
-958
-534
85
331
166
-154
-401
-450
-376
-442
-738
-937
-828
-694
-889
-1395
-1871
-1962
-1530
-901
-736
-1310
-1989
-1970
-1322
-695
-373
-263
-446
-947
-1149
-377
812
1102
301
-323
126
946
1103
893
1126
1551
1410
942
1110
1840
2083
1662
1496
1878
1908
1253
890
1418
1921
1502
768
680
943
690
183
337
939
886
28
-593
-409
-55
-104
-260
-265
-488
-1143
-1650
-1468
-997
-957
-1353
-1686
-1815
-1993
-2153
-1893
-1296
-1031
-1417
-1838
-1596
-960
-630
-583
-268
232
270
-29
241
1112
1536
1197
1094
1761
2299
2036
1701
2019
2452
2263
1874
2046
2413
2073
1181
806
1266
1650
1194
271
-252
-143
80
-55
-474
-795
-907
-1004
-1108
-1017
-767
-744
-1054
-1278
-1117
-865
-876
-974
-841
-577
-536
-749
-912
-822
-513
-188
-100
-370
-780
-980
-863
-580
-352
-404
-986
-1826
-2018
-1269
-568
-953
-2004
-2488
-2136
-1558
-1141
-953
-1147
-1712
-1902
-1119
-42
255
-177
-400
-15
528
853
1068
1283
1341
1305
1531
2087
2506
2320
1810
1770
2420
3067
2977
2340
1937
2035
2289
2374
2256
1931
1386
919
887
1104
1067
585
-36
-408
-448
-344
-386
-686
-1100
-1379
-1366
-1198
-1172
-1386
-1642
-1650
-1367
-1078
-1042
-1201
-1303
-1214
-970
-605
-233
-126
-439
-795
-582
181
750
580
102
-5
278
529
674
887
1010
754
264
134
569
1083
1138
691
202
70
172
176
72
114
239
20
-529
-838
-736
-633
-698
-668
-617
-948
-1421
-1306
-736
-620
-990
-943
-384
-301
-845
-841
114
788
315
-387
-273
200
167
-99
138
521
142
-865
-1443
-1145
-666
-692
-1031
-1215
-1317
-1637
-1926
-1677
-998
-511
-500
-569
-413
-176
139
805
1724
2274
2136
1839
2033
2651
3198
3500
3713
3754
3322
2642
2454
3012
3541
3150
2047
1209
1029
1019
789
495
208
-438
-1419
-1969
-1727
-1451
-1875
-2501
-2544
-2342
-2700
-3226
-2862
-1863
-1563
-2233
-2640
-2101
-1435
-1384
-1434
-1040
-731
-1007
-1315
-998
-491
-494
-733
-631
-417
-594
-834
-571
-115
-104
-366
-247
211
397
206
207
601
972
1098
1194
1373
1411
1314
1488
1996
2344
2206
1877
1798
1977
2243
2489
2560
2267
1743
1515
1809
2185
2083
1549
1060
869
812
667
448
228
-38
-457
-941
-1185
-1149
-1249
-1747
-2187
-1998
-1633
-2028
-2985
-3230
-2415
-1819
-2274
-2910
-2775
-2387
-2558
-2761
-2243
-1576
-1730
-2307
-2198
-1487
-1123
-1233
-1021
-342
-46
-391
-498
203
1111
1406
1174
1032
1197
1510
1903
2321
2474
2225
1936
2013
2290
2341
2279
2440
2548
2123
1514
1483
1861
1793
1327
1303
1611
1226
194
-117
657
1161
572
-110
-29
89
-378
-565
141
573
-256
-1211
-859
24
-174
-1079
-1198
-638
-705
-1418
-1564
-1083
-1156
-1870
-2072
-1513
-1326
-1965
-2403
-2015
-1580
-1704
-1871
-1669
-1570
-1773
-1634
-1004
-682
-973
-1041
-413
95
-153
-435
98
928
1116
827
828
1104
1199
1333
1880
2354
2031
1313
1225
1861
2318
2113
1670
1413
1332
1305
1321
1257
1003
769
746
748
501
126
-86
-108
-46
38
-108
-754
-1462
-1393
-615
-269
-983
-1869
-1894
-1382
-1147
-1207
-1156
-1130
-1436
-1637
-1184
-490
-392
-855
-1048
-639
-167
-77
-228
-282
-162
24
251
478
523
348
267
578
1089
1272
1066
972
1240
1508
1520
1605
1845
1799
1411
1371
1917
2153
1508
785
865
1262
1117
675
560
466
-122
-678
-500
-24
-197
-868
-1146
-1007
-1119
-1438
-1326
-957
-1075
-1576
-1676
-1337
-1314
-1672
-1676
-1235
-1077
-1447
-1745
-1629
-1487
-1492
-1360
-1125
-1185
-1549
-1756
-1571
-1230
-978
-835
-845
-1011
-1039
-692
-248
-55
8
221
488
536
501
700
1114
1449
1523
1451
1432
1524
1706
1909
2065
2167
2167
2003
1858
2006
2373
2572
2315
1868
1733
1891
1967
1821
1634
1503
1240
817
570
633
611
198
-321
-527
-540
-722
-990
-1107
-1248
-1609
-1845
-1585
-1215
-1398
-1910
-1946
-1466
-1224
-1420
-1464
-1117
-868
-944
-905
-646
-628
-903
-813
-173
187
-231
-756
-677
-247
-25
-24
-29
-178
-488
-475
33
429
195
-305
-339
75
335
293
261
332
267
151
354
739
784
458
329
628
879
728
483
493
614
641
609
552
374
111
48
224
304
142
-98
-279
-417
-476
-355
-235
-424
-795
-895
-674
-576
-779
-917
-752
-590
-726
-924
-787
-427
-284
-450
-591
-435
-131
67
116
152
261
343
319
322
556
882
913
673
586
779
871
664
584
892
1116
827
398
346
491
511
579
805
747
168
-310
-48
554
713
439
215
111
-60
-144
96
460
525
221
-135
-312
-315
-215
-42
118
38
-389
-887
-1021
-684
-320
-327
-583
-840
-1051
-1177
-1032
-596
-326
-499
-767
-750
-596
-565
-429
16
366
176
-180
-96
310
556
617
780
966
804
492
586
960
1050
859
862
1054
876
319
78
395
741
698
350
-43
-402
-581
-337
81
97
-357
-810
-933
-792
-584
-410
-319
-496
-882
-1095
-957
-613
-397
-589
-1017
-1234
-1094
-930
-1055
-1266
-1184
-999
-1153
-1470
-1458
-1102
-897
-1014
-1003
-754
-637
-678
-475
-31
147
44
194
656
832
580
641
1250
1664
1475
1209
1362
1633
1613
1599
1946
2173
1742
1167
1205
1731
1986
1660
1244
1102
1007
862
872
1039
1001
605
215
176
305
236
63
44
48
-173
-452
-433
-228
-294
-610
-715
-534
-494
-807
-1055
-918
-744
-856
-1038
-1022
-986
-1183
-1349
-1093
-698
-755
-1164
-1282
-960
-663
-661
-689
-515
-423
-539
-522
-220
26
-40
-165
-40
198
262
207
191
256
385
531
593
474
358
463
647
641
550
594
654
484
275
384
630
571
261
126
241
299
209
131
82
1
-36
27
38
-107
-228
-222
-224
-305
-312
-246
-361
-603
-624
-433
-398
-615
-714
-550
-474
-592
-630
-504
-440
-499
-417
-187
-148
-338
-328
28
284
165
27
227
498
450
307
494
849
883
625
517
702
888
847
727
709
745
678
485
375
479
566
383
86
13
139
98
-131
-176
-25
-80
-333
-344
-72
-3
-243
-283
15
163
-58
-167
139
410
254
18
170
463
396
121
144
412
441
150
-50
32
91
-55
-188
-196
-269
-508
-681
-612
-532
-666
-899
-937
-803
-779
-901
-940
-808
-732
-791
-754
-539
-366
-439
-556
-419
-122
64
87
123
212
263
312
445
607
668
628
605
616
586
519
560
667
634
432
260
261
292
203
104
127
168
55
-161
-241
-150
-69
-63
-82
-131
-222
-279
-250
-162
-109
-102
-101
-151
-255
-304
-202
-55
-41
-155
-237
-253
-259
-250
-196
-98
-72
-182
-315
-314
-173
-46
-20
-54
-76
-99
-88
-7
123
243
286
252
178
150
250
437
549
507
436
444
462
459
470
537
602
578
490
416
382
390
447
488
462
378
304
250
193
155
162
168
97
1
-63
-106
-156
-190
-189
-201
-244
-274
-323
-406
-459
-421
-350
-386
-532
-609
-538
-481
-521
-577
-574
-554
-590
-607
-523
-458
-508
-528
-423
-332
-357
-393
-313
-197
-159
-119
-13
38
-44
-87
72
263
267
189
237
332
288
196
275
432
432
327
311
396
390
276
283
417
461
338
254
299
348
318
291
354
378
283
187
190
265
296
237
150
90
68
59
62
69
49
-33
-125
-113
-42
-26
-96
-177
-189
-126
-106
-156
-191
-197
-201
-231
-247
-219
-208
-274
-362
-362
-255
-198
-288
-402
-374
-243
-187
-237
-262
-198
-122
-99
-68
14
72
56
38
111
219
250
220
226
278
299
288
333
384
370
304
290
346
318
213
196
277
275
123
8
45
66
-23
-99
-51
-44
-205
-344
-309
-211
-253
-347
-348
-343
-413
-468
-406
-304
-292
-340
-330
-280
-260
-211
-101
-24
-42
-69
-13
74
122
145
185
191
116
60
116
214
241
182
77
12
36
77
80
71
99
130
78
-26
-14
132
253
236
167
155
167
183
232
329
390
331
238
215
244
269
284
310
270
128
23
28
79
60
-41
-109
-161
-253
-374
-441
-401
-366
-427
-556
-632
-625
-619
-628
-578
-481
-449
-526
-574
-463
-266
-129
-53
19
50
60
156
373
552
574
565
643
707
652
656
820
934
799
595
625
751
674
484
483
576
427
126
57
229
255
4
-199
-177
-179
-355
-442
-328
-294
-529
-777
-744
-607
-641
-773
-795
-741
-788
-888
-858
-705
-617
-618
-591
-542
-510
-476
-349
-172
-84
-81
-76
-53
-41
18
159
258
187
36
6
89
167
219
245
212
114
50
147
328
406
348
332
393
411
401
484
658
750
669
584
660
743
710
665
700
742
669
530
484
517
462
350
311
310
234
81
-15
-13
-39
-109
-143
-170
-264
-385
-429
-385
-374
-449
-508
-510
-520
-560
-566
-501
-467
-521
-543
-493
-461
-502
-528
-443
-343
-331
-379
-373
-301
-246
-213
-168
-96
-65
-101
-92
-1
104
152
138
139
165
193
241
293
320
326
304
288
305
347
379
367
304
238
227
230
227
217
180
145
106
63
48
43
24
-10
-44
-77
-108
-138
-175
-199
-201
-204
-227
-258
-259
-247
-251
-273
-275
-226
-188
-192
-203
-176
-137
-124
-99
-24
36
26
-24
-5
84
140
173
199
205
173
135
176
277
332
316
262
229
223
236
258
295
331
299
237
194
189
235
301
348
342
263
168
159
247
302
269
199
141
88
34
13
22
-23
-147
-227
-222
-237
-351
-482
-492
-434
-473
-595
-662
-654
-627
-606
-579
-556
-592
-634
-566
-450
-365
-336
-336
-326
-323
-294
-181
-54
-18
-64
-88
-31
14
38
104
221
291
234
144
166
304
411
427
408
419
430
406
418
492
552
517
430
402
437
449
417
401
403
354
285
277
304
292
218
173
189
175
89
14
15
25
-41
-148
-202
-198
-216
-270
-315
-342
-401
-479
-498
-446
-423
-479
-535
-535
-487
-455
-438
-391
-350
-342
-328
-247
-153
-125
-115
-52
49
93
73
87
186
287
290
233
236
300
331
310
320
375
383
306
240
289
382
394
333
314
357
350
272
235
289
335
288
180
129
135
82
-20
-63
-52
-79
-169
-264
-291
-301
-341
-377
-392
-394
-412
-431
-402
-362
-383
-412
-400
-336
-275
-261
-257
-244
-232
-219
-191
-137
-78
-85
-112
-79
-19
21
21
36
74
94
97
101
128
148
162
193
223
213
176
173
215
265
280
259
252
257
264
286
314
318
287
245
205
200
215
196
150
104
85
55
8
-24
-36
-42
-78
-113
-116
-107
-137
-182
-183
-155
-136
-176
-220
-191
-140
-131
-162
-181
-151
-101
-88
-100
-92
-62
-22
-16
-20
1
25
37
41
45
52
51
31
33
59
82
81
53
34
54
72
68
54
55
64
60
57
66
79
70
45
38
55
49
9
-15
-4
-8
-44
-65
-60
-49
-86
-130
-118
-105
-102
-117
-134
-112
-102
-114
-99
-83
-87
-88
-80
-65
-56
-49
-39
-17
7
11
7
5
17
39
47
53
64
59
54
38
49
57
47
48
49
54
52
47
43
45
43
29
29
33
31
20
12
15
32
28
5
5
16
15
3
4
8
10
2
-1
6
11
8
0
-7
-1
-3
-12
-8
-13
-19
-23
-33
-37
-41
-46
-40
-44
-49
-38
-44
-44
-38
-34
-23
-32
-41
-36
-31
-28
-17
-6
2
-6
-4
17
30
46
35
25
37
31
27
31
29
33
26
11
14
26
28
21
19
15
8
12
1
-5
-2
-9
-8
-17
-28
-24
-23
-29
-37
-40
-47
-48
-43
-38
-34
-25
-17
-22
-19
-8
-8
-7
-6
-10
-4
-6
-2
7
3
13
15
7
12
11
18
26
23
14
15
22
29
34
24
12
12
19
24
23
17
17
15
19
30
25
23
34
29
22
18
25
34
30
26
33
29
21
22
19
31
27
18
7
3
9
-2
-9
-9
-8
-14
-12
-19
-31
-39
-46
-45
-47
-52
-55
-52
-52
-51
-40
-31
-35
-49
-55
-39
-22
-21
-20
-22
-14
-10
-10
7
8
-1
1
2
7
13
12
19
24
14
14
5
10
22
12
9
3
2
6
4
10
15
12
9
16
23
23
20
15
12
18
14
9
16
19
12
10
17
20
16
11
8
7
0
-13
-14
-8
-11
-20
-30
-17
-19
-36
-35
-25
-10
-11
-28
-27
-12
-8
-12
-12
-9
-5
-8
-10
-2
0
-3
-3
7
9
13
23
17
17
17
22
28
28
20
17
27
28
22
20
23
29
30
24
20
22
22
23
19
24
29
24
26
21
27
19
9
13
9
11
-4
-6
3
8
6
-9
-10
-9
-22
-36
-37
-42
-46
-47
-43
-39
-47
-45
-41
-35
-25
-31
-35
-42
-38
-31
-33
-33
-29
-30
-33
-38
-39
-29
-22
-3
-11
-15
-11
-11
10
18
11
14
4
1
4
1
4
-2
2
8
5
9
27
25
17
32
40
43
36
31
44
40
37
48
39
35
34
32
40
39
33
32
35
30
24
26
22
24
19
7
9
3
0
0
-1
-4
-9
-12
-7
-8
-13
-14
-17
-17
-24
-31
-38
-41
-33
-41
-44
-43
-46
-38
-35
-34
-23
-26
-29
-25
-16
0
0
5
10
8
13
14
14
15
16
5
2
13
19
14
5
13
17
20
20
13
3
2
2
18
27
8
6
9
9
18
7
7
6
6
-2
-6
9
8
3
2
5
0
0
-10
-10
-6
-13
-15
-10
-13
-26
-25
-28
-22
-26
-37
-38
-44
-47
-38
-25
-17
-19
-33
-25
-9
-13
-13
-5
-7
-7
-6
-3
2
4
8
16
29
26
25
31
32
38
38
42
44
40
31
34
44
48
45
28
25
18
23
31
24
25
18
6
2
9
9
7
-2
-11
-4
0
-11
-12
-4
-5
1
-6
-12
-16
-20
-17
-11
-9
-16
-13
-20
-27
-23
-24
-24
-36
-28
-17
-30
-29
-22
-13
-24
-21
-17
-26
-21
-21
-8
5
2
-7
-7
9
9
11
3
5
24
19
23
23
21
19
14
23
32
32
31
33
36
44
37
19
11
15
3
-3
-4
-4
-2
-11
-4
-1
-7
-5
-2
-12
-22
-24
-14
-11
-17
-26
-34
-40
-33
-25
-41
-43
-42
-36
-23
-16
-21
-24
-24
-12
-12
-20
-14
-9
-8
-6
-1
-8
-6
-4
9
14
10
16
17
19
22
35
52
52
37
35
46
46
57
72
63
54
42
39
47
36
29
25
21
21
16
14
19
13
0
-2
-10
-19
-27
-26
-29
-32
-33
-32
-36
-34
-25
-24
-27
-42
-43
-38
-32
-33
-29
-17
-18
-19
-15
-16
-21
-18
-22
-16
-6
-9
-8
-5
-1
-13
-16
-5
-4
0
-12
-13
0
11
17
13
22
25
26
36
37
22
25
22
17
14
16
26
15
14
17
13
8
10
4
3
6
-2
-7
-12
-17
-21
-17
-15
-14
-28
-31
-28
-34
-19
-18
-19
-12
-18
-16
-16
-19
-9
-5
-17
-19
-13
-11
5
15
18
16
11
20
34
39
45
45
38
36
34
33
41
42
40
46
33
43
45
36
45
47
40
20
5
-1
-2
-2
3
-4
-19
-37
-37
-24
-28
-40
-47
-44
-40
-35
-39
-45
-48
-56
-60
-52
-46
-45
-45
-40
-27
-28
-27
-21
-20
-26
-18
-4
-1
-9
-25
-16
-6
-7
-8
-2
6
5
6
12
14
19
17
19
26
34
44
46
42
47
47
45
50
61
64
52
45
43
41
39
48
42
34
33
27
21
13
11
4
2
5
3
0
-14
-19
-22
-22
-23
-37
-49
-56
-46
-42
-38
-46
-48
-46
-53
-54
-47
-44
-50
-42
-44
-42
-34
-31
-17
-10
-8
0
-3
-6
-10
-2
7
12
15
14
27
34
34
33
48
52
50
54
48
54
50
45
40
35
31
27
34
35
30
26
19
16
11
10
15
-7
-13
-12
-16
-16
-26
-31
-32
-29
-30
-28
-39
-44
-29
-34
-30
-30
-31
-28
-35
-39
-39
-32
-27
-18
-22
-25
-25
-20
-18
-16
-7
-15
-15
-17
-13
-3
2
4
-7
-2
21
34
24
17
25
32
40
34
37
40
34
41
50
58
51
40
40
47
43
39
42
35
31
28
17
21
22
15
-5
-11
-10
-25
-29
-36
-42
-33
-34
-38
-31
-29
-32
-36
-35
-32
-30
-42
-42
-33
-39
-29
-24
-38
-32
-25
-13
-10
-18
-13
-5
-11
-1
15
14
16
8
19
26
25
29
25
30
23
30
41
41
37
33
37
32
22
21
28
33
29
22
22
21
12
9
5
14
16
8
-2
-8
-8
-11
-21
-21
-30
-40
-36
-38
-37
-28
-25
-31
-29
-29
-26
-24
-37
-38
-40
-44
-44
-38
-33
-31
-29
-27
-20
-32
-30
-29
-22
-10
-17
-8
2
0
8
10
9
20
19
21
41
44
38
47
45
55
57
60
60
47
50
42
39
38
44
43
45
34
27
34
33
37
21
16
19
7
10
7
-1
-3
-17
-23
-24
-30
-32
-35
-29
-19
-18
-19
-17
-14
-13
-11
-17
-18
-11
-17
-22
-14
-9
-13
-21
-22
-21
-26
-25
-19
-15
-10
-19
-29
-20
-23
-17
-14
-21
-12
-8
3
8
-3
5
-1
3
20
12
7
0
2
4
0
7
10
11
13
14
6
1
4
5
5
2
1
6
6
-1
-4
-1
-5
-4
-4
-10
-14
-12
-8
-3
-7
-11
-5
-17
-21
-12
-19
-12
-5
-7
-14
-17
0
-3
5
14
9
6
5
10
11
17
15
24
21
16
25
25
24
25
28
28
35
36
31
35
37
39
40
26
15
16
18
19
14
6
6
8
3
6
0
1
6
6
2
0
5
1
-6
-9
-14
-17
-16
-15
-21
-29
-28
-36
-38
-35
-30
-25
-21
-23
-20
-20
-19
-19
-36
-33
-33
-38
-26
-26
-31
-25
-21
-14
-7
-4
-5
-5
-5
3
7
4
9
6
9
15
17
11
14
9
4
13
10
14
14
16
13
6
9
16
18
11
-2
-1
0
11
18
8
8
-8
-6
1
-3
-1
-5
-16
-20
-5
-11
-5
-2
-5
-3
-11
0
7
7
3
-8
-14
-8
-6
-7
-6
0
1
0
4
11
17
18
25
27
35
36
24
35
36
34
37
37
32
16
17
23
25
13
8
3
-13
-2
7
-3
3
2
-6
-13
-19
-13
-13
-10
-11
-19
-14
-13
-20
-6
-2
-2
-1
-15
-27
-15
-12
-21
-18
-15
-14
-18
-21
-19
-6
-14
-24
-10
-7
-9
-11
-3
7
-8
-16
-18
-24
-17
-9
-10
-8
-4
-5
-5
-3
7
9
13
12
-1
9
16
9
8
12
14
11
14
15
8
7
6
5
-2
-7
-7
1
2
-2
0
-4
-2
1
-2
-8
-7
-9
-2
-5
-14
-12
-29
-28
-16
-16
-15
-11
-7
-6
-9
-4
0
6
18
18
26
35
23
23
25
18
24
22
15
18
18
9
17
24
18
24
22
26
28
28
20
13
25
20
2
0
8
10
8
14
11
8
10
2
0
10
14
12
4
-1
-6
-10
-8
-8
-11
-19
-23
-24
-17
-14
-23
-15
-5
-9
-12
-15
-24
-24
-34
-47
-37
-43
-45
-33
-41
-46
-46
-51
-47
-46
-44
-33
-37
-26
-21
-13
-4
-9
0
1
6
5
7
13
10
21
22
24
29
21
25
27
25
36
38
39
52
54
49
34
23
15
17
13
7
9
17
13
10
21
27
27
23
19
16
22
15
12
4
3
10
7
14
4
-1
-1
-21
-18
-13
-19
-18
-28
-30
-21
-20
-22
-20
-13
-21
-24
-10
-7
-9
-17
-11
-15
-25
-23
-22
-8
-13
-17
-15
-18
-12
-13
-10
2
13
22
20
18
21
22
23
19
21
23
20
19
21
25
25
16
15
21
15
18
18
1
5
10
3
5
6
0
-6
-11
-22
-27
-21
-17
-18
-17
-18
-25
-29
-25
-18
-17
-23
-26
-22
-22
-24
-21
-23
-23
-12
-15
-18
-5
-8
-9
3
4
-3
-10
-7
-9
-3
9
11
14
8
12
9
14
19
9
11
6
4
6
14
19
10
5
13
16
13
23
25
24
30
26
32
21
20
26
20
26
16
15
14
4
4
3
-1
-3
-8
-2
2
-2
-3
-8
-14
-24
-25
-16
-10
-15
-14
2
5
-2
0
4
-13
-21
-19
-21
-27
-23
-19
-22
-8
-5
-10
-6
0
1
7
5
10
10
3
8
8
10
11
5
4
4
1
13
15
14
17
17
23
19
10
16
12
7
9
-7
-5
-11
-13
-15
-29
-30
-33
-28
-22
-20
-17
-22
-25
-25
-34
-32
-28
-23
-15
-11
-16
-19
-14
-10
-8
-12
-14
-13
-13
-10
-2
6
6
-2
9
27
23
17
19
28
27
22
20
25
37
31
35
36
27
22
15
13
16
19
27
30
27
25
25
29
33
38
46
28
23
30
18
16
20
10
-3
5
0
-6
0
-4
-15
-15
-25
-34
-28
-33
-33
-36
-35
-33
-48
-49
-51
-54
-50
-41
-39
-35
-21
-17
-9
-5
-15
-18
-15
-15
-16
-7
3
1
-3
0
-2
-8
-8
3
9
13
14
10
8
19
23
25
29
17
15
18
9
10
9
6
13
11
14
18
5
12
