SAMPLES:
14623
BITSPERSAMPLE:
16
CHANNELS:
1
SAMPLERATE:
16000
NORMALIZED:
FALSE
27
20
25
27
29
29
10
-1
-9
10
12
13
17
7
4
4
7
-4
-6
4
6
15
7
5
12
9
3
-5
6
4
8
16
22
27
19
14
11
8
11
6
-5
2
3
-11
7
22
4
12
27
11
1
-2
-2
3
8
13
10
16
19
7
7
10
-3
-10
-11
-13
-8
-11
-6
-4
-14
2
0
2
5
-1
0
1
-5
-8
-14
-30
-25
-24
-25
-23
-28
-19
-11
-19
-21
-26
-33
-12
-12
-15
11
-1
-10
-17
-16
-9
-14
-18
-14
-19
-28
-15
-26
-25
-16
-13
4
1
8
18
7
11
18
18
10
14
10
15
29
23
26
32
40
32
25
33
27
27
23
18
8
16
10
2
15
13
12
-3
8
10
5
12
-3
8
11
13
24
1
-6
1
-9
-7
-7
-19
-21
-30
-20
-17
-22
-1
-8
-10
-11
-16
-13
-17
-13
-3
6
4
-1
4
-5
-16
1
-10
-4
3
-10
-10
-6
8
-1
5
-3
-3
3
-3
0
1
12
18
17
14
8
11
4
-18
4
7
-7
-5
-12
2
-4
-1
-1
-12
2
8
0
2
2
0
13
11
11
10
-5
0
-8
-16
-5
-21
-28
-15
-6
-5
-6
-10
-8
-1
2
-3
3
12
2
-4
7
3
4
-5
-7
0
-2
-3
-13
-13
-19
-13
-1
0
-6
-7
1
-1
-7
1
0
-5
-1
-15
-9
-8
-12
-4
-9
-3
-9
0
9
11
12
11
19
17
22
21
28
28
25
28
29
41
43
33
22
34
33
23
22
15
23
20
5
13
22
11
2
-6
-3
4
0
-5
-4
-6
-6
-1
-11
-15
-17
-16
-25
-28
-34
-37
-36
-39
-29
-31
-22
-20
-28
-27
-19
-27
-27
-22
-29
-23
-26
-26
-17
-25
-26
-20
-12
1
3
-1
7
10
4
16
14
9
14
8
10
19
5
4
4
3
-2
-13
-2
2
2
20
38
29
27
37
34
23
21
26
12
13
23
10
8
9
4
2
-1
1
11
12
6
13
0
2
2
-5
7
4
0
-5
-4
-13
-11
5
0
2
4
-6
-4
-9
-17
-14
-15
-12
-17
-22
-7
-8
-14
4
-1
-3
11
2
2
3
2
-5
-2
0
-17
-19
-11
-15
-7
1
6
16
19
20
16
4
6
13
-9
-6
3
-8
5
4
-4
2
2
-3
0
-8
-10
1
3
5
4
9
4
-6
0
3
-3
0
-4
-4
9
-11
-11
-5
-12
-11
-5
-3
-7
-5
-3
-1
1
3
11
18
10
-2
0
-6
-2
13
4
2
0
11
-3
-4
19
2
-2
-5
-9
-3
-9
-7
-1
-7
2
4
-11
-12
-16
-12
-9
-6
0
-8
-10
-19
-8
-3
-9
-10
-4
-1
-13
-15
-17
-20
-13
-8
-3
3
0
3
9
17
16
4
11
12
12
18
27
27
28
30
35
31
30
36
26
21
19
14
15
26
11
10
25
18
20
19
8
7
10
8
10
0
-13
-16
-16
-15
-23
-20
-22
-12
-6
-17
-15
-6
-9
-25
-28
-31
-33
-31
-30
-23
-21
-12
-15
-19
-22
-27
-17
-11
-15
-15
-5
-7
-4
-7
-14
-4
-8
-4
-3
-9
-3
-2
-7
-8
-1
0
1
-3
0
0
-9
-4
3
-2
0
-5
2
14
4
15
15
15
31
19
17
26
23
21
18
9
16
10
11
15
13
19
13
17
11
20
29
8
11
28
20
13
10
6
7
4
-2
-3
5
3
2
3
3
14
10
3
-3
-8
-3
-10
-13
1
2
-9
-6
1
-8
-10
6
-3
0
1
-14
-17
-21
-14
-21
-24
-10
-7
-23
-14
-20
-32
-27
-41
-33
-38
-41
-19
-15
-15
-17
-27
-18
-5
-1
-8
1
9
9
12
-2
4
17
15
5
6
7
1
2
6
14
15
12
15
17
20
32
20
22
21
-4
16
17
10
24
12
8
26
29
21
18
15
16
7
0
-1
-12
-4
11
1
8
-2
-2
13
-1
6
7
-3
-4
-5
-9
-17
-12
-20
-24
-12
-12
1
-9
-23
-14
-18
-19
-20
-26
-13
-10
-12
5
-13
-30
-20
-16
-13
3
4
-2
-1
-2
1
-5
-1
2
-6
3
10
8
13
8
11
14
2
9
7
2
-5
1
6
2
14
6
-2
-1
8
13
20
20
23
29
23
28
26
26
31
26
19
8
12
2
-3
2
1
6
5
0
-11
-10
-15
-20
-11
-9
-8
-2
0
-24
-25
-6
-23
-19
-19
-16
0
-17
-18
-29
-13
-2
-19
-22
-27
-26
-33
-27
-22
-22
-24
-14
0
-11
-11
-9
-10
-3
-6
-5
0
-1
1
7
10
9
1
11
18
8
15
20
9
6
15
11
20
27
8
21
27
18
22
15
19
23
22
33
30
30
32
27
14
13
1
-2
9
-2
14
27
15
14
11
7
0
2
-2
-9
-1
-6
-11
-13
-11
-12
-15
-14
-10
-11
-13
-4
-1
-1
1
4
-4
-8
-9
-15
-16
-26
-29
-17
0
-6
-22
-20
-23
-17
-11
-27
-20
-21
-16
-17
-24
-16
-15
-1
-4
-12
-3
-4
-2
2
-4
-10
-8
-9
-9
-24
-26
-19
-23
-17
-6
-13
-12
1
6
13
24
25
30
39
35
33
25
27
22
23
18
-4
20
17
5
16
19
26
25
20
20
29
21
11
16
15
26
14
6
22
20
19
31
7
-5
4
-11
-8
-18
-25
-7
-14
-13
1
-1
-8
-13
-7
-12
-20
-16
-12
-8
-2
3
-5
-4
-6
-22
-30
-26
-16
-12
-5
-4
-6
-5
-5
0
-4
-7
-7
-20
-17
-6
-17
-15
-2
-17
-27
-16
-8
-7
-8
-8
0
2
3
16
19
15
9
14
12
-8
9
10
-7
-1
-20
-22
-10
-3
-3
1
10
6
5
14
20
28
27
13
18
23
26
21
12
18
-2
-14
-23
-24
-5
-15
-8
2
-5
19
17
18
23
10
18
17
5
-1
5
11
0
-7
-13
-2
-8
-21
-5
-11
-16
-7
-12
-4
3
-2
11
0
-5
-2
-8
3
-1
-1
-1
-6
-2
-18
-22
-30
-27
-24
-26
1
-4
4
16
-6
-6
5
11
10
4
3
-5
-10
-7
-9
-10
-2
-7
-4
14
14
14
23
36
19
18
29
19
31
14
3
8
10
14
12
12
5
0
-2
5
11
-2
4
-7
-8
15
2
1
8
2
-6
-1
6
10
-7
-10
-2
-15
-9
2
-3
-9
-4
0
-14
-25
-19
-22
-21
-25
-24
-24
-18
-1
-10
-3
-9
-18
-16
-23
-22
-21
-16
-20
-22
-27
-23
-15
-8
4
-4
1
1
-8
-13
-11
-8
-9
6
17
16
27
39
25
20
27
25
25
27
32
27
23
34
32
18
16
12
4
0
3
19
14
19
38
21
25
28
10
6
14
17
10
4
-7
-7
-16
-17
-11
-8
-7
-9
-12
-10
-4
-12
-8
-7
-5
-8
-25
-18
-13
-11
-18
-23
-7
-7
0
8
-3
-11
-10
-5
-13
-11
0
-8
-7
-9
-8
1
-5
-4
0
-4
3
4
-2
1
4
-3
-8
-7
-7
-5
-8
-11
-11
-16
-21
-12
-7
-13
-7
0
-3
1
2
13
14
6
9
-1
7
2
-3
-6
-17
-2
-1
-7
-4
0
3
5
13
12
7
8
5
12
14
10
10
13
14
3
6
9
3
9
7
5
11
1
8
18
7
5
19
7
-2
-6
-11
6
6
6
5
-1
4
8
-4
4
13
-4
3
13
8
4
10
5
1
1
1
10
0
8
17
3
2
-6
-7
-4
-4
5
8
4
15
13
5
10
3
7
2
-3
-1
-16
-25
-21
-15
-34
-45
-41
-42
-43
-38
-22
-25
-16
-16
-18
-13
-15
-18
-9
-14
-14
-3
-19
-17
-17
-4
-5
-15
-7
-10
-11
-3
-3
-19
-5
7
19
21
14
27
33
29
28
23
13
17
25
26
24
26
34
30
30
32
16
4
4
4
4
10
15
15
17
21
15
10
16
8
11
10
13
22
23
16
-5
-8
-11
-11
-1
-7
-15
-16
-13
-2
-9
-7
4
6
3
-6
-10
-13
-19
-29
-40
-29
-34
-33
-21
-20
-11
-6
-7
-2
2
7
12
6
7
-3
-12
0
0
-15
-12
-4
-10
-16
-4
-2
-3
-6
-7
-2
-9
-11
6
9
10
5
-4
-14
-16
-12
-18
-1
0
0
-4
-4
4
-4
-7
-6
0
-11
-9
2
7
14
16
12
13
8
14
26
14
7
24
16
4
22
20
17
27
22
23
31
17
8
2
-2
8
-3
1
13
9
5
5
-5
-14
-9
-18
-8
-8
5
13
10
9
4
8
-2
-4
0
-7
-13
-8
-19
-32
-25
-14
-24
-13
-6
-16
3
-10
-20
-7
-8
-3
3
-10
-18
-16
-12
-14
-22
-17
-16
-21
-15
-12
-18
0
10
9
2
8
4
0
17
22
6
13
27
24
40
41
30
28
32
26
14
11
10
3
4
23
21
16
11
6
2
9
15
0
-3
6
-3
-6
-11
-15
-16
-25
-34
-27
-26
-24
-8
-10
-7
-7
-10
-8
-15
-18
-11
-16
-17
-26
-25
-25
-34
-43
-37
-29
-32
-27
-22
-12
0
4
7
13
10
19
21
22
35
21
15
14
14
25
32
14
26
45
40
31
42
59
49
69
75
73
101
75
23
25
86
111
19
22
147
129
12
0
58
59
78
88
20
104
295
135
-121
90
215
-397
-117
1718
1498
-1673
-3112
325
3170
1195
-1037
-997
-1919
-3285
94
4516
1991
-4409
-5758
-789
2037
245
-973
-767
-1687
-3027
-1761
612
942
-525
-1322
-532
147
-260
-554
1196
3228
1430
-2043
-127
5758
5753
-968
-3203
2488
5657
3342
3179
3831
-964
-4925
1254
9431
6289
-3126
-4468
694
1402
-1149
485
3491
817
-4501
-4824
-1169
-97
-1258
-509
437
-2690
-7106
-5851
268
2954
-923
-4990
-4156
-2003
-2024
-1236
1355
810
-3113
-3207
1400
2848
-294
-955
2154
3031
956
894
2633
2394
1148
2053
3876
2971
327
-95
2016
2933
895
-893
-151
387
-1233
-2182
-743
-714
-3805
-5081
-2602
-1520
-4021
-5074
-3453
-3990
-6475
-5540
-2073
-1565
-3272
-3831
-3290
-2671
-1314
-234
536
5564
10254
3507
-8529
-4163
16999
25978
11790
-2714
257
9749
13394
17017
21329
14993
-1096
-5871
9906
24394
16717
-1507
-4854
5323
6394
-4585
-7773
2319
5265
-8440
-19624
-14855
-7193
-9791
-14245
-11522
-11445
-21047
-27103
-18155
-5083
-5753
-17505
-23174
-16988
-8408
-6822
-8409
-6220
-2843
-4117
-8399
-5830
4116
10084
6544
676
2199
7568
9110
8479
10716
15079
13491
6616
4556
11285
18313
15262
8583
7679
10370
9106
7084
12242
15270
8124
-1288
1793
11438
11262
4284
-336
1416
1242
-600
1451
2726
-459
-8973
-10269
-3116
-184
-6102
-13466
-11240
-7513
-10123
-12977
-11099
-8361
-8903
-11847
-11338
-9825
-9038
-6922
-7297
1748
8409
1536
-14534
-16702
14819
32767
19706
-8102
-12103
11717
20008
22379
20138
17307
5194
-9553
7218
27140
27345
3769
-10795
3839
9833
1029
-9700
-2793
8972
-2257
-18327
-22035
-12071
-5479
-11149
-13284
-14540
-20066
-24904
-22438
-9440
-4259
-12677
-22217
-22831
-10684
-3786
-6081
-7569
-5857
-1756
-5245
-6580
1361
9744
12317
3087
-1544
4691
12701
15330
9859
11063
14562
11753
6325
6548
18285
22003
12275
2607
5304
14710
12693
7176
8729
14122
8973
-1195
1000
10266
10922
2654
6094
8523
-1833
-11691
-1154
16189
7985
-4783
-10712
-8420
-6320
-2885
7081
1252
-9906
-20578
-16632
102
3907
-3965
-15950
-14296
-9844
-10993
-6207
-4421
-8287
-12131
-11945
-7048
-7164
-7020
-3940
-5191
-2519
-7963
-3851
11732
11940
-2309
-19145
4930
31860
25497
3859
-12414
5767
18352
22398
22368
13513
7845
-8242
437
23775
25686
5926
-16078
-3351
9680
1777
-7859
-10497
570
-588
-13213
-20327
-17844
-5296
-5864
-12655
-13321
-16373
-18112
-18337
-9400
-812
-6119
-13764
-19951
-12898
347
1206
-3920
-7656
-1424
519
-5958
-2499
6370
13900
7167
-4809
-2000
9027
17005
10129
5155
11351
12141
7465
5732
15062
21832
14611
6097
4864
12468
16970
11516
8353
9910
9405
2173
-1863
7110
11372
3160
-5700
-4888
517
-4400
-7525
-1414
1520
-6130
-16362
-11573
-3045
-3603
-5945
-6401
-5917
-10639
-12760
-4708
2509
1888
-7774
-12304
-4986
1121
1143
-2719
-2411
-1645
-3859
-3791
-335
4421
3117
-1493
-4123
641
3505
4079
10324
11044
2300
-11832
-575
23420
25219
7410
-12751
-4122
10751
16178
14187
4763
1641
-8594
-7985
6407
12003
3273
-14916
-13153
-3106
-5153
-11173
-14511
-6962
-4112
-13953
-21633
-20542
-9379
-4178
-9512
-11251
-13898
-14263
-12158
-6964
2497
1856
-2767
-9745
-9402
3493
9121
7583
1819
2961
6488
1716
2960
8856
15867
13411
2469
640
6566
14119
11779
6428
9575
11233
6657
1134
5233
14265
14465
6451
-1099
-513
6092
8314
5604
4200
1340
-3922
-5552
2287
6975
-1391
-4986
-570
1014
-5733
-7923
3043
8463
3068
-7292
-8806
1454
6749
4901
1274
1819
187
-5681
-991
8354
9058
-445
-8680
-4787
1388
3444
-1731
-6121
-3524
-4511
-7484
-9519
-2700
1116
-4501
-9363
-13087
-6066
-2592
4240
8455
-1262
-14036
-22665
4165
28023
20133
-8532
-27448
-6343
11137
18318
11847
-2184
-7839
-14595
-1616
11646
11093
915
-12780
-5892
840
-1466
-4981
-6460
2254
1225
-8130
-13063
-13344
-2341
2655
599
-4066
-13038
-11258
-7089
2495
10233
3080
-6552
-15057
-5363
9647
9711
2675
-5678
-912
1504
-3407
-1027
5495
12154
2778
-9012
-5815
3415
9761
4049
1143
4939
4217
-863
-4091
6763
17923
12467
-1979
-6931
5402
14547
10373
4512
6563
7882
-364
-2225
9102
16867
7679
-2587
727
5204
3905
3982
10164
10126
311
-4599
1180
9476
8843
4039
2407
1633
-964
-757
6676
9359
1648
-7364
-5520
2416
2918
-2054
-6350
-5059
-5384
-10121
-11065
-5832
-3725
-9473
-14627
-14316
-11264
-11680
-7385
-9726
-11317
-3708
-3290
-12155
-28404
-8587
19929
16206
-8107
-30106
-11379
7146
14395
13709
1702
-1560
-14461
-8952
11838
20494
12444
-11112
-7657
5924
3740
-3047
-4586
11383
14063
-4051
-15797
-11660
8359
15123
5013
-2666
-9402
-6084
155
6574
10067
71
-5268
-8000
-4984
3732
3710
1650
-5345
-5382
-1858
-5908
-4508
-1946
4080
2833
-7544
-10186
-5884
4849
5697
-1108
-635
1125
1174
-2226
1983
11887
11538
4137
-797
4768
12573
11402
8234
10136
12914
9993
5103
8479
15716
15594
11389
6075
6314
10427
12008
11110
5393
4542
5581
5667
6550
2261
-1259
-2734
388
3475
-1017
-5179
-8994
-9330
-5348
-3842
-5501
-11454
-13098
-11511
-12717
-12216
-10957
-10335
-14980
-18027
-15270
-11254
-10259
-14117
-13170
-11776
-9062
-13463
-13105
4489
11301
-2131
-29054
-18224
20845
32401
11371
-21106
-14439
6735
17396
23370
15039
8009
-8496
-9828
13164
25427
21562
-395
-6556
5411
7200
4498
-2052
4773
14141
4265
-8247
-16124
-5342
9487
8107
1944
-11161
-14919
-9397
-2977
5305
-340
-7258
-13067
-15117
-6791
-3202
-1828
-6616
-9925
-6696
-10434
-12428
-8804
1454
6375
-5319
-14014
-10369
1668
8157
3854
3325
5026
2583
-1080
3145
17647
23163
12829
1790
2251
14839
22905
18961
13909
12882
13610
8289
7088
18249
22246
14031
3629
3292
7269
5718
8342
9848
7133
594
-6115
-5140
-2144
3011
3611
-1584
-7396
-14141
-12562
-4280
1992
-2090
-13181
-16682
-12257
-6852
-5492
-8892
-12014
-12361
-13784
-12466
-11003
-8605
-7124
-12145
-10952
-13624
-11002
-7129
-4616
8366
3000
-10025
-27202
-14921
24828
30273
7249
-27525
-21997
8004
20212
24734
9692
656
-8152
-8769
12988
22264
20079
2957
-6294
3030
2816
1653
585
6737
14364
1091
-12959
-17210
-5383
13151
9774
-1906
-15126
-16763
-5548
-2046
3043
-87
-7077
-13228
-18222
-6068
1861
1189
-4473
-10189
-5858
-7623
-7437
-2259
4040
9271
-471
-10626
-9772
2602
15361
10778
2783
2178
4747
4858
3747
13595
24138
17160
1035
-4786
9806
27065
22316
7080
428
8810
15174
6675
7751
14228
12391
55
-7081
4920
9011
6288
2218
-2378
-3360
-5941
-311
2718
282
-2373
-7756
-6620
-4315
-2795
-2134
-3716
-4604
-8431
-8592
-2191
30
-3903
-8084
-8126
-5153
-8142
-8358
-4993
-3555
-4657
-15818
-14938
-8691
-2919
-3783
-10777
3058
3370
-10921
-28087
-17528
19962
24119
3096
-27199
-25986
2591
16796
20350
5646
-6311
-12731
-11108
10382
20332
15068
-757
-10067
-626
3983
3888
1377
2442
10462
4628
-7265
-12963
-5879
12537
15048
4089
-11238
-15744
-1077
7034
7645
953
-5853
-7502
-10665
-2395
5122
4142
-1571
-8429
-4997
-2804
-2341
-273
2155
5895
-540
-10035
-9512
1045
10961
6137
-3754
-4339
865
4094
2021
3311
10317
9942
1412
-5548
371
14890
16494
5589
-3101
1535
11061
8276
5401
7851
9029
4106
-1942
4237
9688
8282
3869
-268
1835
3239
4538
3723
614
1039
814
1579
865
-1885
-1869
-334
1363
-1557
-5707
-3348
633
-77
-6033
-10310
-6394
-3668
-4549
-7746
-9358
-7400
-11834
-11521
-9021
-5754
-7605
-13300
-771
4814
-5247
-27173
-24741
10692
23988
7785
-25148
-28918
-2730
14447
18938
4825
-5542
-11203
-10601
6764
16886
16048
2803
-7377
-1352
3987
7427
4898
2430
7844
7056
426
-7908
-5970
10140
15436
7089
-6755
-10696
276
5691
6145
1919
-2072
-3792
-8564
-4649
1304
2855
-320
-5982
-5029
-5297
-6266
-4260
-556
3286
-1430
-10307
-12624
-5724
3234
2237
-3949
-4194
-2236
-2921
-5004
455
10676
9915
415
-6711
87
12505
14064
8042
2644
6338
8685
5108
6260
11570
15383
8131
1199
3709
8605
11796
9043
6876
5805
4631
5087
4403
5283
5766
4835
4028
1073
-1926
-2445
1648
5584
631
-6861
-7303
-1647
1008
-4719
-9064
-8024
-6810
-7959
-11055
-8513
-7387
-12080
-15005
-14381
-8124
-9617
-10578
-3142
-2095
-10592
-26887
-18085
9663
20001
3714
-27198
-26943
-3025
17042
20218
2110
-8236
-11423
-3961
10218
13189
12796
4500
-515
493
-45
5780
6494
6649
8447
5053
755
-8250
-5489
9758
16662
9367
-9152
-12316
871
8984
7815
-513
-1520
-1892
-6696
-4964
-6
5386
2488
-4361
-6246
-7374
-4955
-2047
937
2667
-2318
-8874
-12139
-7364
1952
4600
385
-5322
-7143
-4041
-899
3738
8445
7495
1800
-3512
571
9720
12958
11403
6690
5307
6775
6418
9068
12265
15739
11422
1466
2128
7712
12778
12116
8838
7244
1570
958
4152
6970
8560
3675
-307
-2360
-3049
-1861
-1233
2126
-174
-8525
-10247
-6466
-1973
-4674
-9948
-11109
-11739
-9808
-11007
-10112
-9106
-12705
-16189
-16573
-8427
-6823
-3921
-617
-7713
-19387
-23365
2283
20394
11608
-12398
-27795
-10471
9221
21361
14554
-2977
-9255
-10160
5207
16939
13877
6020
-1297
4534
3994
-1591
1889
6971
12776
6992
-3058
-7366
-7443
5070
13435
10944
-48
-12993
-7896
4637
12708
7539
-5631
-7211
-5372
-1451
1983
992
330
-3338
-2573
-3024
-7391
-5113
72
5068
1945
-6414
-9926
-8417
-1045
3859
2094
-1442
-5550
-5980
-2557
2464
6569
5218
2671
537
444
4347
7557
8604
7980
7465
5458
3647
6426
11104
11744
8321
6095
4824
5608
6565
7508
8683
7688
5637
1234
1530
4291
4427
3801
2764
3008
-1005
-4618
-3882
-375
3261
299
-5056
-7629
-5002
-2395
-3528
-5496
-7373
-8883
-9016
-6474
-8272
-10777
-12409
-10752
-7965
-7350
2812
2284
-11188
-26525
-18795
16135
24187
3391
-26410
-27882
-592
14756
18528
4567
-9532
-15729
-14137
7192
18223
10645
-5861
-13575
1460
8084
2334
-3753
-1519
11561
7435
-6532
-12847
-5493
12787
14682
6024
-5764
-12368
-2453
8718
16518
10354
-4199
-10147
-8080
4426
12249
7857
-657
-8045
-5306
-404
572
1190
486
1827
-1334
-8482
-7885
-2153
3578
1108
-4252
-3281
-3977
-5137
-4233
2406
8806
2816
-6403
-7092
3821
12944
8466
-18
362
7241
8910
3187
2323
11887
15622
7542
-2470
137
11860
13701
8902
3229
2714
4555
3949
7020
7313
5150
722
-1610
2480
4109
2739
-1074
-2669
-2102
-2383
-1451
-535
-1976
-5229
-6211
-4648
-3915
-7088
-7217
-5220
-5955
-9997
-14564
-9628
-3819
4625
5519
-9413
-25560
-24998
7488
27637
13572
-16984
-32768
-12754
10452
21108
11984
-8254
-18265
-17889
-206
14308
10212
-2244
-13122
-7277
-467
-1420
-927
-893
3453
1730
-6035
-10198
-11111
1413
13449
12233
-457
-15893
-11309
4563
17048
17537
4396
-5413
-9617
-3170
10515
16347
12264
-585
-7813
-5002
-145
6747
9935
7927
-309
-10523
-9375
-66
8214
7053
-2079
-6011
-5166
-2671
-1311
-63
4890
5886
248
-8044
-8677
3921
14994
11548
-1481
-6994
875
8137
7374
4992
5973
8172
4754
-1335
-1151
6378
13913
10176
-649
-5569
-917
7431
9271
4867
-971
-3849
-1248
2737
4825
3028
-1303
-4053
-3929
-1255
879
-677
-2801
-4470
-3833
-3720
-5237
-3579
-3993
-4094
-8117
-10818
-7352
-1484
10103
5060
-12243
-25363
-14315
17159
23173
4617
-21639
-24697
-3720
10552
17051
5445
-9496
-17386
-15524
2730
10423
4805
-6586
-12523
-4744
-3448
-5011
-3941
161
6059
-1752
-11639
-13617
-6528
7167
10008
5802
-3222
-10654
-5572
3467
14033
15559
7440
-65
-5574
30
9159
13727
12737
4147
-1273
-3839
-2564
3565
8048
10498
3816
-7703
-11395
-5342
5903
8444
2278
-3317
-7110
-6112
-3025
2708
8183
4574
-3545
-9453
-4885
5697
9264
6117
463
-411
-129
-1123
3158
9956
11436
1761
-5822
-792
7914
10155
5188
2371
1206
-1085
-1359
2247
8173
7521
-315
-6600
-4625
3378
7147
4520
-1045
-6264
-6029
-377
4508
1939
-5210
-5715
-1880
-700
-4460
-6844
-1001
406
-4742
-11046
-1665
13701
5551
-15183
-23685
1962
25218
15949
-10077
-27131
-10683
11285
20393
12119
-8081
-17240
-17078
-1592
13240
8065
-6112
-18912
-13822
-2939
-912
-2836
-9381
-7242
-2918
-7433
-13833
-15303
-1269
9164
2765
-8260
-13610
-4499
5461
7719
7148
4804
4798
2260
768
7825
14252
14571
7295
-119
38
2607
7715
9932
6770
2757
-2718
-4052
-1542
3081
6148
987
-4008
-4629
-1966
667
-54
1231
2421
844
-3793
-7769
-2218
7128
9648
3744
-2795
-3266
-1660
2460
9841
12402
5856
-3696
-5061
1947
8463
11191
9449
4455
-1950
-6856
-3556
6051
12667
8408
-3176
-9340
-7541
-609
6656
9143
3399
-7892
-12675
-6664
3275
6275
1411
-5804
-9552
-8241
-6043
-693
1385
-370
-5764
-5155
7050
6996
-5435
-17233
-3353
22768
21538
-1119
-24674
-16037
10427
22612
17457
-3497
-13868
-13460
-5092
9180
8473
-88
-12132
-16220
-9726
-7582
-3676
-4572
-6992
-6378
-12214
-17528
-20180
-10112
6478
6378
-5926
-19888
-17661
-765
9411
9799
2414
-824
886
1340
7053
12409
13930
11789
7135
5029
2161
3136
9271
12430
11289
4433
-2553
-3068
883
6512
5734
1119
-879
-3264
-3086
-1038
2958
5639
1297
-2705
-4692
-2086
2704
3052
4201
5056
4552
-1341
-7969
-1201
10927
15223
5099
-7010
-5409
3380
10399
8159
3043
1546
-878
-2606
-2415
3376
7219
1999
-3855
-5402
-1378
-286
-2419
-1432
779
1474
-3685
-8182
-5812
14
3016
-233
-6089
-8867
-6516
-3178
-616
-1213
4614
10701
1907
-13820
-20000
5605
30732
24950
-3415
-28595
-15750
10297
28131
25420
1002
-15700
-22936
-7238
15907
18661
6304
-16689
-22140
-13842
-6994
389
-4242
-8328
-11311
-15857
-17351
-22521
-13905
1782
5619
-4439
-23563
-23801
-7429
7448
13436
4240
-3556
-7197
-3962
10575
19247
18515
8554
1962
6587
7872
9357
12415
15645
14564
3121
-3112
423
8461
14170
8183
-348
-5865
-5200
1749
4420
4631
1864
-2281
-4903
-8169
-3257
5232
7165
794
-7115
-3758
901
-40
723
5535
8786
-350
-9952
-5137
7602
15116
8300
-2119
-4657
-1208
3836
4381
4476
4572
-37
-4585
-5730
150
6533
5174
-1551
-8693
-6842
680
3703
665
-3821
-4301
-3867
-4864
-5078
-1402
-532
-4402
-9036
-2415
14246
10980
-10012
-25520
-6141
27502
28704
2453
-25625
-18374
8968
24006
23172
3792
-9916
-14964
-7662
11816
16166
7178
-10013
-16746
-7472
-3714
-2864
-7909
-10310
-5866
-8407
-13944
-22522
-19642
-2763
5064
-630
-17345
-23959
-12736
-261
8006
4889
-1429
-4758
-6352
1662
10734
15583
13276
5178
3565
4219
7338
11983
14227
14554
7361
130
-389
4189
11267
10740
4685
-1120
-3774
-748
1729
3715
3995
212
-3563
-6103
-3973
1452
3089
1065
-2628
-2894
-1489
-5051
-3840
4281
10458
4094
-9507
-7894
4574
12343
7695
-987
1104
4675
3012
-653
2134
11204
8727
-2579
-8309
-2241
8118
8195
1311
-5200
-5508
-408
658
-1562
-1814
81
-1080
-6425
-10093
-5096
362
835
-4883
-6465
6765
8753
-6733
-24173
-10862
24264
29095
3325
-27177
-23781
5583
24459
25986
5583
-12907
-18353
-9196
14238
20713
7892
-11442
-17939
-6051
-1454
-2644
-6295
-8267
-4644
-8858
-16366
-22480
-17693
-591
4326
-4747
-18401
-21574
-9719
-1050
3349
2348
-1491
-3991
-6970
483
11417
15145
11439
3673
2911
4545
7365
13856
16785
14347
6149
589
4115
9011
11759
9076
4125
2687
1327
1419
1897
3426
5772
2397
-2822
-6432
-4213
2868
4390
-258
-5793
-4090
-574
-4499
-6705
-40
7450
1293
-11010
-9570
3989
12204
5670
-3157
-2682
2040
2146
487
6415
12488
6682
-5916
-7869
3387
10849
6846
-1509
-4234
-1876
220
314
-82
53
-1412
-3785
-7232
-5995
-2314
-625
-2862
-6138
4167
10240
-520
-20038
-20112
12371
30022
16009
-16470
-29210
-7127
14745
26712
15840
-4349
-16847
-19300
2500
19919
17741
175
-17918
-12570
-4615
-1019
-1374
-5541
-3112
-7540
-14857
-20199
-20288
-5621
4171
232
-14514
-25883
-15884
-2149
3634
1745
-2681
-2448
-6960
-7083
3899
14662
17066
6512
-425
2437
6300
10913
13587
16876
15102
4674
-1197
2175
13038
19079
12065
2349
-3506
-170
6657
8876
9153
4910
-1312
-7296
-7440
3457
11489
7445
-5569
-11912
-4511
0
-3461
-4948
2700
6247
-8936
-23239
-14195
9837
18754
1506
-16337
-14480
86
7884
3840
999
2955
3045
-2053
-5100
891
9747
11335
2912
-7067
-7171
2131
8957
7001
-189
-2902
-3246
-5074
-3140
463
5249
1394
-845
6049
5521
-4342
-18697
-6079
22332
28473
7260
-25666
-25397
464
24308
29938
6477
-15334
-24641
-12113
13482
19734
10053
-10146
-18790
-10827
-6059
-369
-1093
-3420
-5788
-15505
-18966
-19801
-12492
629
1831
-5753
-20763
-24017
-10716
-188
4606
-317
-4028
-4853
-8672
-3174
7154
15966
14442
2571
-1408
989
7399
13731
15147
14807
7474
813
2285
7725
14107
13091
8581
4863
517
1722
5100
9041
10837
5858
738
-5149
-4940
3917
10220
9985
-1254
-8823
-6336
-3301
501
1336
4096
-1057
-15982
-18974
-5936
12174
10382
-8203
-17199
-12203
-26
3542
1278
1183
-929
-3202
-5522
-2535
4947
8604
7568
196
-6261
-3670
4487
10766
6631
-88
-2215
-3164
-1393
-18
4030
5036
5530
10863
6586
-5314
-17389
-4375
22941
29437
9026
-22230
-24409
-1665
22064
28900
8403
-14545
-25806
-13512
9770
15751
7482
-7542
-14457
-13892
-13539
-6061
213
769
-6545
-18312
-21535
-19457
-12457
-2741
1758
-2655
-17758
-27031
-16111
2761
11192
961
-11036
-9643
-2746
2372
4194
8618
14315
10044
381
-4349
2778
15744
19705
14446
5052
-722
1729
6861
12813
14534
11110
4995
-3003
-2840
5610
14776
15440
4593
-4135
-5406
896
9008
10754
7939
1048
-3002
-3267
-3128
1391
7066
9244
17
-14849
-17269
-6048
7820
9424
-446
-10086
-15015
-11736
-3736
3651
4912
-2478
-9489
-10372
-5629
441
3550
4573
1964
-3124
-5304
-3411
2511
6363
7148
4495
-3253
-6693
-5017
3564
8158
8642
13455
9366
-2976
-18318
-8799
21145
32449
15814
-17388
-24677
-5823
14883
26432
14484
-3639
-20654
-22202
-2327
12133
14727
975
-13475
-16463
-17485
-9985
-2188
2873
1643
-12542
-23452
-26790
-17100
1000
8773
3445
-14860
-27794
-20690
-3225
12917
11748
-839
-9623
-10823
-1504
7237
12392
14725
10394
4181
-3497
-3266
8348
19466
21404
9714
-3174
-5371
1069
11127
15158
12153
5510
-3268
-5957
-735
9776
16626
10383
-911
-8081
-4494
5676
11184
10682
4968
341
-2335
-4952
-1812
6927
13334
6369
-9784
-15853
-6822
4694
6492
764
-3735
-7936
-12652
-11315
-2136
5644
1314
-9727
-13751
-9581
-3836
-613
1204
365
-4986
-8462
-5539
1088
3602
2537
964
-1494
-2355
-2909
1561
5354
10269
17054
11440
-2571
-16260
-3394
24844
32047
14129
-15339
-18161
-1140
15247
25227
15388
-157
-18703
-21586
-1149
13367
14062
-2727
-14478
-12124
-12388
-10571
-9267
-2047
3676
-7176
-21963
-31350
-21858
-36
10299
3837
-15980
-27399
-19044
-3205
10182
10182
1702
-6072
-10134
-2853
8154
14780
14532
8288
4908
1314
-1092
4099
14169
21707
14642
-921
-8512
-3949
8234
15477
13385
5144
-5849
-9783
-4249
6652
14840
11264
230
-10330
-10493
1876
13537
15008
5460
-3520
-4708
-3628
613
8414
15098
9599
-8211
-16578
-6556
9197
12838
3419
-4180
-7864
-9581
-7581
-1056
6073
2612
-7206
-12503
-11479
-6280
-2298
1748
1457
-6486
-12519
-10373
-1096
3657
1202
-2512
-4317
-3067
-2949
-1867
788
10409
20885
14806
-4465
-18165
-3183
23817
32051
12992
-14343
-15952
21
17583
23314
12274
-1510
-14875
-11984
2161
9328
7399
-3838
-7569
-7691
-11115
-11005
-9242
-1094
1672
-6255
-16857
-25621
-19266
-4049
7240
5045
-11871
-22752
-18892
-4882
7466
8020
2981
-4439
-8546
-3972
4967
13412
13518
8006
3811
749
1308
4993
11397
15906
11626
3343
-3115
-3514
2133
8515
12617
8560
-2467
-10109
-7672
3880
12141
9271
-555
-9599
-8702
64
8460
10318
4643
-415
-3002
-3579
-6
6741
12610
7801
-4622
-10423
-4579
6400
10110
6134
130
-6162
-8572
-4786
3759
7896
1082
-8270
-10622
-6028
-1887
-1677
-991
-633
-4133
-9333
-10280
-3621
2711
2575
-3306
-9160
-7328
-2056
2215
896
1713
10845
13126
2203
-14915
-9368
18137
32674
19275
-11323
-19593
-2509
17166
26056
14424
-133
-12391
-13422
667
9680
10599
-137
-9269
-9302
-11169
-9013
-6944
-2900
42
-7335
-15512
-23031
-20754
-7182
3764
5736
-7755
-21717
-20793
-9105
5546
8933
3705
-2885
-8723
-5663
2665
12119
16337
11105
5001
-84
57
6067
12411
16529
12773
5191
-440
-2781
1121
7495
12517
10765
-311
-10031
-9776
934
11674
10583
976
-9310
-11464
-3476
6382
11415
6551
-1707
-5234
-4198
1350
6888
10269
7257
-2187
-7044
-3952
3903
8199
6857
4041
-2042
-7631
-7182
1171
9016
5068
-5251
-10605
-7507
-2498
-1465
-1650
-1919
-4141
-7123
-8655
-5661
-1622
159
-1591
-7142
-8399
-6268
-1206
469
1840
9688
10227
1347
-13698
-9260
15657
29813
20899
-7675
-18537
-4499
16339
28806
16355
-1356
-13000
-10136
5352
10389
7913
-854
-6607
-5772
-10156
-10065
-7442
-2254
1353
-7323
-16454
-22776
-19461
-7011
1117
3098
-6774
-18912
-20132
-11652
2878
8605
3873
-3354
-9256
-5656
2445
10183
14398
10981
6690
1642
-116
5352
12448
17523
13323
4995
1006
231
3132
6021
9663
11238
3725
-6362
-10429
-2949
9582
11901
3400
-8839
-13356
-5381
4183
9925
7104
-475
-5391
-8191
-1982
7529
13095
9145
-4703
-10057
-4914
5060
9833
5893
3743
-855
-6395
-8044
-2012
9610
9305
-1919
-11677
-11323
-2494
988
143
-1659
-4003
-5727
-9300
-7680
-2413
2013
1035
-7028
-9855
-7302
-1455
-160
1696
11158
12289
772
-16943
-11086
16616
32296
21750
-8043
-18321
-4840
15658
28637
18618
2058
-12931
-12522
3401
11186
10247
-91
-6022
-5542
-10345
-10823
-9125
-2084
3302
-4508
-15717
-26344
-22897
-7282
3580
4196
-9188
-20762
-20472
-11879
1160
6052
3832
-2075
-8662
-7083
-904
7827
13964
12922
8869
946
-2927
2527
12533
20159
15515
5251
-820
-709
4802
8507
11091
11194
4391
-4696
-9903
-3390
9236
13319
6174
-7195
-13297
-7066
3286
10538
7541
167
-5328
-8310
-3670
5253
13492
10656
-3641
-10800
-5614
5591
9242
5009
3511
642
-4233
-8112
-3236
8465
10040
451
-10908
-12192
-4324
1036
2168
-1247
-5570
-8071
-9161
-5903
-1846
1115
264
-6864
-10875
-8863
-1716
2300
573
5676
10187
5662
-9704
-15777
5931
28218
28280
1947
-19560
-11693
8998
28085
25639
7681
-10158
-17509
-2257
13353
15706
5008
-8235
-8685
-8586
-8691
-6751
-3762
1489
-3523
-13874
-21963
-23116
-11271
223
4197
-3644
-18471
-22388
-15193
-1403
7220
4243
-1510
-8280
-9012
-2553
5891
13858
13163
7602
2127
-1126
2773
9143
15519
17168
10431
2530
-2702
-221
7840
12968
13242
5405
-4139
-7598
-4042
5506
10366
7579
-776
-10200
-10155
-2236
7931
10592
2992
-4483
-8683
-6020
1829
9994
12834
2713
-8806
-9601
232
9679
8656
4750
1116
-3012
-6169
-4470
4639
9490
4240
-5516
-10554
-7199
-2234
967
1031
-2444
-6533
-9107
-7750
-3637
-899
590
-2799
-8612
-9752
-6401
442
196
1353
9424
10683
358
-17944
-10797
17480
32579
19527
-12501
-20081
-3579
17950
29050
17222
1078
-14469
-14078
3329
14310
14618
532
-9650
-9397
-10346
-7152
-5102
-356
1762
-8124
-17172
-23634
-18317
-4158
4036
4019
-10269
-22099
-19335
-8199
4990
6133
1457
-3506
-8810
-6054
608
10019
15305
10628
5136
-163
100
6149
11463
16609
14195
6913
204
-3757
2478
10128
13518
9466
-1680
-6647
-5857
793
7495
6752
3249
-5122
-9486
-5882
1321
8407
5517
180
-3583
-6231
-3975
1541
11114
11742
-551
-10626
-8564
4635
11857
8458
2361
-3038
-4331
-3580
1080
6374
5274
-226
-6538
-7703
-5026
-1786
1118
267
-3890
-8362
-9136
-5325
-1601
-236
-769
-5847
-9874
-8748
-2301
3001
-214
3196
9671
8084
-6459
-18045
1168
25984
29840
5661
-19225
-13241
5774
23977
24397
9484
-4955
-15888
-7467
7850
15038
11200
-3640
-10092
-11621
-10219
-4240
-2052
1109
-3216
-12384
-18646
-22304
-12753
-299
5245
-954
-17052
-20964
-13263
-2028
4915
2904
1510
-4170
-9441
-5563
3840
14839
14491
6970
1807
-1004
2550
6905
12229
17065
12823
3902
-5496
-4871
6946
14729
13488
1977
-7378
-6187
-1402
4939
6351
4608
323
-7575
-7879
-1924
5605
7422
2041
-285
-2769
-4465
-2719
4124
13548
9757
-3797
-12223
-5672
9349
13543
7556
-710
-5082
-3867
-1217
3832
5934
2839
-2249
-7433
-7647
-4776
-297
2358
-1108
-7110
-11009
-7962
-2168
-313
-2193
-3499
-4845
-7627
-7651
-3087
2987
1180
1937
8510
8170
-3327
-17034
-3293
22520
30443
12489
-15970
-17704
-1127
20259
29804
15528
-3858
-21035
-14341
8461
19518
15120
-5287
-15453
-12993
-8385
-124
-995
-2124
-5677
-12506
-14559
-18772
-12574
-1781
3046
213
-13845
-18889
-13826
-4508
5440
5257
2288
-5041
-10484
-4398
4949
14330
13820
6653
2193
-1929
490
6705
14201
18361
9903
-1290
-6768
-1236
10431
13030
7710
-959
-5319
-2795
-636
2748
4929
4119
489
-6410
-6801
-1061
4838
6686
2532
699
-1050
-4292
-3135
4251
14743
11250
-4946
-13025
-4041
12633
14722
4391
-2572
-3250
-664
-1410
395
5765
5535
-839
-9936
-11013
-3963
2204
3355
-3380
-9805
-10597
-6149
-1577
-2623
-3639
-2884
-2264
-6592
-10166
-4360
4279
6460
-2240
-2940
7272
10841
-531
-15040
-1730
23318
29452
7783
-20043
-16992
4886
26250
27421
6243
-12777
-20927
-5658
15123
18548
6606
-13499
-17070
-8752
-1393
1547
-5367
-7720
-7760
-8794
-10757
-16451
-11876
-2107
3494
-244
-13336
-17510
-11740
-1193
7509
5820
673
-6460
-8358
-217
8795
15143
11932
3776
-1415
-3264
4140
13144
16136
10329
-1330
-3950
688
5892
7149
3435
2497
813
-1953
-2961
-2615
1901
4375
3248
-163
-5675
-5394
-712
5283
8237
3874
-373
-3934
-3683
2749
9889
13387
3484
-8651
-6730
5981
15468
8523
-180
-375
180
-2290
-4687
3058
10283
3794
-9123
-15115
-6814
2600
2846
-2602
-8184
-8629
-7505
-6610
-4642
-2063
1694
-558
-7754
-11464
-6185
6341
8898
513
-9740
-6054
12175
16932
3348
-14541
-6945
18408
24986
9857
-12876
-12805
3336
15410
19146
7014
-4798
-12840
-9267
6737
12242
6012
-9730
-15993
-6907
-1283
-845
-8167
-10583
-4735
-3800
-7223
-15159
-14202
-3423
2008
560
-7885
-12569
-9510
-4499
3640
6418
3375
-1562
-4889
1118
7875
10155
8099
3575
4120
5298
5985
6006
4071
5604
6909
5829
1785
-3193
-1459
2236
3783
2712
-254
-1233
-3401
-3909
-176
3815
4725
-1135
-5794
-2811
3360
6145
2613
740
2551
2155
565
1386
5445
6783
3623
2758
3275
2827
2469
4269
6575
1783
-4868
-4497
2197
5639
-1679
-8779
-7492
-1990
-996
-5187
-5535
-3920
-5142
-8120
-6875
-945
1100
-2823
-7166
-5322
500
4155
1075
-3384
-2947
-144
1350
-659
6435
15618
11282
-6594
-18620
282
24486
26809
3173
-20050
-14618
2678
18963
18662
4457
-9432
-18486
-7982
6670
10647
2305
-11845
-11939
-7605
-4710
-3567
-5436
-1937
-3139
-7461
-11240
-13720
-6271
467
3135
-851
-10059
-10663
-6645
982
7492
8346
7283
-1759
-8546
-3678
8767
19430
13638
1064
-5465
-4019
4260
8613
9758
7411
105
-4719
-6628
-1843
4472
4897
3353
-1119
-4239
-5920
-5381
2581
8854
8473
-492
-9876
-6123
4003
11270
7776
1037
1600
386
-2460
-1413
9247
18513
9841
-3724
-8417
-352
8892
9513
6963
922
-4319
-7837
-7168
387
5256
2958
-6221
-12686
-10234
-4654
94
-132
-3236
-5118
-5739
-5609
-5245
-626
6935
6695
-2610
-10315
-4990
7517
9449
1492
-5613
-2629
3402
5726
10043
9090
204
-12120
-8447
12471
21614
9461
-13312
-18347
-3697
11037
15782
4021
-8906
-14651
-9423
2703
4852
-464
-8136
-8455
-1900
-418
-2904
-9387
-10707
-2745
4974
4009
-10147
-19396
-9846
6714
11867
-819
-11565
-6617
3847
8026
2669
-751
2307
4809
4745
1529
1178
3941
4624
3600
585
284
1526
821
171
-507
997
1249
-1917
-4282
-3978
371
3479
1958
-798
-2561
-69
2928
2736
1457
799
4406
6230
2510
-1970
-1263
8269
13173
7420
-1032
-1926
5776
8256
6258
4163
2938
1516
-1670
-155
1889
1256
-1606
-4772
-3379
-2586
-3774
-5842
-5413
-855
-438
-3453
-6811
-6444
-1093
2670
3553
-617
-3998
-2004
963
3360
3081
2733
1794
-202
-1033
-670
1062
1898
695
-1021
3225
6631
555
-11650
-14006
3535
16201
10095
-10921
-23254
-11987
4009
14484
7787
-5725
-13956
-16230
-3738
8343
12174
3589
-10825
-11562
-5434
3076
5028
-403
-1171
-1690
-1940
-5343
-6981
1978
7880
5205
-3647
-7612
407
6110
6260
2298
-440
1606
-242
-1470
-30
3015
4818
-416
-3467
-2320
471
1835
-1842
-2913
-1167
769
-152
-4658
-3878
751
3750
2868
-384
-728
-740
-85
3249
5748
6034
2497
-562
705
3681
7344
7047
4866
3872
1629
1191
2386
6434
7861
3312
991
-436
-1546
-3341
-1456
5668
6172
-963
-10863
-12445
-2781
6246
7848
-173
-8535
-9784
-4585
4979
8641
3972
-3059
-5183
29
3280
4092
4234
3340
1691
-2615
-1983
1660
4346
2216
-4167
-5030
-4950
-4649
-5716
-207
8109
1621
-14705
-24682
-8548
13260
15152
-3721
-24093
-20673
-4262
12288
14691
2806
-9679
-16349
-6297
7552
12580
7336
-2689
-3414
-965
1524
2265
799
5247
8051
5299
-3617
-10289
-2382
7933
11368
5187
-3368
-4166
-3667
-1346
1483
3513
4076
-3071
-8214
-6847
-1645
3137
1436
-328
-2951
-5867
-5473
-4458
144
4102
4521
181
-7796
-7494
-451
5966
6617
1725
-1426
-3117
-880
5163
8565
7496
2213
-1029
473
2600
4947
5515
5920
5245
-438
-3195
795
8365
8646
-12
-2775
-501
1141
-567
564
7024
5438
-2798
-9003
-4157
6956
9541
4245
-3901
-5858
-1621
4105
8883
6231
-51
-3613
-511
4779
4681
2017
570
902
398
-2635
-3967
-1610
-159
-1742
-7625
-10192
-7986
-6925
-6555
-9457
-3558
2673
-3479
-18135
-26602
-5530
16414
14938
-8537
-28911
-18633
731
17990
18492
3345
-10077
-17351
-2388
16145
21283
12273
-4135
-4707
572
5199
7336
6022
10484
9005
2795
-5076
-10830
-3249
8026
15966
10145
-8112
-17425
-13065
1595
10166
5161
-2670
-11403
-13446
-8532
-99
7850
4101
-3867
-8893
-8352
-2558
907
4999
5346
-481
-6066
-8067
-1385
5199
5798
3663
-746
-2166
-2244
334
6204
7141
4240
-698
-2905
-688
626
4426
7538
6953
3083
-3784
-3330
3009
8750
8156
1370
1475
3601
1228
-2047
1386
12943
13362
1323
-8037
-3923
9858
13830
7517
-481
-2560
1075
2788
5200
6093
4520
1193
-2294
-2806
-3024
-1663
231
-333
-4538
-9016
-9146
-5646
-4390
-6762
-8469
-10018
-10451
-13614
-12576
-7308
-1626
3340
-5432
-17854
-24988
-10695
12944
14666
-408
-20390
-18820
-3567
11615
23516
16060
452
-15207
-10216
14138
25937
19435
937
-3599
4823
5892
3853
2965
11287
15412
4556
-7007
-11834
-2900
8493
10305
5236
-6463
-12737
-10983
-4879
3997
4849
661
-7341
-13808
-9690
-2447
4635
4382
-439
-3225
-8561
-9884
-4703
5941
11492
-55
-13493
-13876
-612
9338
2776
-5138
-4340
1848
1782
-5445
-3985
5405
11706
5392
-6230
-6746
2691
12035
11068
3317
-1153
640
4944
7055
7868
8417
7790
4837
2650
2230
5237
11213
13508
9108
942
-95
4972
7373
6745
5538
6432
3149
-3745
-5171
952
8618
4736
-6562
-11433
-7354
-1332
-2411
-5211
-6394
-7835
-9242
-10598
-8612
-6066
-5347
-7064
-9435
-11567
-12702
-11585
-9161
-7734
-8368
-2221
1296
-7049
-20609
-18743
6436
20429
10367
-12907
-20793
-3979
13423
23755
16933
4115
-5181
-7181
7698
19805
21270
10394
-1555
313
3666
8123
9179
8179
9790
4901
-668
-6862
-7549
1521
7790
9638
1239
-10958
-15370
-12202
1103
9692
6222
-5861
-18746
-15038
-2151
7370
5318
-5492
-9408
-10013
-9202
-6807
-2881
3054
-505
-8933
-12818
-9371
-1748
-515
335
3467
3303
-1980
-8374
-1883
11469
15694
7521
-3327
-2298
5280
10682
11865
9976
8339
4406
1208
2987
10229
17660
15618
6501
555
2910
8629
11509
12760
12126
6927
-966
-4562
797
9399
10873
1885
-8548
-9215
-1904
2881
432
-4393
-7002
-8043
-8748
-7991
-4763
-2120
-3977
-9840
-13227
-11276
-6688
-3775
-4243
-6987
-12367
-14577
-12817
-7518
-2995
-5484
-10581
-14590
-5695
4583
338
-12720
-18043
85
14180
9539
-5907
-13082
-157
10559
16940
14664
6797
-290
-5104
8693
23148
22403
6990
-6772
1987
13846
17354
9782
280
2988
6471
7543
1543
-4330
-364
2083
2401
-1407
-4394
-3652
-6693
-6241
-4167
-2717
-4313
-11080
-10786
-6981
-4758
-6373
-10377
-8613
-8686
-10469
-9977
-7113
-3280
-6491
-9231
-5578
787
3593
-2074
-4531
1556
8653
8134
1235
2350
10522
12972
6888
2242
8137
14294
10909
4926
5479
11823
12027
5963
5324
10821
14132
8153
2377
5194
9206
9230
4853
3076
3494
2303
2388
1853
2241
1256
-1547
-2807
-3935
-1960
-1014
-2547
-4352
-7291
-6618
-5636
-5380
-6026
-8043
-6312
-6552
-8619
-9488
-7458
-2796
-4893
-9827
-12275
-10295
-6174
-6205
-7501
-9402
-10378
-11411
-13029
-11155
-1484
7402
316
-18369
-25043
-2478
21561
20406
-1449
-15859
-5432
9226
20550
22103
16003
6050
-4302
4439
20042
27262
18050
3236
4556
10186
12006
7154
4782
12227
12629
3947
-8136
-10893
-462
6001
5130
-2906
-11480
-14674
-16372
-10662
-3221
-1324
-7498
-20222
-22558
-14738
-4739
-1632
-8761
-12984
-14005
-11708
-8279
-5114
1882
3559
-491
-6230
-6749
1817
8665
12284
11621
6902
1611
-686
8578
19120
18277
8519
1888
6446
10040
8262
7451
10708
12816
5668
-2093
-162
9301
14345
8881
2253
1325
2295
2671
5629
10857
10090
483
-5945
-2468
4721
6878
2428
-1882
-4916
-5622
-3700
-1410
-450
-4557
-8620
-8325
-5345
-3635
-6453
-7703
-6583
-6121
-8096
-11492
-10975
-7966
-5690
-6942
-10640
-12325
-11469
-11154
-11505
-11102
-9341
-7987
-11394
-13262
-11886
-2845
7452
4962
-5134
-14612
-3925
14179
21652
16619
2211
-557
3885
17646
30839
27085
13782
-2558
2298
18647
24892
18916
6045
6376
7947
4783
3134
2810
7721
4409
-2602
-6724
-9306
-6542
-7089
-6529
-5235
-8497
-13223
-19838
-17102
-7957
-5014
-9762
-19016
-17183
-8214
-5329
-8794
-12566
-5201
881
-3946
-9985
-6992
6216
10097
2609
-1632
3358
10784
7005
1689
6520
14951
13916
2264
-913
8259
14414
9049
1420
4413
9775
6236
59
2212
10970
11689
3527
11
4927
10420
8937
7440
10180
8876
1897
-2496
4798
13762
11540
1802
-5891
-4170
1712
6032
4625
-2773
-7573
-7184
-3930
-4102
-7679
-7661
-5339
-5000
-9454
-13256
-10607
-7731
-8284
-11203
-11880
-10357
-11403
-12247
-12298
-10681
-10122
-10958
-10262
-9610
-9433
-11941
-10073
-5203
-230
1236
-3012
-5863
-6808
7057
19736
14059
-3974
-11414
12460
29743
24948
5958
-2570
8994
14322
20343
20323
15961
4785
-8271
3761
19899
23138
7140
-6654
2121
8034
5789
-2289
-2559
5969
2886
-5070
-13188
-12158
-4455
-4115
-4615
-9247
-13912
-16001
-16544
-7978
-3339
-4992
-12155
-19196
-13011
-4807
451
-2509
-7742
-5647
-5727
-3885
-435
5049
7767
-181
-3944
-435
6485
7794
2899
6320
10396
6787
-2308
-1949
13651
19918
8939
-4552
-2215
11187
14024
10134
9642
12955
10198
1126
2937
13860
18976
10303
793
4255
9573
6534
352
2878
8904
5396
-3153
-6391
-3249
-1845
-2702
-3026
-4555
-8397
-11970
-10805
-7493
-5173
-5707
-8875
-11849
-13608
-11590
-7638
-5736
-7137
-11134
-13126
-12878
-10537
-5784
-3653
-5864
-11602
-13192
-6968
-637
825
-3249
-5137
-3780
-3657
-3098
703
5183
3730
-1649
-3672
-489
2392
10013
16653
11395
-4129
-11807
7340
24971
22772
5120
-4316
5221
10447
15650
18334
20168
14018
-1436
662
11890
21601
16279
3578
2999
1877
1972
-238
293
4494
-1635
-7504
-12514
-12527
-10162
-12063
-7716
-6606
-11531
-20172
-24483
-13249
-4062
-4751
-14186
-20461
-12203
-5151
-4510
-8374
-6542
1798
-644
-7834
-8040
3692
13473
5597
-3019
178
11147
12562
1799
1515
12382
19993
12821
2291
6250
14539
16900
11984
9305
11220
8609
6382
8103
12176
10863
3384
1286
3747
4955
2007
-27
3333
4182
-229
-5037
-4491
-637
-969
-2188
-1615
-3556
-9062
-10944
-3266
2933
-1652
-9524
-10965
-6167
-3736
-4644
-5359
-6503
-9039
-11645
-9676
-5261
-5061
-9154
-11904
-10286
-8520
-8967
-8711
-6500
-4940
-6664
-9863
-9391
-4535
529
549
-3222
-5140
-3194
1278
3260
3638
3325
3856
3786
2003
5576
10322
12241
6653
6841
18688
21072
8292
-6795
5683
28719
30368
11274
-8287
-4238
6010
14997
19760
14247
1044
-16107
-11213
8053
16743
6459
-9551
-7419
-1706
-4074
-9415
-7235
4087
3842
-7390
-17490
-17375
-8639
-3977
-1126
-2907
-11600
-20634
-21943
-8972
2886
1654
-9291
-18376
-13482
-3945
1029
404
90
3680
421
-6123
-4737
7544
18011
11027
-561
-1811
6376
10614
6154
7616
13291
12487
2973
-1762
8268
16151
12314
3522
2329
7124
4987
1994
5222
11553
9639
-424
-2061
3600
6768
3049
620
4770
4244
-830
-4326
-1700
1948
73
-821
-2371
-6696
-12397
-11718
-2207
1231
-5982
-16369
-17865
-10953
-6458
-6641
-10411
-12865
-12989
-11547
-8836
-7137
-5899
-6111
-7703
-8790
-6690
-1639
1481
305
-1394
847
4407
5289
4661
7159
11090
11023
8267
7487
9145
9606
8846
9447
9484
5624
987
-1307
2048
4644
1356
-3621
-7556
-5088
-5130
-537
6329
1430
-12300
-22024
-4055
14748
13699
-1182
-12331
-3707
3976
13051
17328
13625
5253
-5059
5441
19334
20232
7028
-3158
6751
11426
6100
-2367
-1812
5888
803
-7095
-11722
-9296
-7894
-14085
-13144
-10088
-10659
-18295
-23663
-14391
-6010
-5860
-13724
-16722
-7871
-2490
-2601
-5271
-294
7658
4645
-122
803
9563
13090
7213
7075
11700
14492
7109
835
8760
17400
16120
4270
-428
5726
8050
5835
3132
6977
7342
-936
-5413
-2206
5588
5602
520
-2410
-5431
-6161
-4584
655
1905
-4585
-9283
-9167
-6657
-6542
-5011
296
-685
-8819
-13589
-6394
3953
3885
-941
-2387
-636
-953
-1570
4018
9127
7403
552
-2332
1869
4865
4657
1954
1
-1082
-1554
325
-579
-3382
-4837
-2528
-871
-5052
-7538
-5556
-2362
-4013
-7010
-4541
-2137
-3254
-6427
-4432
821
989
-3054
-6333
-3296
1217
2377
1374
-394
-1380
-2119
-174
3601
4082
2303
2398
4448
4262
2580
6471
12434
12439
7681
6215
10642
11766
9264
9772
13348
12981
4555
-263
4043
9776
8177
491
-2483
-2196
-2978
-4599
-4519
-2391
-5579
-11127
-13226
-10522
-6607
-7137
-8361
-10634
-12859
-11485
-6824
-2004
-4265
-8319
-7531
-3921
-1477
-2401
-1393
4
-1784
-3951
-2996
2274
3978
-55
-3134
-1497
2693
2591
377
1076
3494
4426
1986
326
1211
2967
4569
4634
3625
2206
2097
4002
5772
6825
8111
8686
6870
3975
4858
9905
12492
9518
4650
3491
5152
5489
4688
4063
4277
3279
708
-2039
-3873
-2484
599
1320
-3668
-10047
-10175
-5755
-3448
-6024
-7956
-7634
-9526
-12492
-11639
-5606
-2306
-5214
-8820
-9435
-7676
-6248
-2880
1147
-177
-5755
-8268
-2549
3595
2357
-1866
-2410
871
806
-2562
-2752
1177
4320
1216
-3657
-3729
262
3341
1809
-49
539
1570
609
-1510
618
5447
7528
4551
845
2126
6283
10829
13331
13008
10249
6992
7726
10843
14099
15063
12715
8014
2772
3720
9326
11967
6431
-2187
-3956
-2033
-2129
-5345
-6769
-5578
-8183
-12913
-15980
-14544
-11964
-12156
-12672
-14086
-15421
-16537
-15093
-10047
-7043
-7747
-11287
-12170
-8030
-3243
-1038
-2970
-3218
762
4623
4520
1656
3576
9400
12245
9698
6418
8146
10784
10572
9649
11067
12951
10047
5796
5985
9942
11793
9040
7002
7176
6700
4507
3925
7054
8160
3987
-1373
-1321
3093
3926
-48
-3731
-3069
-1722
-3036
-4056
-3193
-2706
-5948
-8790
-6637
-2596
-2521
-7531
-10051
-7519
-4705
-5774
-8714
-7575
-4468
-3770
-6403
-8665
-7160
-5027
-3790
-3944
-4759
-5717
-6637
-4957
-2789
-2480
-3590
-3869
-2274
-2466
-3385
-1715
2113
3763
349
-1955
515
4815
6204
4419
4574
6065
6608
5707
5786
8354
9053
6940
4277
5064
8130
8641
7157
5653
6190
5659
3441
2798
4406
6426
3563
-1309
-3167
-652
1841
-1410
-4808
-4697
-1642
-2262
-7781
-9702
-7483
-3516
-4749
-8162
-8237
-7242
-5611
-6832
-5651
-3828
-4267
-4345
-3491
1139
1182
-1292
-959
2156
5786
4201
3962
3758
3374
4515
6097
8424
5501
3370
4689
7463
8000
3493
2596
4879
7665
5739
572
-154
1481
4378
3487
837
-387
-702
569
-1111
-2076
-1243
104
-457
-4594
-5499
-3943
-2158
-3068
-4874
-3465
-3182
-4857
-7369
-6039
-1843
-970
-2885
-5167
-4193
-1970
-999
-492
-387
87
-469
-1645
-1734
-664
914
1304
382
-884
-1803
-1303
-203
458
972
914
-124
-2766
-3930
-471
4035
4109
-1340
-4751
-1651
2797
3259
366
62
1795
1671
434
786
3657
4718
3631
3306
4217
5124
4214
4006
5189
6250
5822
3384
1840
2143
3865
4318
1952
-600
-1683
-1373
-2351
-4369
-4844
-4278
-4967
-8379
-10851
-9504
-6576
-5758
-8299
-10833
-11187
-9767
-7674
-5995
-4795
-5406
-7138
-7109
-4257
-763
-595
-1739
-558
2525
3904
2095
2159
5677
9592
9342
6480
6454
8616
10769
10789
10921
10815
8997
7767
8478
12066
13331
10767
6986
5459
7568
8737
8720
7045
5183
3539
1711
2154
3110
3400
533
-2938
-2808
-701
407
-2498
-5718
-6309
-4644
-3442
-5381
-7613
-8707
-8603
-8976
-9781
-9963
-10644
-11465
-12126
-11163
-9771
-10284
-12242
-13032
-10233
-6963
-6182
-7951
-9560
-8459
-5651
-2697
-2058
-3189
-4107
-3345
-128
2997
4182
2599
736
1919
5602
9175
9413
7845
7559
8853
10106
10070
10906
12822
13437
11461
8979
9498
11813
12597
10751
8212
6793
5910
5490
5661
5460
3648
795
-1011
-1634
-2466
-3327
-2965
-2511
-4863
-9313
-11127
-8319
-4835
-5181
-8590
-10794
-10273
-8649
-7417
-6554
-5954
-6271
-6920
-6879
-5964
-4898
-4010
-2720
-1867
-2707
-4690
-5054
-2344
656
1045
-920
-2633
-2935
-2313
-585
1683
2638
1105
-1113
-1215
978
3626
5202
5325
4368
3638
4688
6920
7829
7192
7385
9197
9770
7413
5501
7221
10457
10431
7089
4828
5559
6897
6194
4607
4169
4099
2287
-977
-1964
892
3878
1813
-4617
-8297
-4999
924
1759
-2937
-6476
-5280
-3042
-3969
-5439
-3680
-1109
-2791
-7658
-9114
-5633
-2315
-3125
-5855
-6915
-6527
-5962
-5413
-4257
-3274
-3740
-4957
-5596
-4696
-3092
-1872
-1436
-1845
-2376
-2854
-2638
-917
1821
3213
1168
-1824
-1637
1987
5048
4448
2098
882
1473
2543
3157
3802
3989
3170
1507
501
1511
3632
4701
2850
-92
-447
2055
3890
2471
382
785
2593
2707
822
98
1539
2706
1811
290
346
1069
843
171
253
598
-149
-1061
-620
424
11
-1621
-1789
-321
-260
-2665
-3922
-1380
1345
-437
-4794
-5477
-1345
1905
452
-2731
-3236
-1392
-50
417
1126
1418
228
-704
743
3151
3425
1731
1270
3045
4475
3487
1619
1492
3049
4190
3728
2300
772
-277
-39
1492
2480
888
-2524
-4403
-2895
-206
-33
-2799
-5260
-5054
-3457
-2890
-3386
-3504
-3145
-3356
-3951
-3493
-1965
-1044
-1220
-1126
-312
-96
-650
-95
2087
3434
2311
733
1265
3193
4079
3635
3163
3086
2991
3118
3528
3297
2376
2155
3034
3013
1192
-54
1189
2794
1765
-567
-759
1027
1357
-547
-1521
60
1440
-199
-3031
-3218
-608
891
-1176
-4320
-4706
-2513
-1530
-3389
-5046
-4091
-2912
-4645
-7061
-5865
-2493
-2453
-6294
-8163
-5372
-2520
-3410
-5075
-3928
-2350
-3454
-4744
-2556
1014
1290
-1047
-1495
630
2026
1887
2839
5149
5702
3527
2001
3915
7319
8553
7018
5145
4857
5773
6620
6882
6678
6090
5221
4496
4303
4407
4344
4071
3742
3118
1864
571
395
1390
2049
1111
-690
-1803
-1888
-1649
-1242
-421
-181
-1819
-4232
-4493
-1962
-17
-1381
-3905
-3958
-2181
-2318
-4440
-4460
-1466
-225
-3708
-7460
-5981
-1301
106
-3172
-6084
-5230
-2869
-2113
-2614
-2544
-2044
-2086
-2270
-1753
-824
-356
-306
-8
655
1111
900
317
146
1070
2758
3565
2209
-76
-492
1709
3981
3847
1993
905
1365
2082
2426
3004
3691
3303
1937
1326
2228
3289
3350
3112
3192
2667
1131
512
2322
4369
3445
234
-1291
428
2434
1783
-475
-1321
-532
-512
-1964
-2734
-1650
-902
-2558
-5012
-5233
-3434
-2745
-4283
-5723
-5233
-4288
-4885
-6073
-5667
-3958
-3299
-4475
-5594
-4933
-3104
-2026
-2347
-2919
-2556
-1496
-855
-700
-109
1106
1816
1326
859
1873
3949
5097
4497
3598
3867
5072
5957
6126
6106
6105
5842
5242
4962
5431
6034
5813
4657
3478
2955
2943
3032
3017
2774
1942
544
-580
-344
1107
1872
595
-1582
-2098
-480
774
-111
-1611
-1285
68
-360
-2539
-3322
-1444
-32
-1662
-4353
-4926
-3787
-3657
-4617
-4716
-4295
-5575
-8041
-8138
-5219
-3302
-5109
-7889
-7718
-5418
-4308
-4643
-4026
-2232
-1831
-3316
-3891
-1680
1632
3311
2914
1603
708
1534
4571
7974
8583
6031
3671
4485
7513
9501
9131
7663
6609
6267
6244
6444
6816
6758
5598
3763
2623
2659
2656
1525
236
327
810
-782
-3917
-4924
-2605
-794
-2590
-5543
-6050
-5097
-5531
-6362
-4996
-3076
-4560
-8501
-9389
-5782
-2721
-3868
-6262
-6033
-4608
-4933
-5668
-3738
-488
-286
-3393
-5074
-2640
888
1755
516
22
734
1092
1089
2083
3731
4052
2910
2455
3596
4479
3703
2910
4066
5791
5251
2853
1886
3423
4807
4121
2839
2835
3202
2313
1179
1818
3499
3597
1831
746
1570
2617
2385
1792
2230
3075
2880
1739
1094
1584
2418
2800
2513
1546
162
-770
-492
384
491
-680
-2459
-3923
-4564
-4301
-3722
-3904
-5239
-6725
-7194
-6994
-7076
-7023
-6086
-5222
-6081
-7867
-7705
-5064
-2856
-3244
-4435
-3846
-2122
-1435
-1594
-618
1345
2039
1090
791
2226
3569
3456
3195
4067
4785
3937
2886
3613
5106
4970
3592
3486
4747
4606
2465
1527
3795
6213
4914
1254
-59
2320
4813
4380
2227
1024
1156
1385
1452
1798
1819
626
-1004
-1360
-490
-290
-1566
-2778
-2577
-1938
-2517
-3946
-4436
-3640
-2937
-3241
-3962
-4308
-4353
-4280
-3829
-3139
-3134
-4064
-4563
-3660
-2336
-2181
-3029
-3324
-2457
-1288
-663
-481
-549
-788
-551
835
2609
2930
1587
630
1636
3700
4690
3996
2775
2307
2957
4119
4740
4044
2686
2339
3376
4059
3063
1814
2365
3829
3427
1094
85
2018
3999
2924
179
-559
1101
2163
1161
-160
-187
136
-405
-1112
-1045
-925
-1740
-2621
-2435
-2146
-3159
-4476
-4083
-2716
-3046
-5132
-5876
-3971
-2296
-3261
-4869
-4091
-1974
-1725
-3004
-2518
92
1355
-284
-1703
-102
2612
3100
1718
1343
2353
2615
1681
1657
3318
4200
2454
4
-1
2208
3495
2376
507
-172
225
740
1197
1522
1137
64
-481
145
858
707
364
652
701
-427
-1432
-540
1190
1017
-1149
-2457
-1415
-74
-457
-1604
-1727
-1187
-1409
-2091
-1889
-972
-755
-1341
-1530
-1102
-1004
-1261
-825
202
332
-820
-1465
-463
760
533
-390
-235
717
796
-17
55
1432
2325
1618
568
844
2075
2702
2384
1954
1845
1826
1895
2073
1966
1393
900
1041
1122
252
-892
-955
-155
-256
-1680
-2758
-2403
-1709
-1986
-2599
-2520
-2220
-2579
-2910
-1959
-499
-549
-2026
-2399
-485
1486
1204
-394
-690
720
1729
1208
521
982
1609
946
-179
96
1450
1600
66
-873
123
1177
411
-760
-119
1317
894
-753
-496
1733
2342
126
-1211
933
3478
2545
-259
-539
1888
3108
1569
-6
541
1741
1451
205
-361
-84
160
14
-336
-1006
-1741
-1842
-1285
-969
-1434
-1961
-2001
-1814
-1734
-1517
-1022
-843
-1192
-1377
-797
-103
-174
-631
-577
-37
27
-526
-749
-235
122
-557
-1518
-1430
-383
132
-615
-1486
-1317
-540
-243
-309
103
620
200
-702
-229
1748
2745
1415
-72
780
2827
3206
1920
1476
2635
3416
2803
2289
2841
3155
2407
2085
3071
3531
1837
-147
272
2209
2401
219
-1594
-1489
-909
-1255
-1691
-1462
-1847
-3609
-4955
-4045
-2233
-2343
-4339
-5546
-4733
-3647
-3917
-4553
-4046
-2887
-2786
-3843
-4243
-2949
-1049
-289
-883
-1635
-1558
-641
547
1504
1758
1177
407
495
1647
2775
2959
2430
2084
2283
2730
3162
3458
3703
4009
4316
4247
3723
3537
4470
5773
5750
4417
3614
4180
4678
4058
3543
4172
4453
2685
419
434
2175
2390
163
-1783
-1662
-1196
-2239
-3643
-3476
-2620
-3337
-5360
-6200
-5058
-4124
-4987
-6294
-6095
-4922
-4753
-5629
-5814
-4774
-4032
-4388
-4493
-3445
-2529
-3008
-3670
-2695
-800
-210
-1115
-1435
-314
688
529
501
1719
2782
2098
828
1365
3501
4540
3516
2410
2968
4095
4115
3673
4201
5201
4869
3417
3045
4406
5608
5091
3716
3026
3109
3267
3372
3398
2724
1223
206
587
1128
270
-1242
-1590
-1089
-1680
-3354
-3889
-2681
-2055
-3504
-5093
-4661
-3379
-3617
-4798
-4510
-2979
-2851
-4580
-5306
-3473
-1451
-1797
-3331
-3386
-1968
-1223
-1764
-1871
-753
168
-304
-1187
-1000
-74
400
374
645
927
221
-894
-488
1577
2679
1127
-914
-345
2106
3015
1522
421
1571
3128
3034
2269
2681
3681
3628
3094
3765
5109
5133
3911
3582
4688
5406
4752
3918
3972
4204
3784
3060
2492
1915
1372
1385
1500
488
-1469
-2552
-2012
-1412
-2144
-3524
-4255
-4474
-4930
-5360
-5104
-4558
-4820
-5886
-6509
-5925
-4871
-4578
-5112
-5328
-4560
-3708
-3846
-4305
-3585
-1960
-1321
-2115
-2433
-1116
401
552
168
734
1820
2170
2163
2830
3601
3437
3017
3662
4697
4561
3667
3667
4450
4365
3365
3134
3915
3950
2656
1743
2288
2944
2343
1241
912
1140
1045
699
596
501
54
-452
-630
-675
-726
-562
-498
-1240
-2433
-2671
-1733
-1172
-1933
-2948
-3005
-2685
-3000
-3422
-2977
-2178
-2291
-3150
-3524
-3065
-2434
-2017
-1674
-1495
-1681
-1940
-1779
-1218
-521
240
693
144
-1023
-1042
735
2403
2102
744
352
977
1397
1669
2545
3265
2517
1108
1140
2706
3692
3227
2652
2888
3037
2333
1757
2354
3510
3747
2566
957
237
843
2004
2438
1529
-98
-1338
-1580
-846
255
557
-828
-3030
-3865
-2536
-873
-930
-2322
-3204
-3036
-2706
-2623
-2272
-1638
-1459
-1902
-2295
-2207
-1767
-1002
28
502
-347
-1684
-1671
96
1747
1643
273
-814
-832
-87
895
1479
1090
-119
-1053
-826
128
888
1116
949
379
-405
-452
808
2350
2614
1564
727
1029
1821
2214
2286
2476
2503
1975
1206
932
1347
1867
1969
1553
729
-327
-1052
-667
589
1162
-186
-2504
-3395
-2106
-594
-944
-2604
-3469
-3110
-2898
-3348
-3315
-2438
-2190
-3257
-4016
-2996
-1448
-1399
-2237
-1886
-369
287
-412
-568
802
2206
2228
1606
1611
2104
2378
2576
3014
3091
2246
1190
1039
1678
2044
1593
709
-121
-651
-628
-78
337
-90
-1084
-1602
-1215
-517
-209
-274
-315
-305
-394
-414
7
784
1140
640
-48
133
1086
1538
921
189
460
1234
1139
293
45
693
958
221
-397
40
654
234
-537
-342
294
10
-771
-472
623
620
-660
-1156
50
1041
310
-721
-227
915
720
-472
-694
413
1219
780
-26
-310
-187
151
759
1134
496
-685
-870
277
1198
623
-578
-782
-9
377
-165
-696
-474
-27
-261
-994
-1230
-743
-373
-721
-1279
-1359
-1129
-1133
-1375
-1433
-1240
-1146
-1320
-1570
-1695
-1600
-1223
-786
-780
-1221
-1504
-1202
-722
-554
-367
101
220
-523
-1138
-262
1432
1901
710
-234
439
1613
1808
1427
1659
2246
2106
1497
1543
2239
2466
2023
1890
2203
1957
929
440
1180
1877
1243
-12
-332
81
-109
-855
-755
291
364
-1364
-2815
-1916
118
413
-1361
-2649
-1943
-789
-997
-1851
-1681
-856
-1028
-2170
-2446
-1259
-374
-1081
-2137
-1806
-664
-584
-1559
-1708
-486
314
-471
-1404
-783
592
835
47
-56
897
1498
1121
919
1720
2514
2266
1683
2025
3008
3295
2727
2386
2815
3329
3267
2934
2815
2882
2937
2972
2917
2569
2126
2131
2490
2411
1648
998
1092
1329
865
46
-250
-145
-508
-1414
-1958
-1870
-1929
-2566
-3163
-3318
-3617
-4228
-4363
-3717
-3515
-4638
-5709
-5071
-3551
-3370
-4593
-5052
-3990
-3122
-3473
-3627
-2560
-1753
-2501
-3297
-2080
112
412
-1224
-1868
-208
1559
1382
404
657
1750
1933
1291
1445
2574
3053
2219
1476
1978
2866
2894
2343
2195
2457
2431
2122
2101
2344
2304
1983
1899
2034
1877
1488
1556
2090
2198
1556
1063
1493
2204
2122
1406
1148
1565
1778
1371
986
1128
1203
610
-151
-230
158
5
-891
-1695
-1796
-1705
-2061
-2609
-2831
-2837
-3165
-3751
-3933
-3598
-3386
-3612
-3795
-3517
-3158
-3119
-3019
-2382
-1585
-1262
-1246
-889
-158
383
704
1370
2259
2528
2089
2000
2919
3954
4057
3573
3426
3619
3498
3217
3466
3999
3813
2719
1839
1934
2386
2357
1840
1292
742
106
-218
-17
169
-273
-1095
-1565
-1607
-1686
-1882
-1829
-1609
-1822
-2504
-2858
-2476
-1976
-1963
-2146
-2091
-2080
-2447
-2663
-2048
-1163
-1219
-2222
-2824
-2240
-1365
-1340
-1996
-2359
-2110
-1862
-2033
-2251
-2104
-1815
-1783
-1938
-1889
-1570
-1363
-1379
-1113
-309
381
210
-376
-134
1200
2451
2648
2205
2027
2335
2970
3907
4820
4835
3856
3269
4042
5153
5148
4389
4215
4498
3983
2841
2645
3530
3711
2362
905
663
854
289
-469
-454
-328
-1354
-3059
-3612
-2659
-1883
-2541
-3882
-4492
-4266
-3960
-3829
-3571
-3289
-3486
-4016
-4070
-3310
-2387
-1950
-1886
-1783
-1647
-1604
-1260
-204
977
1201
494
124
877
2016
2486
2393
2455
2657
2501
2188
2481
3335
3695
3066
2246
2094
2408
2551
2409
2210
1925
1383
881
827
1081
1102
667
131
-191
-260
-124
83
32
-454
-900
-763
-295
-231
-650
-844
-589
-541
-1002
-1303
-923
-508
-868
-1593
-1817
-1633
-1717
-1990
-1868
-1641
-2208
-3331
-3639
-2779
-2091
-2608
-3534
-3692
-3338
-3330
-3416
-2797
-1905
-1971
-2938
-3174
-1852
-271
59
-513
-525
384
1227
1427
1634
2395
3139
3168
2841
3042
3765
4185
4058
3944
4143
4174
3697
3284
3506
3911
3691
2910
2291
2110
2033
1869
1752
1551
892
13
-267
189
415
-295
-1254
-1412
-946
-923
-1592
-2038
-1760
-1455
-1806
-2351
-2272
-1794
-1729
-2119
-2206
-1749
-1458
-1776
-2076
-1635
-865
-792
-1451
-1776
-1070
-90
-16
-765
-1185
-655
120
319
68
-52
34
2
61
630
1376
1378
496
-61
698
2011
2375
1533
734
927
1634
1939
1730
1476
1311
1070
842
917
1083
855
300
6
204
335
-69
-663
-777
-399
-160
-441
-992
-1303
-1225
-985
-835
-911
-1216
-1601
-1806
-1644
-1286
-1139
-1393
-1759
-1837
-1606
-1336
-1215
-1139
-1003
-893
-844
-710
-326
176
480
546
687
1108
1566
1733
1763
2058
2567
2783
2514
2272
2444
2661
2442
2017
1902
1886
1384
543
187
385
284
-484
-1220
-1335
-1340
-1752
-2129
-1908
-1585
-1987
-2704
-2608
-1755
-1339
-1754
-2062
-1643
-1169
-1265
-1390
-884
-283
-449
-1006
-904
-149
229
-103
-347
2
347
149
-98
203
706
699
306
217
527
702
552
513
776
936
713
415
486
845
1094
1106
1041
981
921
971
1298
1766
1999
1812
1492
1455
1757
2140
2347
2326
2091
1724
1455
1531
1875
1999
1618
979
525
386
335
229
98
-154
-725
-1482
-1896
-1738
-1497
-1755
-2390
-2894
-3099
-3166
-3122
-2865
-2678
-2985
-3556
-3635
-3007
-2371
-2312
-2512
-2405
-2085
-1921
-1740
-1199
-600
-527
-828
-729
-48
524
587
587
930
1251
1196
1213
1740
2371
2396
2036
2117
2662
2938
2732
2677
3027
3133
2644
2259
2554
2877
2454
1720
1549
1812
1624
954
627
788
663
5
-391
-133
2
-559
-1205
-1172
-861
-1031
-1480
-1559
-1386
-1672
-2267
-2338
-1837
-1656
-2210
-2783
-2781
-2576
-2656
-2753
-2487
-2294
-2696
-3253
-3117
-2349
-1853
-1979
-2190
-2071
-1811
-1628
-1271
-629
-139
-109
-224
24
601
1103
1466
1868
2204
2252
2157
2327
2876
3437
3644
3556
3421
3355
3399
3596
3896
4059
3847
3343
2927
2877
3099
3231
2989
2425
1808
1387
1217
1193
1114
743
77
-642
-1121
-1253
-1214
-1303
-1679
-2304
-2902
-3115
-2916
-2636
-2617
-2871
-3146
-3250
-3166
-2888
-2439
-2068
-2047
-2303
-2411
-2092
-1553
-1150
-986
-987
-1089
-1177
-1029
-537
-5
128
-126
-350
-231
164
588
900
1028
955
834
933
1352
1856
2114
2057
1904
1853
1932
2099
2281
2354
2189
1796
1426
1280
1273
1228
1016
665
244
-176
-482
-547
-450
-512
-889
-1369
-1630
-1603
-1503
-1480
-1511
-1597
-1797
-2084
-2217
-2024
-1707
-1632
-1920
-2277
-2375
-2223
-2046
-1938
-1854
-1781
-1803
-1892
-1815
-1448
-966
-642
-535
-483
-301
-10
309
671
1036
1275
1332
1332
1476
1779
2072
2238
2333
2382
2359
2324
2444
2756
3011
2999
2774
2643
2761
2911
2995
3009
2953
2781
2505
2317
2320
2384
2300
2011
1639
1303
1046
876
750
549
176
-293
-708
-1005
-1216
-1422
-1639
-1903
-2263
-2620
-2815
-2827
-2810
-2914
-3095
-3193
-3179
-3114
-3038
-2908
-2737
-2625
-2598
-2507
-2255
-1977
-1776
-1640
-1460
-1226
-1036
-850
-577
-276
-78
14
172
468
729
847
964
1194
1400
1453
1474
1646
1895
1971
1858
1785
1874
1966
1894
1777
1752
1695
1490
1245
1149
1162
1050
750
459
330
231
73
-89
-210
-377
-662
-880
-884
-822
-953
-1250
-1456
-1456
-1418
-1479
-1558
-1566
-1618
-1782
-1876
-1727
-1481
-1422
-1577
-1676
-1544
-1321
-1144
-978
-775
-637
-661
-652
-374
85
427
498
467
538
728
969
1235
1509
1654
1566
1401
1445
1737
2018
2071
1944
1808
1723
1663
1696
1861
1989
1872
1540
1307
1352
1508
1574
1499
1368
1213
1025
903
960
1122
1138
867
503
303
299
333
276
135
-70
-366
-684
-837
-742
-636
-762
-1081
-1353
-1416
-1361
-1294
-1235
-1191
-1235
-1389
-1495
-1373
-1080
-870
-894
-1012
-1031
-935
-799
-673
-552
-469
-498
-618
-667
-542
-362
-305
-386
-520
-625
-677
-676
-612
-565
-640
-833
-1013
-1048
-959
-872
-872
-930
-1009
-1098
-1119
-1000
-783
-636
-657
-762
-764
-600
-393
-224
-90
-18
-24
-54
28
299
583
673
560
450
515
674
806
890
950
934
807
694
752
979
1159
1139
981
866
908
1036
1160
1284
1335
1251
1100
1022
1151
1400
1499
1330
1077
958
1003
1080
1068
986
854
630
410
325
396
446
310
44
-173
-260
-271
-251
-230
-264
-407
-593
-648
-537
-394
-362
-431
-487
-488
-466
-400
-294
-194
-174
-250
-316
-285
-180
-101
-116
-173
-206
-225
-252
-276
-278
-270
-308
-416
-510
-520
-493
-522
-601
-655
-672
-690
-737
-794
-798
-772
-775
-784
-772
-739
-684
-629
-559
-471
-368
-255
-145
-50
46
190
346
464
549
618
705
797
861
891
900
915
891
819
738
659
583
487
362
211
60
-76
-213
-334
-444
-559
-677
-788
-886
-946
-950
-942
-947
-971
-984
-961
-908
-835
-761
-689
-630
-604
-562
-487
-387
-293
-233
-190
-150
-106
-41
70
194
295
367
423
500
602
745
910
1048
1118
1135
1166
1250
1373
1455
1474
1435
1350
1287
1275
1303
1303
1237
1092
921
803
789
833
805
677
493
360
340
360
372
348
270
136
0
-52
1
53
8
-137
-290
-394
-432
-426
-432
-499
-645
-820
-945
-976
-973
-999
-1090
-1232
-1357
-1425
-1431
-1406
-1409
-1457
-1519
-1562
-1535
-1455
-1347
-1241
-1197
-1156
-1072
-935
-760
-584
-414
-279
-154
-15
146
340
539
703
818
921
1041
1161
1268
1353
1399
1433
1455
1468
1458
1408
1352
1274
1169
1071
942
780
610
457
313
161
-14
-213
-391
-526
-640
-764
-887
-977
-1050
-1108
-1142
-1141
-1124
-1101
-1077
-1035
-953
-882
-835
-775
-674
-562
-493
-457
-418
-356
-281
-222
-169
-123
-99
-70
-26
45
126
179
224
283
359
457
557
653
737
823
927
1023
1099
1184
1273
1344
1387
1417
1445
1468
1481
1472
1451
1407
1348
1296
1241
1174
1102
1016
904
785
690
597
482
338
178
48
-61
-192
-361
-537
-693
-835
-993
-1163
-1305
-1434
-1571
-1705
-1810
-1894
-1986
-2060
-2094
-2097
-2084
-2079
-2038
-1945
-1834
-1727
-1626
-1495
-1333
-1157
-981
-816
-653
-502
-348
-184
-18
133
238
320
430
567
667
721
783
879
993
1076
1124
1201
1315
1408
1482
1547
1622
1707
1767
1813
1852
1883
1909
1907
1869
1821
1770
1710
1617
1502
1363
1214
1078
922
726
492
281
93
-111
-336
-587
-813
-1016
-1219
-1418
-1598
-1757
-1934
-2084
-2213
-2318
-2383
-2440
-2491
-2519
-2513
-2487
-2425
-2350
-2259
-2132
-1991
-1825
-1634
-1417
-1178
-932
-682
-414
-140
130
403
671
927
1162
1380
1581
1760
1937
2073
2172
2260
2318
2348
2346
2329
2294
2241
2157
2049
1915
1781
1654
1510
1355
1159
965
791
621
434
227
30
-154
-337
-516
-696
-870
-1017
-1147
-1260
-1362
-1453
-1513
-1544
-1552
-1544
-1529
-1500
-1458
-1398
-1319
-1220
-1112
-1004
-904
-800
-684
-559
-436
-346
-259
-167
-79
14
91
162
203
241
303
355
393
427
451
494
547
570
580
602
660
717
746
755
775
815
854
869
875
890
905
902
874
847
830
807
762
695
624
554
471
377
295
216
107
-24
-151
-256
-357
-482
-622
-735
-840
-959
-1076
-1185
-1269
-1347
-1438
-1513
-1554
-1582
-1605
-1599
-1569
-1510
-1436
-1354
-1252
-1117
-955
-789
-627
-459
-272
-87
86
253
427
592
740
870
989
1103
1209
1282
1329
1370
1402
1434
1427
1409
1380
1320
1276
1220
1125
1009
889
796
694
547
398
269
154
21
-119
-222
-318
-415
-515
-594
-638
-686
-731
-769
-768
-750
-752
-761
-755
-726
-698
-683
-670
-641
-600
-569
-556
-533
-483
-427
-384
-349
-306
-248
-187
-109
-24
43
119
212
307
400
470
543
627
713
790
841
885
939
996
1042
1084
1103
1099
1103
1118
1132
1129
1092
1035
990
940
882
792
669
560
445
309
157
-8
-163
-318
-480
-652
-833
-1014
-1180
-1324
-1469
-1616
-1749
-1848
-1936
-2025
-2097
-2130
-2131
-2124
-2113
-2071
-1982
-1861
-1741
-1625
-1488
-1297
-1088
-898
-689
-465
-235
-4
214
445
675
874
1076
1284
1481
1654
1792
1927
2062
2179
2263
2311
2345
2364
2350
2302
2238
2164
2062
1923
1775
1613
1428
1227
994
779
574
340
91
-162
-389
-603
-823
-1049
-1259
-1453
-1635
-1797
-1933
-2037
-2136
-2233
-2302
-2328
-2310
-2268
-2206
-2128
-2028
-1890
-1720
-1524
-1328
-1116
-862
-617
-379
-159
83
348
576
773
962
1149
1316
1448
1561
1666
1756
1822
1849
1863
1890
1903
1880
1844
1797
1758
1709
1631
1559
1495
1431
1353
1259
1158
1066
977
873
768
634
466
307
171
4
-196
-409
-623
-841
-1041
-1229
-1424
-1617
-1799
-1962
-2098
-2203
-2308
-2402
-2460
-2483
-2481
-2471
-2435
-2353
-2239
-2113
-1969
-1817
-1655
-1453
-1228
-1004
-802
-587
-346
-104
123
316
509
704
891
1058
1202
1316
1426
1524
1599
1670
1717
1742
1752
1757
1758
1744
1717
1679
1623
1561
1507
1450
1383
1287
1173
1068
979
879
768
641
518
412
304
189
72
-32
-122
-217
-326
-456
-566
-653
-746
-845
-958
-1067
-1171
-1267
-1355
-1431
-1500
-1574
-1633
-1672
-1673
-1666
-1671
-1657
-1599
-1493
-1396
-1310
-1198
-1064
-913
-744
-572
-386
-204
-19
185
400
617
809
978
1163
1367
1540
1690
1835
1952
2051
2143
2215
2255
2262
2246
2217
2175
2093
1983
1846
1695
1552
1388
1193
974
754
547
335
108
-130
-355
-570
-790
-1003
-1201
-1395
-1567
-1728
-1872
-1993
-2092
-2159
-2204
-2228
-2229
-2212
-2168
-2092
-2007
-1911
-1787
-1654
-1508
-1363
-1225
-1085
-944
-791
-649
-523
-402
-287
-163
-47
44
122
216
304
369
421
466
544
625
658
705
770
841
895
941
995
1060
1144
1202
1257
1321
1380
1441
1491
1519
1546
1558
1557
1535
1474
1440
1391
1301
1184
1058
948
821
672
511
347
194
32
-141
-310
-459
-601
-732
-861
-979
-1080
-1164
-1222
-1256
-1285
-1301
-1287
-1271
-1230
-1169
-1110
-1032
-953
-868
-765
-665
-562
-473
-385
-278
-184
-103
-40
33
119
190
244
269
305
346
366
379
384
382
376
358
337
317
290
255
224
197
162
120
89
65
44
23
-18
-41
-42
-42
-52
-61
-64
-60
-47
-50
-55
-48
-41
-30
-29
-31
-12
-2
-8
-9
1
31
48
45
50
64
89
104
97
104
124
134
128
119
121
119
120
95
61
48
32
5
-22
-51
-58
-68
-103
-137
-146
-149
-163
-186
-208
-207
-194
-191
-188
-187
-189
-185
-164
-142
-127
-113
-107
-87
-63
-50
-48
-29
-14
5
26
27
26
41
62
90
111
118
133
153
181
204
213
228
240
252
271
278
291
296
290
289
286
266
248
244
226
205
181
163
141
109
88
67
33
-6
-54
-93
-115
-142
-174
-214
-239
-255
-284
-314
-321
-322
-332
-340
-334
-316
-287
-282
-280
-253
-214
-169
-144
-131
-103
-72
-45
-11
3
15
44
59
78
90
89
104
121
125
118
118
130
136
137
131
124
108
106
115
101
82
57
37
38
28
17
7
-12
-23
-24
-25
-30
-32
-40
-38
-38
-51
-38
-21
-14
-30
-40
-35
-21
-19
-17
-15
-15
-1
-3
0
11
24
40
52
53
52
47
46
61
65
61
51
33
43
54
50
43
29
18
-1
1
8
0
0
-15
-21
-12
-19
-14
5
14
25
34
28
29
36
49
58
52
39
34
48
58
43
20
8
-6
0
-8
-32
-48
-54
-50
-63
-75
-79
-79
-76
-88
-111
-117
-124
-126
-113
-106
-96
-109
-115
-94
-71
-51
-49
-53
-50
-44
-31
-11
-8
-5
1
13
21
10
10
16
25
25
19
29
33
46
55
48
54
50
40
43
50
55
49
34
28
27
37
42
48
49
41
48
46
39
52
58
52
65
62
55
58
60
71
74
59
41
36
48
56
55
61
55
46
39
42
50
39
20
10
11
6
3
16
12
2
-9
-15
-18
-18
-17
-30
-42
-51
-58
-58
-55
-53
-54
-61
-70
-81
-60
-48
-66
-76
-79
-69
-69
-89
-89
-72
-64
-82
-107
-111
-85
-69
-82
-92
-87
-76
-62
-77
-66
-36
-23
-25
-37
-31
-9
4
2
1
5
19
25
22
30
46
49
43
40
49
63
68
67
67
66
72
76
90
97
85
88
86
88
93
81
75
77
74
72
74
71
61
66
60
56
56
37
20
9
13
12
-4
-23
-25
-21
-35
-51
-67
-65
-52
-66
-71
-83
-82
-67
-78
-86
-86
-80
-80
-84
-83
-72
-75
-83
-74
-61
-49
-52
-51
-36
-21
-11
-7
0
16
24
34
43
60
66
60
71
75
80
84
78
93
114
116
117
109
108
112
104
99
83
72
73
61
54
52
35
29
11
-5
-10
-18
-20
-37
-48
-46
-48
-70
-92
-80
-80
-97
-108
-106
-101
-112
-123
-119
-110
-112
-120
-112
-101
-96
-90
-94
-87
-64
-58
-54
-49
-39
-27
-27
-15
6
19
23
24
39
61
61
53
41
65
85
80
76
71
90
100
95
93
98
107
108
107
103
96
105
107
90
73
56
52
53
45
38
26
9
7
5
-2
-4
-12
-15
-19
-36
-44
-44
-42
-51
-64
-79
-77
-76
-85
-76
-71
-67
-75
-90
-86
-69
-65
-61
-59
-60
-39
-26
-22
-18
-29
-25
-9
-6
-12
-19
3
15
16
19
24
38
45
50
53
56
58
57
62
61
68
83
70
58
62
58
65
67
52
42
31
21
17
17
14
3
-1
-10
-22
-22
-22
-33
-39
-53
-58
-42
-39
-53
-74
-73
-73
-79
-83
-89
-81
-80
-88
-87
-72
-59
-62
-63
-59
-43
-34
-38
-29
-25
-11
-2
-4
4
12
22
34
35
38
46
50
67
79
71
65
76
89
101
94
87
99
101
93
83
84
92
84
71
51
40
41
42
30
21
18
-1
-13
-12
-14
-11
-18
-31
-45
-46
-49
-52
-50
-69
-77
-89
-90
-78
-66
-48
-58
-65
-62
-56
-44
-34
-18
-25
-41
-46
-43
-24
-14
-10
-12
-12
-1
-8
-6
14
24
17
12
8
7
24
32
37
41
35
36
36
40
53
49
45
38
23
32
44
49
44
42
33
28
29
11
10
13
5
1
-12
-5
7
-10
-20
-22
-23
-26
-43
-50
-46
-33
-26
-43
-49
-42
-36
-35
-38
-39
-40
-43
-37
-23
-19
-17
-10
-8
-9
-10
0
19
19
16
12
18
31
36
50
49
33
32
37
44
43
31
25
22
21
22
16
8
1
-5
-8
-14
-15
-17
-25
-29
-26
-36
-35
-29
-30
-17
-21
-28
-30
-43
-31
-18
-14
-13
-21
-9
7
0
8
12
9
18
12
18
32
38
33
17
22
28
25
19
14
13
24
36
22
15
8
14
29
26
15
4
3
9
5
5
15
20
19
14
11
17
19
17
-9
-10
4
4
0
-17
-14
-3
-11
-15
-14
-25
-13
-15
-39
-36
-33
-38
-35
-45
-48
-54
-69
-60
-44
-30
-51
-61
-46
-32
-22
-32
-32
-17
-6
13
18
10
20
25
30
34
26
32
28
33
53
51
47
51
50
55
66
59
49
51
60
64
50
34
32
37
37
31
21
5
4
2
5
-2
-16
-9
-16
-26
-21
-27
-38
-46
-52
-61
-63
-69
-79
-74
-72
-77
-84
-82
-63
-58
-56
-53
-50
-37
-29
-23
-17
-18
-15
-17
-8
-7
-6
9
6
3
1
5
12
16
24
29
41
53
52
49
49
59
71
66
55
71
88
80
77
71
62
71
67
62
58
51
60
53
43
44
43
38
30
26
23
12
-4
-15
-9
-10
-25
-32
-33
-39
-50
-61
-73
-76
-75
-83
-89
-86
-89
-85
-86
-82
-60
-48
-59
-55
-44
-42
-47
-37
-31
-28
-25
-30
-18
-14
-2
8
-4
5
8
18
34
34
33
33
49
46
45
45
39
42
44
45
38
40
43
42
46
46
43
37
34
36
33
28
29
22
16
12
6
12
12
-9
-12
-16
-24
-27
-34
-40
-49
-50
-51
-55
-48
-45
-45
-42
-55
-53
-44
-48
-36
-36
-38
-36
-47
-41
-31
-21
-16
-25
-29
-33
-28
-11
8
13
16
26
34
41
41
41
52
51
56
59
55
71
85
85
85
81
76
74
83
77
65
56
40
34
34
26
20
20
12
6
1
0
2
0
-14
-28
-31
-26
-23
-25
-28
-34
-42
-51
-50
-50
-45
-36
-38
-39
-42
-29
-29
-35
-35
-41
-48
-55
-55
-49
-40
-47
-47
-32
-31
-26
-31
-15
-1
-12
-13
-14
-9
-4
5
6
6
-5
-27
-20
-8
-9
-10
-5
8
17
28
36
51
57
36
28
48
49
43
47
40
35
27
23
25
31
33
21
21
20
27
32
16
5
6
4
-12
-26
-16
-10
-24
-39
-51
-50
-41
-35
-38
-41
-24
-16
-23
-18
-9
4
0
-4
-2
-8
-11
-1
0
-1
1
-4
4
8
18
30
25
24
26
26
42
42
31
28
27
20
2
1
-1
7
14
0
-1
-3
0
10
17
24
17
15
9
12
31
28
24
20
22
34
29
20
24
27
28
18
3
5
3
6
4
-15
-15
-19
-18
-19
-22
-31
-43
-43
-49
-58
-61
-58
-59
-64
-69
-66
-58
-57
-56
-56
-49
-38
-39
-31
-39
-34
-13
-25
-23
-15
-10
-2
-3
-3
-5
-3
-1
9
10
6
8
-1
12
25
19
31
31
24
21
15
24
32
22
17
24
28
37
37
29
33
30
38
39
32
42
49
51
50
43
40
44
44
37
36
38
33
24
26
33
34
19
6
2
0
6
-7
-10
-7
-17
-21
-34
-31
-28
-19
-23
-42
-36
-29
-27
-28
-32
-29
-35
-39
-25
-25
-28
-33
-32
-16
-9
-21
-15
-3
0
6
-3
-5
-2
6
9
3
7
5
3
0
-2
7
7
-1
-4
4
6
4
6
-4
-16
-6
-7
-13
-5
-8
-8
-10
-7
2
-11
-20
-18
-12
-3
-6
-7
0
0
1
6
1
-4
4
5
-3
4
3
1
10
1
12
16
15
9
10
13
2
2
-12
-9
6
0
-7
1
3
0
-5
-3
7
5
-3
1
4
6
13
11
7
13
12
2
0
5
20
18
11
8
15
17
7
-4
-1
8
-5
-11
-15
-3
1
-11
-4
4
9
9
14
18
24
11
-6
-3
4
0
-2
-1
-1
1
5
12
16
12
12
10
9
16
15
26
25
23
27
14
9
0
-10
-23
-18
-24
-24
-22
-28
-8
-7
-6
-12
-16
-19
-30
-37
-35
-29
-38
-47
-51
-45
-31
-30
-45
-44
-32
-30
-24
-22
-12
5
6
0
6
11
13
21
17
17
19
19
30
35
20
27
35
22
20
16
22
37
35
30
29
26
35
42
30
29
36
31
23
20
19
20
8
-12
-16
-21
-19
-17
-25
-15
-13
-10
-18
-22
-19
-20
-14
-17
-25
-27
-26
-30
-29
-36
-39
-35
-40
-34
-33
-34
-22
-18
-18
-10
-11
-4
6
2
-3
6
7
3
8
1
9
23
22
23
30
33
31
31
35
44
33
31
41
42
47
52
56
42
40
47
49
39
32
20
19
19
2
-2
-9
-6
-10
-10
-10
-22
-24
-37
-38
-38
-40
-45
-54
-52
-53
-53
-58
-64
-57
-45
-47
-49
-42
-39
-35
-29
-26
-21
-10
-11
-8
4
7
6
3
15
25
20
20
16
25
26
15
17
23
21
25
24
20
32
34
34
26
21
28
26
24
28
33
27
25
31
31
26
25
23
18
18
12
10
24
20
11
12
13
6
-4
-12
-21
-25
-26
-23
-32
-34
-29
-35
-45
-48
-45
-50
-47
-48
-42
-44
-53
-52
-49
-38
-34
-34
-28
-35
-28
-17
-7
-5
-17
-10
2
12
12
19
33
36
40
32
28
48
44
44
51
47
51
42
36
32
34
35
29
26
23
31
33
28
24
28
29
21
16
14
10
2
-7
-11
-6
-6
-13
-8
-8
-7
-10
-12
-14
-21
-27
-35
-33
-32
-32
-35
-41
-38
-29
-26
-29
-29
-20
-21
-16
-10
-8
-15
-18
-13
-12
-10
-23
-20
-9
-8
-11
-10
11
9
-8
-2
6
23
30
14
17
18
16
14
11
11
14
20
24
22
27
24
22
30
16
13
12
6
1
0
6
-1
-4
-4
2
8
8
5
-10
-7
8
-2
3
8
0
-5
-8
-2
-11
-7
0
-6
-7
-14
-13
-5
-3
-1
-6
-17
-19
-21
-11
-12
-7
-12
-7
-1
-5
5
-8
-5
1
-9
-10
-6
3
6
-2
-5
4
0
-2
4
-4
-9
-8
-1
3
7
12
12
7
8
7
1
14
11
0
1
1
14
26
24
18
17
20
21
16
20
17
10
6
1
8
0
-13
-18
-15
-15
-14
-18
-23
-2
-6
-11
-13
-26
-15
-12
-17
-15
-7
-1
-5
1
3
5
6
4
-1
-4
2
1
9
23
13
-4
-2
1
13
19
6
5
3
9
14
2
2
-4
5
11
-8
-2
3
7
1
-10
-13
-16
-10
-6
0
2
4
5
0
8
-3
-15
-13
-18
-19
-19
-6
-7
-14
-9
-13
-7
3
-1
1
2
11
12
0
7
5
0
1
1
0
-6
-7
-10
-3
1
3
13
5
4
3
3
16
7
-1
-3
-5
6
9
13
11
14
8
1
1
3
10
-3
-6
4
5
9
5
7
7
7
6
1
-1
-2
-2
4
3
-10
-6
-10
-12
-18
-19
-7
-13
-14
-15
-14
-8
-14
-7
-6
-11
-5
-1
-1
1
1
2
17
19
14
15
6
8
7
6
10
3
6
10
8
9
13
19
10
4
14
15
6
-4
-5
1
0
-9
-18
-8
-13
-14
-9
-11
-1
-10
-10
-6
1
13
-2
-3
1
4
17
7
-2
1
0
-5
-13
-13
-9
3
7
-13
-10
-3
-1
2
9
2
1
1
-3
-2
-1
0
-8
-3
2
-7
-2
3
-4
11
15
6
7
2
4
11
-4
-11
1
-3
-1
5
5
5
5
4
-1
3
1
0
-10
-4
4
7
0
-13
-5
-4
-2
-6
-17
-18
-6
-15
-21
-12
-13
-9
-11
-16
-25
-17
-14
-16
-15
-17
-11
-5
-5
-11
-14
-9
-4
-9
-7
-6
-8
0
3
8
17
16
34
34
27
30
33
33
43
46
43
49
35
30
38
35
23
26
25
26
31
29
27
15
15
20
11
3
4
-2
-2
-10
-14
-13
-12
-10
-19
-23
-27
-33
-28
-29
-36
-31
-26
-26
-24
-27
-32
-31
-31
-35
-32
-42
-37
-26
-33
-29
-25
-27
-23
-20
-19
-20
-21
-15
-16
-7
-5
-4
4
-6
1
8
8
16
20
23
20
19
22
20
21
23
31
33
31
27
22
25
22
18
21
27
29
20
27
30
20
22
24
21
22
23
17
10
4
0
-6
-2
-1
1
-2
-9
-2
-11
-15
-17
-14
-12
-15
-20
-23
-22
-23
-22
-29
-35
-29
-34
-39
-32
-36
-38
-21
-22
-28
-18
-18
-14
-11
-7
-5
-9
-4
0
0
4
7
11
22
26
25
26
25
25
32
30
23
31
25
32
42
36
37
35
33
35
25
26
18
11
18
8
11
14
1
