SAMPLES:
16249
BITSPERSAMPLE:
16
CHANNELS:
1
SAMPLERATE:
16000
NORMALIZED:
FALSE
13
0
2
3
-6
-7
0
-4
0
19
12
8
19
23
18
17
12
17
12
10
2
-14
-11
-27
-20
-17
-23
-5
-7
-5
5
9
10
4
1
3
6
7
7
6
2
1
-6
-7
0
-8
-3
3
-8
-10
-13
-11
-5
-16
-19
-14
-11
-9
-1
4
3
5
19
12
4
18
5
-5
-6
-9
-15
-20
-14
-8
-6
-2
-12
-14
-4
3
0
-4
9
5
4
4
3
11
9
15
12
-2
-3
-4
-2
-8
-5
8
4
1
14
11
8
7
8
15
1
8
13
17
20
13
7
-2
-2
-3
-5
-4
4
5
2
2
10
5
-2
-4
-22
-24
-15
-23
-17
-3
-3
4
-2
-13
-13
-14
-12
-6
-10
-20
-8
-3
-1
3
9
12
11
12
13
14
14
22
7
-3
8
6
0
-9
2
1
2
15
14
6
4
17
3
14
17
8
21
15
-1
7
5
-1
5
-3
-4
-7
-19
-8
-3
-8
5
-8
-16
-3
0
-4
-13
-22
-17
-17
-31
-29
-21
-18
-5
-12
-9
-3
-16
-13
-4
-5
-9
-16
-16
-8
-2
-4
-1
5
1
0
-7
-1
-2
-4
9
15
30
34
25
13
24
27
19
14
4
14
12
10
19
22
19
27
20
22
25
7
9
7
-5
-8
-4
2
-8
-27
-13
-3
-6
-6
-14
-10
-5
-3
2
-4
-1
-1
-3
-14
-10
-20
-22
-15
-20
-28
-30
-16
-13
-5
-7
4
19
8
13
15
2
-1
1
0
8
18
14
-2
-1
-4
-11
-12
-8
-3
-12
1
11
5
12
11
0
-10
-11
5
11
7
4
11
3
2
12
-9
-14
-9
-2
-7
-8
-3
-5
9
6
10
17
17
11
-3
-3
-4
-4
0
2
-5
-3
-5
0
2
-6
1
-1
-16
4
11
4
9
5
7
2
5
-4
5
14
13
8
-1
1
5
-1
-4
-2
-8
0
0
5
4
-5
-13
-20
-19
-20
-15
-7
1
-6
-3
-9
-4
6
-6
-3
-1
1
-7
-1
2
-8
-3
-5
0
7
6
7
10
2
-3
4
0
-6
4
5
5
7
13
16
16
18
15
11
2
0
-4
-5
-6
-3
-9
5
3
-3
5
-6
3
3
12
14
9
9
-2
-1
-1
-6
-10
-5
-5
-3
-4
0
-1
-1
1
0
8
8
9
-2
-10
-4
-2
-2
4
0
3
0
-13
-12
-15
-17
-10
3
3
-2
4
-1
-15
-15
-24
-18
-12
-27
-11
-8
-6
-5
-15
13
8
0
14
1
0
-3
-2
5
-6
-3
-1
-8
3
12
8
16
22
14
13
16
12
9
18
20
14
18
15
8
7
0
7
3
0
11
1
8
11
6
11
-6
-3
9
7
3
0
-5
-5
-8
-19
-16
-20
-14
4
4
9
8
2
6
11
7
7
3
-14
-16
-15
-16
-18
-20
-11
-9
-14
-16
-11
-18
-19
-13
-13
-6
-11
-3
-14
-9
4
-1
4
4
1
4
11
7
12
18
5
4
2
2
2
-1
-2
1
2
3
9
2
12
8
5
13
-1
-7
-2
-7
-5
1
-6
1
5
-2
11
11
17
21
3
9
14
12
5
14
12
-1
3
-1
-3
-10
-20
-18
-12
-11
-1
4
-6
-3
15
-1
3
1
1
8
-9
2
-6
-7
-5
-5
-14
-14
-10
-13
-4
-12
-7
11
9
4
11
3
4
6
13
18
4
16
20
22
23
5
4
-6
-13
-9
-4
0
-6
-7
-4
0
8
5
1
-7
-4
1
-5
-5
-11
-11
-6
-17
-8
-6
-16
-9
-11
-9
-4
-9
-13
-7
3
-3
-5
-3
-9
1
4
-7
-7
-7
-7
-1
-3
-2
-9
-7
4
7
5
4
-2
-5
4
8
5
11
13
15
14
18
20
7
12
10
-2
-3
0
5
3
7
10
7
-2
-10
-2
0
2
15
7
13
18
11
17
14
22
19
6
3
0
-9
-13
-10
-15
-13
-12
-11
-7
-11
-2
-9
-12
3
1
-4
1
5
-7
-5
-3
-10
-5
-6
-13
-16
-3
-7
-1
0
6
9
5
13
8
6
8
-5
-9
-3
-1
-5
-15
-14
-4
8
8
-6
-6
-6
-17
-13
1
-5
-10
-3
-7
2
9
-5
2
7
-6
-11
-13
1
4
3
1
7
2
0
0
-17
-10
-7
1
-5
-4
6
-3
3
16
6
-3
3
1
1
-2
7
18
14
15
10
12
20
12
13
11
17
26
20
20
18
12
7
10
13
18
17
-2
13
16
5
7
-5
-5
-4
-1
-4
-8
-8
-7
-15
-22
-26
-37
-27
-30
-27
-8
-14
-8
-8
-6
1
-8
-9
-11
-20
-18
-5
-14
-25
-21
-15
-17
-13
-1
-3
6
10
6
7
3
-2
-1
-9
0
13
2
2
3
-6
0
7
11
10
10
8
5
12
11
8
5
-8
1
13
12
9
14
21
12
15
26
22
20
23
21
2
-6
2
-8
2
5
2
9
4
8
4
8
10
11
6
6
-4
-16
-4
-3
-18
-17
-8
-24
-19
-10
-11
-5
4
2
6
-1
-4
-12
-3
8
-8
-18
-30
-19
-16
-29
-23
-12
-13
-9
-7
-8
4
-5
3
1
-6
5
-5
5
-2
-8
8
2
-5
-4
-8
-4
-4
0
8
18
21
21
23
10
8
0
-6
-1
-12
-5
6
17
31
20
12
5
3
-7
0
10
4
1
5
5
-6
-8
1
14
6
15
37
26
8
9
3
-3
5
7
7
4
-8
8
10
-3
3
1
2
-3
4
4
-13
-15
-15
-18
-12
-13
-19
-21
-24
-20
-13
-15
-17
-19
-18
-15
-24
-25
-12
-5
-18
-16
-16
-15
-6
-7
5
6
13
6
-1
3
-10
0
4
-2
4
11
16
3
4
14
4
-3
6
18
26
21
29
38
31
32
25
30
28
23
34
15
13
1
-9
6
-9
-6
-7
-6
2
6
22
14
17
25
8
4
8
0
-9
-21
-35
-37
-28
-30
-26
-24
-35
-25
-18
-19
-13
-16
-15
-11
-15
-8
-13
-21
-9
-8
-11
-16
-13
-5
-10
5
12
-6
11
4
-10
0
-9
-4
-2
1
10
6
7
10
7
6
1
2
18
21
12
17
18
14
11
24
7
-11
-4
0
5
-7
13
20
16
20
17
18
9
4
4
-7
-2
-5
-15
-5
-15
-12
-9
-8
0
-9
-2
5
2
15
28
11
17
13
8
5
-1
11
4
10
16
17
8
12
11
5
5
-4
2
1
2
-11
-19
-8
-13
-16
-11
-13
-3
-6
-20
-13
-20
-23
-15
-17
-22
-21
-5
-8
-23
-26
-20
-24
-18
-7
-17
-8
-4
-2
-6
-4
-3
-1
8
-1
-3
-11
-15
-5
-1
-6
-2
2
7
16
4
8
12
7
9
9
6
8
7
13
20
4
24
24
11
17
15
27
14
1
1
8
14
16
24
21
21
20
25
20
10
16
9
10
19
1
-4
5
-2
2
2
-1
10
0
-2
4
0
-2
1
-2
-14
-6
-7
-14
-20
-24
-23
-27
-28
-20
-15
-19
-22
-16
-9
-14
-12
-13
-19
-15
-19
-32
-32
-21
-24
-15
-8
-18
-6
2
-12
-16
-3
-3
-5
8
5
1
11
4
5
5
-3
14
19
16
23
25
29
29
22
14
9
-4
-4
1
0
11
14
16
18
20
22
20
18
11
12
12
8
19
14
26
19
3
13
2
2
-1
-9
-10
-5
-2
-3
-2
2
2
-6
-2
1
-1
-9
-15
-17
-13
-10
-10
-9
-9
-18
-24
-15
-33
-33
-19
-23
-36
-25
-12
-19
-11
-19
-5
-1
4
5
-13
-7
-12
-16
-13
-4
-3
-5
0
4
10
5
7
9
12
10
13
15
15
34
29
30
40
35
24
18
31
27
19
11
14
15
14
15
6
1
19
20
8
6
-1
-3
-7
-11
-16
-3
-3
-11
-13
-13
-10
-20
-17
-9
-8
-5
1
-10
-11
-13
-18
-19
-22
-32
-27
-14
-18
-12
-16
-22
-15
-2
6
0
-2
4
3
9
-5
-27
-28
-16
-11
-21
-5
7
10
13
11
16
15
16
10
9
8
12
14
6
10
8
0
-1
4
8
9
11
14
22
22
26
25
9
10
-1
-6
3
0
-2
2
5
5
8
2
-2
5
-2
2
-8
-5
0
-4
2
-2
0
-4
-1
0
7
6
3
-1
-4
0
2
-5
-8
-6
-15
-9
-6
-4
-12
-12
-10
-14
-9
-9
8
9
6
6
1
1
8
14
-1
-6
-17
-2
-14
-28
-3
-11
-14
-7
-12
-5
-7
-10
-15
-10
4
-9
-3
8
5
5
5
7
4
7
2
-2
3
-6
-3
8
13
10
7
11
-1
3
12
6
1
1
0
13
11
1
10
0
-5
8
5
-2
-9
-12
-3
4
2
9
15
6
6
14
11
0
5
11
2
-1
1
7
8
7
10
9
8
7
-6
-9
-8
-10
-2
-3
0
11
3
1
-5
-12
-6
-17
-16
-17
-16
-9
0
-3
-10
-2
-13
-2
-6
-15
1
-9
-5
1
2
6
10
10
-4
-9
-6
-11
-13
-6
-6
-7
4
1
0
9
1
8
0
0
5
-3
10
8
7
13
11
3
7
-3
-8
-4
-9
-1
-1
4
9
3
-4
0
7
16
10
7
23
18
1
9
9
3
6
-7
-4
-16
0
9
-18
-3
0
-8
2
7
16
4
-3
4
-3
-10
-12
-11
-13
-9
-13
-16
-21
-18
-4
-1
-1
-1
-1
-2
1
4
-2
-4
-1
-1
-14
-12
1
-1
7
5
-7
3
7
6
9
7
7
0
-4
-3
-6
3
13
21
13
17
24
23
24
19
18
24
19
16
-1
-5
-3
-15
-7
-22
-20
-7
13
14
8
16
8
12
6
2
1
8
14
7
4
-2
-7
-7
-15
-21
-22
-24
-20
-13
-18
-17
-7
-21
-24
-18
-21
-42
-32
-24
-25
-7
-7
-3
5
-4
3
7
-6
7
-4
-23
-17
-12
2
-5
-9
2
-6
-6
-4
-14
10
3
1
17
9
10
13
18
15
22
25
28
20
26
19
3
22
21
22
39
35
24
24
33
13
13
28
25
24
18
16
12
9
4
3
-1
6
-4
-12
0
3
-1
-4
4
-2
-9
-10
-15
-14
-23
-35
-30
-26
-19
-19
-34
-19
-17
-22
-19
-31
-21
-24
-30
-29
-27
-31
-17
-8
-7
5
-6
-6
-5
-6
-1
6
4
-9
-13
-15
-11
-23
-23
-7
-5
2
1
18
18
14
19
12
23
31
26
15
26
20
5
9
8
8
8
14
18
18
26
31
24
24
16
18
12
2
11
5
6
17
17
13
7
-3
-4
2
-11
-13
-3
8
-3
-8
-3
-17
-7
-5
-6
-7
-6
-9
-15
-18
-17
-15
-25
-26
-30
-25
-19
-19
0
11
4
5
0
8
2
-2
-2
-4
0
-22
-20
-11
-15
-13
-11
-6
1
2
7
16
3
8
13
9
10
1
11
8
10
16
4
11
10
15
22
20
12
7
6
-7
-1
9
13
16
12
12
9
7
-2
-1
2
0
-4
-4
-4
-1
6
0
8
8
-8
-8
-13
-19
-8
-17
-12
-9
-20
-13
-4
-12
-19
-25
-18
-17
-14
-9
-15
-8
-13
-10
-6
-23
-27
-14
-12
-5
8
1
8
18
17
15
16
17
15
8
4
3
-3
5
13
17
5
7
18
10
15
18
21
17
14
5
0
11
0
-3
-2
5
14
6
8
5
1
4
-7
-18
-11
-5
-7
-8
-9
4
5
3
5
-2
1
-1
-1
14
7
7
8
0
-6
-14
-14
-17
-18
-25
-15
-7
-5
-1
-4
9
25
21
5
0
2
6
11
11
9
4
8
14
2
9
12
-5
2
-4
-3
2
-10
-9
-16
-14
-12
-20
-7
0
-11
-14
-20
-23
-19
-25
-16
-4
0
2
-6
-3
0
-19
-20
-15
-21
-15
-19
-12
-7
-3
-3
-2
7
-14
-12
-9
-3
7
7
18
12
25
13
12
25
11
23
27
20
26
36
30
20
19
20
16
14
15
18
14
25
27
22
29
17
18
14
1
23
8
12
14
-4
0
-11
20
-14
-42
-31
-72
-60
-70
-64
-24
-38
-83
-131
-71
-61
-92
-84
-121
-122
-156
-117
-97
-95
-93
-161
-111
-105
-73
-83
-105
-34
-7
56
-47
-83
-48
-65
-35
-56
30
-75
-115
-27
-13
-25
-77
46
54
122
94
9
24
71
77
32
288
345
356
96
138
-85
80
420
171
2390
2438
-715
-3788
-752
5731
2853
478
725
-577
-3854
-2419
9175
6153
-3147
-4979
-1727
2029
-1271
3223
2522
-2949
-3359
-4858
-290
-44
501
-766
-4340
-1002
-4258
-4627
-1063
1771
1686
-4913
-3466
-1764
-1504
998
1442
2500
-1518
-2466
835
2137
3763
2105
1803
1338
423
3161
3316
3537
2825
1378
1795
629
2439
2100
1046
1820
-279
-272
-1847
-456
455
-240
1906
-2704
-5030
-6110
-1874
2635
660
3252
-1432
-4498
-6773
-2652
8935
9004
6389
-4929
-7951
-723
5262
13020
8821
4803
-3553
-8617
341
7305
11353
2442
-5366
-5100
-5581
-1935
-2072
-40
-480
-6985
-9719
-11749
-8255
-5651
-5228
-3486
-6902
-9732
-11868
-9199
-1798
874
-71
-5963
-8290
-3598
826
4925
4822
4084
1832
-1555
1503
5570
9126
8043
4540
3938
2980
4758
6202
7475
8175
5739
3517
1702
3026
6712
7101
6508
6816
4337
-727
-2894
6390
13141
7882
1548
-2114
-837
-130
6211
11935
5238
-3150
-8034
-2762
3505
4479
1692
-4598
-5240
-6053
-6284
-3584
-2170
-3388
-7762
-8266
-7692
-9084
-8114
-4936
-3156
-5745
-9984
-10029
-6952
-3888
-2211
-3271
-5249
-7799
-5876
-2180
350
-1130
-3272
-4884
-6425
-4212
-2721
12740
21651
9603
-15254
-22264
9463
31759
23486
-5905
-14986
-1848
5305
18071
24146
19994
-5177
-24787
-3691
23906
28104
-460
-17294
-2317
6947
1299
-9806
-2921
7239
-2037
-10605
-11350
-5932
-7828
-11917
-1003
4952
-3746
-19825
-21274
-1421
9904
4453
-9670
-13963
-4508
235
1714
2195
4293
2951
-6524
-7153
1625
10030
7416
-2927
-2724
2378
3842
-466
-2270
5771
9220
3864
-4133
-3350
6069
9025
6151
3000
3630
3608
35
2234
9144
12093
5339
-2515
9
5503
5758
3422
5167
7949
1948
-5179
-2693
7385
10250
345
-5501
-2105
2416
-1580
-4234
1233
2163
-3536
-8322
-2504
1854
-2322
-6415
-5154
558
-877
-6272
-8444
-5017
-213
-2163
-5329
-6364
-5584
-4645
-4349
-2102
-2188
-5085
-6867
-5805
-2799
-2217
-3281
-4526
-5496
-4506
-3807
-3522
-4475
-4152
-3204
-4440
-5642
-4422
8526
17914
6541
-16979
-19165
12821
32767
20758
-6669
-12999
291
8915
21137
26352
19404
-3901
-17327
3546
27998
29062
2267
-12444
1324
12729
8989
-2034
439
6130
-1462
-8294
-7778
-3373
-6965
-12659
-5652
-245
-6674
-20043
-21959
-6882
2311
-2477
-14614
-17850
-9211
-3909
-2250
-1620
861
-478
-8655
-8499
1854
11810
8276
-3159
-3123
4837
8115
1749
-1777
6058
11201
5866
-3309
-2581
6501
9254
5113
1774
3680
3999
-275
626
7769
11601
5179
-2053
514
6057
6209
3889
6282
9015
3554
-3365
254
9011
9120
943
-870
4166
2982
-2834
-4237
1715
4345
101
-4049
-6374
-4869
-4010
-2755
-897
-1862
-5405
-10988
-10218
-4223
-855
-3057
-9382
-11483
-9262
-6288
-5322
-7201
-7167
-6821
-7689
-8349
-7321
-3996
-2432
-3776
-5088
-4793
-3585
-2392
-2756
-430
619
3482
12073
12467
1143
-14693
-2816
25434
31367
11143
-13860
-8052
8982
21411
27078
17797
3932
-14860
-9163
17572
31391
18718
-10917
-13762
2966
10806
5494
-3185
2429
3194
-5922
-11089
-10032
-3182
-4435
-5956
-3150
-7502
-15485
-21223
-12271
2171
1979
-8877
-20965
-17550
-5068
252
-742
-5110
-4317
-4480
-7448
-3696
3577
9973
5971
-2114
-1281
3939
8076
5382
4569
9186
8687
3765
-389
4887
11825
9553
4441
2599
5748
5308
2017
4802
9918
9718
1196
-3723
2373
8274
7419
2770
3163
4205
206
-361
2615
5745
2773
-282
469
170
-1177
-5098
-3824
2285
4105
-2635
-11347
-9256
-2679
-138
-1815
-5929
-8755
-10177
-8615
-5402
-3751
-4020
-9058
-12314
-9011
-3545
-1920
-6299
-8527
-6820
-4165
-3759
-5460
-4331
-3527
-2756
-3683
-3138
-3051
-3650
-1706
1960
14821
15721
71
-18014
-9168
22987
32042
13171
-13026
-12036
4266
15058
24612
20996
8507
-12965
-16378
9037
28394
23142
-3919
-13952
-660
7454
5041
-2099
2053
5638
-2420
-7750
-8228
-3841
-3698
-4637
1691
1205
-8338
-19424
-16490
1820
9125
64
-15031
-17977
-7600
-1907
-348
-728
-1439
-5801
-14730
-11670
1015
10037
4543
-8644
-8485
141
5454
2199
-308
6662
9167
2162
-5784
-961
12668
14944
6506
-205
2379
6193
4112
5992
12728
14096
4181
-5642
-742
9298
12302
7715
4328
5220
936
-3978
-397
11729
15358
2694
-7096
-5914
-402
1059
3355
7215
2078
-8517
-14961
-8567
3233
6524
-1075
-11564
-13788
-9632
-5232
-1982
-2014
-5071
-10530
-13878
-11386
-6023
-2268
-3227
-7265
-9495
-9200
-6620
-5287
-3704
-1443
-850
-5448
-10470
-7524
1958
16185
14632
-1769
-20206
-10997
20396
31455
17149
-8109
-10612
661
12104
25360
24093
12020
-10978
-14582
8922
25621
20119
-3212
-7918
4343
7252
478
-6355
1964
8438
951
-7063
-10783
-6814
-4182
-2217
2597
-900
-9046
-15854
-12936
-229
5188
1524
-9485
-14422
-7108
-580
1540
-1825
-3222
-2887
-7860
-8575
-3011
5158
5367
-4363
-7781
-4244
1278
1546
-467
3755
5724
1948
-4121
-2024
8384
11257
5605
422
2339
5846
4386
5656
10599
12160
6352
343
3831
9945
9599
8019
9828
8839
-179
-5455
3242
11846
10912
2899
-3724
-4783
-3221
2699
6806
5310
-2556
-11733
-9762
-823
4280
-939
-8942
-9363
-6230
-3820
-4990
-7334
-6647
-6300
-6949
-9168
-9650
-7078
-5644
-5836
-8331
-9309
-8408
-9687
-8900
-6478
-2827
-4546
-5636
5692
9384
-2666
-20914
-8016
24500
31182
7971
-18808
-11091
10398
23671
26874
17068
4200
-13647
-11186
14628
32037
20956
-11767
-20016
-819
14160
10248
-3809
-2175
2609
-2820
-10274
-11541
-2488
256
-2243
-2820
-6071
-10898
-16068
-9457
6119
10776
-528
-18114
-17737
-8
11783
9142
-469
-3332
-3115
-6173
-3100
6623
14408
6577
-9764
-11179
2137
12700
5856
-4387
-645
6091
2378
-7479
-4104
10644
13691
1122
-9885
-4582
6146
6396
2358
3533
5910
1819
-4592
323
9861
12866
10154
2304
-822
-1999
3953
10985
11934
9031
-4366
-10324
-3893
9029
13250
1908
-6158
-10184
-5898
1711
3420
1874
-4925
-7808
-7518
-4825
929
-1202
-4458
-6241
-5528
-4034
-7699
-8061
-5559
-1387
-1894
-8393
-12757
-11307
-6584
-2734
-3168
-6976
-904
4431
22
-15203
-15402
12408
25361
14353
-12081
-16825
721
12438
23948
19911
10765
-6147
-16674
2769
23676
29104
5797
-16101
-8977
2797
9397
3632
884
3392
-4656
-9456
-9709
-3139
2011
-2863
-3243
-3920
-6408
-10413
-13647
-4293
3963
3658
-5407
-15819
-10315
-537
5262
4190
-832
-636
-5743
-7662
-1320
7825
12114
942
-7322
-4472
3799
8198
3289
3510
6484
4521
-547
-2638
5250
10949
8484
3357
-673
415
1030
3766
9368
9723
3763
-5057
-5239
1743
9664
14073
8920
-763
-7245
-3659
5730
13479
13380
1971
-9495
-9430
877
7853
6959
1800
-5695
-10676
-8610
-397
5094
2334
-4765
-9493
-8082
-4512
-2849
-1556
-286
-525
-4287
-8567
-8197
-3651
1072
610
-3474
-8876
-12170
-11043
-5832
-2215
-981
4644
2198
-13311
-28943
-12634
22616
30160
4389
-25263
-20490
1839
19262
27181
19798
4690
-15764
-14418
11792
31651
24833
-2915
-11931
-83
7458
4413
-726
6941
10451
-548
-12458
-14423
-2672
4555
3699
983
-4960
-11495
-17175
-10573
5486
11342
968
-17005
-20356
-7279
4819
6652
788
-2976
-5800
-11352
-9768
746
11754
8910
-5980
-13065
-7154
4560
8140
5061
4100
2237
-1619
-3854
3451
13645
13015
3597
-2541
1287
6282
5699
6712
11000
11024
646
-6669
-92
12094
17142
7609
-457
-2151
1570
2939
5316
13630
8261
-5620
-12541
-62
12053
5107
-4056
-7939
-3345
-1994
-4987
-2793
-1069
-1980
-8870
-9724
-1883
-1762
-7527
-11003
-4068
2456
-4273
-12121
-11767
-1915
2762
-3555
-9087
-8599
-4980
-3422
-4772
180
7872
3384
-11752
-21870
-1551
21428
18053
-5012
-20788
-7163
7321
16007
17704
12372
2643
-12868
-6812
15781
29934
19344
-6159
-10154
3211
12942
8891
-627
3063
7427
2235
-7276
-12044
-3246
4089
4587
88
-8171
-11878
-12496
-5446
3639
2979
-4776
-15106
-14956
-5418
1325
2303
-3621
-6397
-6476
-8236
-6251
-2252
3192
2120
-4845
-7960
-7436
-2064
1586
3300
5229
1909
-3343
-5775
2045
13031
11899
3663
-897
3237
7032
4782
6697
11363
12819
5454
-1283
4947
11564
11041
5984
6961
9446
3398
201
3325
9225
9674
4645
1654
-593
-170
361
1848
5018
2122
-4588
-8522
-5419
-378
-533
-2210
-5337
-8308
-8925
-7857
-5177
-4910
-5733
-6991
-9960
-11591
-10248
-6222
-4327
-8565
-10299
-7817
28
4225
-4585
-14730
-15325
4292
17590
9561
-9192
-20053
-7812
7811
19456
16447
451
-12605
-13253
7915
25999
21243
607
-12771
145
15813
15264
3615
-2411
5228
8054
3779
-566
-1446
1433
1687
3620
4073
-698
-5612
-7078
-336
6718
4717
-4601
-13262
-9315
1924
6774
1629
-8410
-11373
-7457
-2639
390
-1929
-5441
-9089
-9541
-4961
-2046
-1842
-5643
-6713
-2504
313
-1054
-4955
-2306
4881
6745
2912
-1031
1108
4846
6386
7517
7167
5053
1606
4103
9729
9250
3665
2494
8078
8387
3370
1118
4680
7571
5300
3270
2913
3731
1612
777
5698
9127
4992
-2931
-2404
3825
5979
2787
-1142
-1016
-282
-1019
-1648
-1612
-1398
-4080
-6875
-7620
-7369
-7385
-7255
-8272
-9513
-10538
-4993
2229
-3917
-17594
-24261
-4728
13450
8529
-11678
-24617
-12795
383
11269
11626
777
-12547
-19603
-2926
16042
17255
2240
-11712
-4992
5533
8596
4942
1060
4243
2779
-608
-910
911
4967
4712
5595
5748
1093
-1335
-521
7047
13700
10864
2594
-5710
-2201
7491
11341
9568
3198
188
-2347
-3632
1453
5930
5945
-3268
-10445
-6355
-585
-438
-7785
-10126
-4763
-3176
-7515
-11963
-6598
1877
525
-5897
-8287
-1972
3214
1670
278
512
2389
3258
4958
4831
1408
774
4967
8500
5377
174
-2574
-366
3140
4729
4028
506
-2734
-4880
-630
5635
5112
-185
-3076
1277
4854
4108
2594
3266
6425
6224
2993
1638
3377
5798
4239
2924
1132
-801
-2116
-2854
-396
1079
7534
6093
-6190
-20365
-18343
6792
19853
9164
-19348
-31830
-17114
2051
16261
9640
-7117
-25689
-29820
-6733
14277
15077
-6466
-22286
-14591
-3608
2787
332
-408
1988
-3948
-9083
-10525
-3460
5023
5884
5314
-593
-5826
-5477
-48
10201
14485
12333
4274
-4488
-1389
8544
16974
16098
7555
1996
-1778
188
6987
14348
16952
5720
-6615
-8075
984
9392
6113
719
-3259
-5968
-7028
-6024
470
3255
-729
-7704
-10777
-6155
-2257
-283
1904
3057
388
-5015
-6641
-758
7072
9246
3899
-1747
-1519
-1823
-363
5043
9390
4709
-7431
-10723
-6022
1090
4700
1473
-3902
-9894
-9633
-3272
5289
8470
-211
-8282
-5772
3580
8489
4745
1902
2416
3614
2267
106
2597
5835
6763
2827
5118
9994
5660
-6594
-11448
7822
23083
15945
-10763
-24449
-9171
8815
19437
10835
-4532
-19832
-25886
-7048
13809
17184
-5436
-28535
-23846
-7227
3957
-1577
-9584
-8299
-10122
-12689
-14672
-9978
-1464
-486
-813
-4842
-9997
-11377
-7489
5962
13466
8655
-2362
-8600
1003
11956
16319
13684
7573
4521
-804
419
9414
17323
15690
1495
-6051
-462
8961
10757
3452
1636
4080
2809
-2103
-2513
6941
10674
2211
-6450
-3257
5910
3807
-4048
-1939
9689
11005
-4770
-15052
-3208
13708
11765
-1602
-6743
-3463
-3044
-1852
5330
9623
2240
-10793
-14562
-6251
3207
3461
-3089
-7528
-8858
-9355
-6781
-1393
1926
-259
-3439
-4693
-4207
-2045
668
3239
4189
1589
-2832
-5140
-1745
5211
8916
14229
11535
-1892
-17027
-13805
15432
31671
19988
-11789
-26531
-11192
8367
24064
19788
4418
-16879
-27708
-7691
17277
24746
3277
-20746
-19559
-7399
2448
-1007
-4218
-672
-5313
-13188
-18845
-13149
-3087
-912
-733
-5226
-10841
-15192
-15434
-4003
8421
11584
935
-12257
-8638
4202
13359
13155
7584
5308
1750
276
3222
9558
15515
9430
-1171
-4366
2542
8884
4318
278
2282
4006
-600
-6056
-924
8843
9891
1571
-4567
-343
5300
4955
4992
7657
8035
1479
-2936
2216
7265
6997
3895
2597
-587
-5337
-1103
8005
9077
-1580
-9926
-5570
1597
968
-4687
-6060
-3048
-4236
-8022
-7366
-3437
-2252
-5474
-5802
-3540
-2513
-2505
-2511
-277
326
-2621
-3148
-2742
1529
1897
4903
12446
7449
-3368
-14881
131
21471
23012
6183
-17314
-14278
-1213
13575
19063
7748
-6521
-21426
-14759
5314
13665
6613
-11340
-13335
-5652
-3370
-5539
-10972
-3621
2219
-3200
-13499
-20489
-10824
769
6665
3989
-7850
-13803
-12378
-2627
7457
8157
3798
-5017
-6467
1046
7108
10284
9267
9936
7497
-1396
-4086
3156
15592
16819
3566
-5083
-4499
99
-165
594
8650
8443
-3345
-15555
-10645
7102
14197
6391
-5470
-6564
-423
2880
7359
12229
12240
1792
-6975
-1051
9302
12971
7361
2364
-486
-3279
-2480
1310
6724
5820
-959
-7545
-8189
-3617
-848
-574
-2167
-4205
-6048
-7570
-7720
-5604
-558
2332
-1130
-6134
-6396
-2401
1490
2271
2644
1918
-1249
-3753
-992
14584
21379
7745
-13759
-14557
12061
25818
16867
-6720
-15915
-5598
5311
15626
11510
1022
-14517
-21317
-4592
11155
10367
-9603
-20349
-8326
1110
-1356
-13120
-13584
-1772
1177
-6125
-17937
-17661
-8456
-3256
1178
730
-3731
-11809
-16083
-5046
8932
14006
3332
-10946
-7977
5004
13735
9728
4116
6898
6683
2844
1078
7394
14445
9343
1385
1001
6404
4887
-4242
-2693
8883
11383
-2410
-14384
-6949
6881
8637
358
-5081
-2383
62
-109
3327
9742
11200
3009
-4125
450
8505
10520
7264
4188
1519
-3170
-2276
3446
7067
4384
-1450
-3090
-4195
-5719
-5691
-1741
2514
-1220
-8038
-10468
-7243
-3690
-3164
-2636
-3078
-4436
-6367
-6094
-2393
1000
-1283
-3506
-335
11133
16386
4182
-9471
-9329
16163
32588
22622
-3515
-18669
-4491
12404
24082
19026
1912
-16005
-24606
-6138
15422
15871
-6042
-26126
-18266
-3564
-835
-9425
-13398
-4618
-5061
-14579
-20704
-15390
-4577
-4467
-6483
-6615
-7678
-10143
-11578
-1428
10168
9169
-2828
-12585
-3511
12601
18284
12054
2819
2544
4714
6296
10191
14705
16846
8717
-2083
-2631
6414
14389
8704
-850
-2301
688
130
-4584
-2052
5246
4515
-4822
-11981
-7566
818
4030
3409
1320
-1527
-6488
-5706
3379
11256
8842
256
-2758
-419
2515
3206
4145
5085
3086
-923
-4465
-3078
1163
4567
4211
-1162
-6801
-7835
-2271
2157
1247
-1617
-2952
-3387
-3990
-4132
-1919
-145
1107
-3004
-7852
-5891
3610
17714
14092
-2401
-18399
-7826
21401
31779
17123
-9460
-13365
299
14416
23411
16564
2114
-17750
-20717
999
17951
12245
-13982
-24076
-11181
-2254
-6075
-16099
-11066
-2396
-7499
-17394
-21974
-13207
-7161
-8577
-7654
-6079
-5812
-12650
-15293
-4298
8080
9431
-3667
-11772
-2892
9863
14526
9924
6960
7322
4742
5216
12460
20770
17741
3559
-1585
7336
16904
12393
584
271
7372
8726
271
-5107
386
5860
4362
-606
-2338
-2366
-4925
-3462
3850
8109
1325
-10424
-9457
1673
7271
1540
-4392
-1585
-966
-5351
-5955
378
3495
-3619
-9128
-6403
-2107
-3663
-7447
-4434
1334
530
-5770
-7955
-1440
3238
1640
-828
1351
3588
214
-4722
-906
7865
10731
4323
-50
10711
13126
2345
-12345
-977
25650
28775
7826
-18400
-13584
7636
22100
23599
9279
-4791
-18672
-15624
7015
20641
11582
-16558
-26312
-11069
1570
386
-12514
-13199
-7544
-10478
-16393
-19704
-10760
-4903
-7722
-9800
-12149
-10967
-11644
-8281
2212
5201
-792
-12617
-11840
3224
12834
11894
2865
-1383
-286
1401
9047
15956
16626
6956
-4785
-1601
10262
17554
11084
888
2258
6323
5056
-304
2494
12184
11333
934
-6219
-822
8413
8535
6166
4939
4413
-559
-4910
3699
13653
9944
-5993
-11391
850
8609
3312
-6209
-6817
-2893
-3272
-5729
-7461
-5522
-4668
-7451
-9442
-9884
-8413
-7806
-6487
-5629
-6963
-7391
-6159
-3663
-342
-1542
-3212
-4500
-753
5903
8848
16900
12120
156
-10964
-373
26262
31749
15796
-11762
-14302
4640
21616
27221
12454
-2192
-14614
-13960
4294
16281
12749
-9165
-21373
-13369
-4518
-645
-6860
-7906
-6153
-11259
-15912
-17653
-8696
-2133
-5919
-9169
-11657
-9867
-8504
-6357
1950
4935
3132
-5004
-9225
-1542
6884
12804
10651
5498
1273
-3613
937
10232
17494
14998
827
-7015
-3705
7827
12568
5320
114
-1265
-957
-3589
-3968
3940
8367
3980
-5881
-8087
1464
7220
5836
2618
4609
3893
-2717
-2518
6673
13822
9567
555
-4214
-2344
3447
8932
8498
2275
-4601
-7719
-3566
1783
3613
733
-4045
-7587
-9741
-5452
707
626
-4955
-9920
-8792
-6259
-3955
-2555
-2379
-4979
-7677
-5841
4378
13790
5131
-10292
-15655
5076
23474
20720
3221
-11945
-4664
7374
20112
21054
9313
-4802
-14915
-3342
13091
15556
1891
-14768
-12534
-5061
-2329
-6139
-11100
-7111
-6708
-9798
-14776
-16153
-10072
-7231
-4944
-5111
-8191
-10781
-12269
-5453
3691
6297
1800
-5923
-3083
5982
10232
8189
4794
8777
10392
5634
2528
6249
16329
17939
9805
2539
1948
6855
7179
6610
7393
4387
-2609
-7998
-2366
6094
5655
-2476
-8129
-3697
1303
-301
-3570
-105
4828
930
-6050
-5493
769
2715
1123
-177
-1341
-3534
-4082
-875
1819
1493
-2746
-5787
-4171
-1717
-932
-1241
1
-106
-2325
-2371
-817
1484
911
-1453
-2332
565
2659
930
-2233
63
4451
8471
12418
5518
-3904
-10143
2663
17326
17198
5588
-11083
-11239
-2064
13494
20523
8624
-7914
-18952
-8373
8804
10903
821
-11244
-8760
-5173
-7437
-7522
-6228
-1608
-5078
-11313
-14684
-16628
-12322
-7633
-1005
-246
-9969
-17897
-16667
-4319
5939
5477
-843
-9222
-10029
-2061
8085
13946
9825
2830
-1560
-716
6718
12642
15496
12851
7071
4611
4573
9343
12077
12547
12002
7006
768
-3276
1929
10085
10770
3655
-4083
-3537
730
2720
3199
5789
5739
-2535
-8623
-4609
3065
3975
2018
41
-5644
-12128
-10134
1167
7391
541
-11916
-16475
-9781
-3316
-1822
-973
-660
-5769
-13364
-10416
888
8500
5087
-3760
-7995
-4473
1418
5981
5104
4194
3395
5328
12209
7841
1615
-2192
11229
22819
15264
760
-12358
-4235
8404
18746
18776
1987
-14014
-21971
-6552
15314
15317
-3597
-25550
-23098
-8158
923
1689
-8035
-13005
-16437
-14490
-8137
-5583
-3641
-8459
-10425
-7469
-5632
-4124
-4846
-837
4109
3338
-926
-6906
-3605
5572
10023
7835
3350
4118
2867
-2141
-380
8335
15402
9003
-3990
-5157
5405
15541
11407
1910
1527
5394
5822
1335
2732
8455
7671
549
-3751
2130
8369
4420
-684
2811
9306
5336
-4124
-4388
3560
8973
5689
-2686
-8410
-7018
-1167
1527
-826
-4425
-7575
-10380
-11129
-8746
-3963
-1451
-5292
-11214
-10665
-3566
714
-1651
-2188
-302
674
-2827
-2316
4762
8277
7127
3317
13604
19362
8931
-7536
-5083
22252
32463
17719
-8886
-16482
-830
13471
22131
13952
-1448
-17255
-22625
-4568
12208
11897
-9118
-26385
-21074
-11788
-5917
-8077
-9098
-8682
-16318
-21424
-20262
-9497
-451
-4729
-9988
-11823
-8098
-5457
-4999
3440
9989
10381
1850
-5713
841
11281
17376
12978
7097
7229
4703
2779
4985
12641
16763
6863
-3654
-4372
4927
11150
5779
1723
2187
2755
-801
-3322
3288
8263
5015
-2355
-4498
1710
4899
3918
3520
4346
3492
-318
389
3350
2788
2341
2596
946
-4678
-7088
-617
3489
-194
-8975
-12011
-7090
-5187
-7065
-9148
-6424
-6087
-11190
-11322
-5418
386
-2395
-7549
-5823
823
3180
155
-2044
3552
9736
12797
15547
9960
3867
-505
12798
28031
26500
12383
-5331
-3632
6108
17819
21825
10675
-4690
-18624
-12574
5237
11245
699
-18259
-21196
-14517
-11365
-11410
-14540
-11958
-13749
-19764
-23025
-21533
-12144
-7949
-8870
-10840
-13315
-12142
-11147
-5126
4289
8672
6812
-1891
-3529
4529
13313
17437
14788
13408
10691
4794
3832
10345
20844
20489
7479
-1854
-191
8256
9841
7001
8168
6748
-951
-9982
-5822
8076
12100
2251
-8552
-6290
1747
2504
1173
3614
6211
1965
-3443
-1067
3779
5457
4310
1657
-1125
-4077
-3263
-531
383
-1134
-4331
-5842
-8182
-10693
-9636
-4341
-856
-6015
-12805
-13889
-7875
-2508
-1870
-3645
-4864
-5975
-6111
-3351
2724
7561
8989
13041
9810
2724
-3775
7751
27456
30653
16671
-5098
-6723
5975
21802
28803
17169
-665
-17715
-14428
5560
17154
9774
-12970
-21960
-16295
-10507
-8536
-11881
-9453
-11491
-19807
-25925
-26042
-15218
-8419
-8343
-11910
-17858
-18306
-16413
-8208
2811
6220
3572
-5406
-6320
2169
11123
17289
15181
13373
9595
5476
7319
12424
20536
20085
12197
5356
3042
7036
8695
10424
13261
11319
3072
-7937
-6076
6285
12627
5440
-6341
-6719
-1399
141
372
2783
3778
-2124
-7017
-3229
2203
3450
605
-1274
-1693
-4339
-4908
-3016
975
447
-5181
-7905
-7130
-5469
-6588
-6459
-3107
-1757
-4577
-10299
-10108
-2785
2695
-331
-5360
-4749
-127
801
-732
1409
7041
17511
15883
3955
-7540
527
23807
32053
21431
-1471
-9369
200
14544
26060
20371
5512
-14239
-20563
-3536
13333
14023
-6671
-22133
-20344
-13688
-7263
-9283
-9785
-10959
-16526
-20736
-24356
-19615
-12641
-7506
-5090
-12401
-20639
-22661
-13356
1612
6456
3544
-5789
-10271
-3707
6175
15307
16263
14210
10184
3585
3969
10050
20043
22997
14681
6757
3536
8020
10341
10197
13400
13815
9332
-872
-4169
3943
12133
12512
2814
-3645
-2627
150
4208
5612
5441
240
-5133
-4557
-2340
1022
1263
-272
-4452
-9097
-8345
-4637
-1826
-4901
-9195
-8680
-6947
-8871
-12514
-10501
-4112
-2316
-6688
-11454
-10100
-3865
995
528
-2681
-5188
-2939
-49
3460
6801
10835
16361
9821
1442
-1852
13440
29621
27091
13084
-2529
231
9811
21257
25859
15301
-1040
-15468
-8611
9652
14584
1461
-17492
-17866
-11099
-11284
-14897
-15985
-9584
-11370
-19274
-24485
-23659
-16020
-12222
-9223
-8353
-13208
-18664
-20532
-10444
2748
6369
1210
-8668
-8922
-1021
8067
12934
10530
9527
7506
5527
6826
10417
16502
15628
10566
7866
7797
9640
6934
7245
11994
13511
7675
-2002
-810
7658
11296
7790
1823
1478
792
925
5555
8478
7680
-112
-3434
-822
3841
6644
2437
-1512
-7109
-9971
-7136
-641
2351
-6628
-15073
-14803
-9340
-6294
-8162
-8485
-8944
-9411
-9760
-9011
-5086
-3605
-2805
-2025
-1156
-2623
-4763
-1689
5736
10418
13793
14199
6354
-1292
-190
18925
31613
26713
8349
-6838
-1694
10298
25454
26877
13925
-6390
-21075
-8859
11596
17834
1376
-18821
-20330
-15524
-11986
-12716
-11787
-7780
-13239
-22413
-28806
-24658
-13966
-8780
-5881
-8482
-15772
-21694
-19676
-4545
7981
8906
101
-9331
-6506
1914
10256
13975
14047
13187
5856
1357
4926
14276
20996
14928
6163
2876
7666
11637
7099
6016
10461
13520
6222
-3857
-1335
7702
12178
7327
1410
1019
-234
357
5211
10611
9530
180
-4253
-3188
2061
7223
7314
1943
-9052
-13146
-7702
785
2248
-7319
-15274
-15945
-11722
-9300
-10604
-10400
-11526
-12098
-11255
-9240
-7213
-6731
-4672
-715
966
-919
-3975
-2581
6436
14547
22226
17123
3082
-4611
3299
25448
32333
21722
2722
-5632
1706
12196
25164
24727
10390
-11236
-20824
-3412
14928
14523
-5244
-19090
-15190
-12397
-13590
-15076
-9296
-5586
-14696
-24049
-26171
-18419
-12376
-12264
-9048
-7599
-11336
-19425
-19634
-4177
9072
8951
-3183
-10171
-2473
6660
10372
9605
12067
13795
6162
461
5345
18227
22539
11058
1361
2544
10491
11798
5958
6443
10233
8764
18
-3688
4789
10987
7701
-137
-1050
4025
3306
2080
3690
7105
5065
-1943
-1983
1440
4396
3658
2039
353
-5258
-7952
-5385
218
678
-6206
-11170
-12014
-10432
-9180
-7713
-6019
-9338
-14140
-14550
-8562
-2956
-3933
-6973
-6313
-3417
-2447
-4346
-1405
6639
13135
15846
7283
-697
-1984
12316
28907
28480
16030
-510
-1907
6245
18717
28204
22114
5437
-14438
-14807
4360
17748
12182
-8056
-17114
-14678
-13073
-12671
-12035
-5552
-6614
-17214
-26869
-27955
-17447
-9982
-7633
-8494
-13580
-19416
-22556
-13106
3521
10180
3176
-10535
-12211
-1152
9585
13325
10469
10616
8747
3139
1954
8913
20443
20858
10679
2088
2130
8864
10768
10054
10205
9432
4650
-2213
-480
6932
10343
6116
279
-299
375
883
4106
7866
7664
1140
-2862
-1453
1454
4109
5275
4974
-2030
-10177
-9989
-1717
4652
-431
-8843
-12165
-10688
-9051
-8309
-5387
-5173
-9984
-14878
-13382
-5802
-1520
-3361
-6512
-5779
-4026
-2771
-2506
1565
7087
12840
15918
7088
-1700
-2821
14993
30839
28206
13077
-3681
-2180
7246
21025
27917
18913
1107
-17936
-14216
5440
17308
9166
-12514
-20130
-16918
-12110
-10414
-11742
-8737
-11353
-17779
-23991
-24964
-17189
-11603
-8065
-8681
-13795
-18035
-19440
-10798
1538
8027
5563
-5254
-9077
-2603
7987
15070
14610
13719
8557
2542
3082
10858
21643
20710
10923
2596
2284
8955
10817
10841
9923
6986
2067
-2376
1933
7418
7693
3331
-305
1118
539
149
2949
6434
6086
-194
-2653
-917
1391
3377
3894
3262
-3357
-10005
-9089
-1999
3131
-2032
-9349
-12245
-11345
-9058
-7062
-4116
-6013
-11706
-14953
-11895
-4969
-1664
-2768
-4195
-5123
-5190
-4790
-1085
6446
11441
15998
11647
2008
-3762
4996
25699
32456
22674
3537
-4421
3836
16379
27799
24285
10479
-7744
-14633
-1000
12775
13067
-2747
-14137
-13806
-14573
-16233
-16217
-8346
-4661
-14364
-25974
-30374
-22504
-13962
-10099
-8063
-11970
-19500
-25434
-19346
-2770
6729
4372
-5389
-9496
-4516
1972
8362
12022
15242
13395
4696
725
6504
18919
22955
15245
7862
6202
9678
9702
8905
12694
14571
9248
-1163
-2196
6859
11744
8369
1687
590
1435
-276
583
4389
8743
4654
-3572
-5588
-2022
3591
4805
4316
147
-8408
-12039
-7221
1674
1835
-6552
-12593
-12820
-9550
-8872
-7593
-4700
-6212
-11743
-15761
-10718
-2791
-1406
-3786
-5918
-4023
-3716
-4970
-490
7654
18571
16632
3351
-6110
-258
21594
31076
24882
8791
-1268
2652
10188
23215
26393
17079
-1724
-14978
-4960
10134
14445
1181
-11436
-10595
-10664
-13981
-18087
-12240
-3791
-8683
-19702
-27697
-24230
-17181
-13542
-8148
-7214
-12760
-23008
-25605
-11309
4284
8522
-1665
-11277
-7897
-96
6232
8162
11166
14286
9203
2569
1306
10554
20733
19187
11481
4251
5011
8439
10296
13813
14351
10818
1620
-2786
3373
10764
12231
6149
1364
-398
-948
2179
6284
8234
5186
-230
-2776
-4100
-1304
4302
8198
5441
-6411
-14523
-11555
-484
5032
-1977
-10268
-14724
-14036
-11720
-7339
-2063
-3986
-11453
-18802
-16232
-5571
1313
506
-6260
-7838
-5789
-4110
-951
5360
18535
19662
4954
-9468
-3006
22192
32767
23677
6196
-98
4938
10232
19728
24457
20060
2603
-12893
-7119
7716
14538
2681
-9470
-9692
-9597
-13722
-19106
-12804
-3905
-7615
-19244
-27595
-23319
-16550
-13871
-10826
-8744
-10528
-19280
-23870
-14185
1190
8392
693
-8792
-8113
-820
5582
8049
11090
13056
8468
2644
3065
11541
18694
16717
11992
8161
6373
4762
6672
14883
18197
11010
-1219
-3694
5069
11238
9870
5400
4112
1228
-3572
-1189
7709
12059
4405
-4204
-3663
323
776
-505
2955
5937
-198
-10850
-13267
-4176
2700
-1300
-9316
-11856
-10427
-10812
-11016
-7289
-2857
-5508
-13770
-17865
-11388
-996
2501
-2804
-8523
-7576
-3794
-366
3359
12950
17910
7553
-7042
-5292
18173
32605
24207
5186
-1678
7066
14329
19698
20294
16410
4704
-6759
-2579
8528
12428
1520
-8881
-7173
-5209
-9698
-16990
-14326
-5828
-6698
-15765
-24290
-22689
-16976
-14299
-11425
-9795
-11667
-18611
-21964
-13936
-2150
3329
-1743
-8357
-7259
-1108
3795
4650
6687
10240
9247
4785
2943
8283
15192
15925
13052
10289
8370
5307
4640
11898
19390
16002
2850
-4322
2002
10926
12197
8239
5249
1697
-2843
-1704
6425
11607
7164
-1432
-3846
-854
618
51
1178
4172
1102
-7710
-12640
-8355
-879
-139
-5315
-11248
-13700
-12833
-9990
-6255
-4015
-6032
-11782
-15854
-13505
-5722
1553
1983
-3811
-8696
-7588
-1373
5128
14286
16913
7457
-5835
-4226
16621
30143
25045
7749
9
5449
12520
19290
20380
16988
4636
-6239
-2118
7936
11182
645
-7292
-5597
-5176
-10403
-17493
-13912
-6014
-6042
-14434
-23698
-23360
-18183
-13167
-9031
-8686
-12406
-19886
-21994
-13480
-1623
4254
-1469
-9507
-9783
-2591
5203
7304
7318
7232
5392
3574
4240
9703
14484
13518
10468
8775
9430
7433
5471
9934
16283
15803
5664
-1382
1564
8341
11480
10265
8209
2701
-3214
-1435
7702
12941
7030
-1223
-2599
311
1546
346
1367
2561
-663
-6792
-9995
-6690
-3367
-3762
-6691
-9691
-11954
-13659
-11549
-7305
-4924
-6447
-11091
-13747
-13012
-7742
-1300
1282
-1605
-7002
-7518
-3338
2691
8315
15197
15536
4522
-6013
48
21047
31734
23445
6674
-227
3944
10888
20680
25330
19401
405
-13603
-6007
10082
15389
2665
-9156
-10843
-11053
-13342
-15267
-8889
-3694
-9333
-20460
-26946
-21553
-13942
-10515
-9533
-11259
-14392
-19687
-20315
-11091
792
6093
-1610
-10915
-10119
-1595
6565
8309
10007
10044
4363
-787
1205
12746
20110
15870
8097
4488
6860
7244
8391
14208
17863
12215
-633
-3724
4963
13288
13365
6990
4212
1966
-1058
1061
8243
12693
6035
-1113
-1494
-123
-67
375
5021
4474
-3813
-11536
-11366
-4039
-763
-3975
-8851
-12102
-14311
-15244
-10028
-3621
-4187
-10576
-15821
-14455
-9206
-3560
55
-1002
-3778
-6679
-5351
-712
4165
7794
9260
14749
12717
3950
-2448
6510
25383
30569
20114
1395
-5124
2610
15704
27342
24154
8558
-12438
-17952
-785
16385
15678
-3993
-18517
-19147
-13562
-7711
-7558
-6968
-10218
-17880
-23296
-22047
-13213
-9293
-10637
-11565
-12227
-14216
-17835
-13845
-1891
6308
3694
-7374
-10978
-3646
5263
9483
9786
10794
7203
230
-29
8612
18766
18357
9583
3699
3912
7731
9342
11565
14182
10646
2552
-2353
3217
10889
11243
6421
1930
2399
3429
2147
2944
6475
8829
3725
-1730
-1292
-196
-56
1270
4678
1176
-9028
-13746
-8586
30
754
-6067
-13556
-16141
-13963
-9800
-4613
-2882
-8883
-16570
-16275
-7380
392
223
-4194
-6207
-4169
-805
1061
3466
6555
6344
4766
6454
16752
19940
10374
130
5250
23358
27688
15356
-578
-1442
8832
14726
16968
12287
2619
-11127
-14797
49
11806
4414
-17362
-25073
-13263
-3989
-7692
-18017
-17891
-12561
-13265
-17215
-18167
-13399
-12492
-14735
-12322
-7442
-5795
-10895
-12189
-3055
5767
5751
-3044
-5481
2338
9663
11411
9356
10697
10115
5238
4788
11184
18983
15541
5565
3407
9347
14161
8889
4174
7165
10192
6785
200
2111
7138
6433
1825
410
3643
3331
140
54
4038
5434
824
-3250
-1344
1352
221
-2678
-2930
-2654
-5801
-7502
-5575
-3319
-6261
-11435
-11306
-7931
-6761
-10018
-12399
-9881
-6493
-5041
-6515
-7163
-5235
-2533
-505
-722
60
1715
3720
5359
5432
6722
6858
7430
8839
15844
22775
14906
-29
-5407
12554
29481
25217
5543
-9493
-5740
2963
13052
16241
8640
-9533
-25691
-17801
1839
9349
-5490
-22024
-20679
-13332
-10921
-14774
-13966
-8919
-10497
-15382
-18157
-14814
-11408
-10912
-5977
-499
-411
-8000
-12617
-5041
5766
10934
6608
1012
1275
4249
8381
12186
15854
14482
5663
942
6496
16613
18094
9291
4064
6161
9546
7011
3440
6915
10191
6322
-1669
-2052
4198
5124
1238
-343
3511
2501
-4262
-4511
3645
8969
973
-7636
-5801
634
1156
-3677
-3081
-437
-2829
-9703
-10527
-2926
648
-5417
-13583
-12542
-5838
-3548
-6244
-8130
-5657
-3692
-4443
-4805
-2391
689
943
606
2762
5803
6053
3794
5008
9396
11457
8712
4690
6873
10050
15220
16059
8958
-1173
-5625
7306
17137
14373
-848
-12881
-10779
-4839
5164
6424
-928
-15265
-25492
-16119
-1716
4063
-7810
-20575
-18467
-11780
-6619
-9351
-10236
-7224
-7264
-7228
-9029
-7626
-6427
-6053
6
4767
4789
-2494
-7198
269
9573
14052
8968
3231
3530
5324
9217
11247
13074
11450
5155
3761
6575
11409
10786
5874
5538
6549
6414
1442
-1447
2632
5417
4014
-1192
-2738
-1366
-2001
-715
1568
2696
-1658
-7675
-5285
342
2828
-215
-2629
-1355
-5161
-7104
-3166
4978
4789
-7290
-13435
-8713
1707
2970
-4135
-7167
-5030
-1236
-3371
-5068
-1843
1860
3709
491
-1180
-567
1263
4675
7219
10054
7560
2159
468
5462
12636
12906
6496
443
-1095
924
2480
3919
10662
8973
-4079
-19458
-15018
5879
13638
2622
-16772
-21088
-14704
-6676
2532
4176
-3030
-20441
-26616
-10922
5848
6597
-8275
-12754
-5741
-2775
-4695
-6059
2233
5899
594
-4449
-4829
341
636
1653
7744
11234
6661
-4803
-6743
3418
13326
15362
8153
2563
-121
-679
4556
13163
20179
12957
-2348
-7468
882
12361
11710
5243
1990
-313
-4038
-7487
-1375
7371
6038
-4038
-11214
-7183
-2640
-2993
-3240
-696
325
-6221
-12127
-7747
3066
7405
95
-7482
-6755
-3026
381
2951
4833
968
-5733
-5038
1551
7214
4314
-740
-202
3281
4090
-129
-814
3410
7017
6813
3121
1518
2168
4607
6058
5328
5760
5414
3281
-659
-2013
1253
3804
1894
-3818
-8267
-7199
-6342
-5786
-5743
-2568
2896
-4943
-16982
-23304
-7962
9988
7945
-7423
-22642
-18251
-8482
4041
13532
9590
-5624
-23375
-15836
8755
22338
12518
-6513
-7068
1080
4727
3196
4275
11619
8093
-1651
-5833
-267
6944
4320
3453
5769
4542
-3549
-10857
-2470
11626
15646
5932
-5801
-4491
1855
5864
7944
9671
8519
-2436
-9923
-4107
7391
10524
-78
-7501
-6828
-3822
-4237
-5823
-1570
-148
-4594
-10175
-9376
-3149
-1576
-2413
-2727
-1976
-2303
-4879
-3040
1999
5979
6450
2544
1136
-407
1220
6821
11832
12345
3996
-760
267
6143
11773
11331
8197
552
-3346
-1377
5470
11447
7171
-1040
-7052
-5028
267
2455
2727
-1441
-5843
-8946
-8192
-3458
-1130
-1961
-6870
-9996
-8825
-7066
-5052
-4355
-4765
-6730
-11169
-10831
-7487
1358
7560
-124
-11755
-17768
-3250
10370
11532
2843
-7874
-7159
-4105
7922
17452
15899
3317
-10194
-1731
13351
17564
6535
-2190
5303
9390
5739
-2127
-2531
4473
4864
3370
-677
-3317
-6052
-7543
1342
8212
5362
-5384
-10486
-3070
3253
4602
947
-2536
-2991
-4559
-3439
-1287
1525
1084
-5253
-7810
-5893
-1944
-1331
-4030
-3363
-3790
-5290
-7689
-6280
-134
1546
37
-2553
-1616
109
202
3858
6982
7880
5200
3137
4631
5791
7782
9810
12033
10978
4615
1726
5909
12643
13198
7410
2980
310
-113
1685
4545
5433
-33
-6119
-9074
-6943
-3517
-3301
-3668
-6078
-8895
-11519
-10303
-5462
-2739
-2895
-5472
-7298
-7759
-6689
-2699
950
1360
-1734
-5225
-4235
-2132
-659
-246
-297
-319
-3686
-5720
-5118
-2210
5988
10598
4585
-9318
-13209
3272
16983
16491
2684
-5684
-4885
-1863
10346
19887
19655
316
-16537
-6908
13907
22810
7190
-5509
-3221
1302
1224
-2307
2965
6302
37
-6536
-7338
-3183
-6026
-8638
-244
7233
1479
-15776
-20347
-6574
5923
6135
-4090
-9518
-10129
-9737
-4589
3174
9635
3026
-9998
-13104
-5008
6733
8497
4594
222
-3452
-3150
-10
7264
10385
7455
3643
1315
2229
2833
6827
12670
11955
4648
-3422
-1940
5274
9838
9385
4156
-537
-3924
-2471
2699
5775
5179
-804
-6268
-8560
-6334
-1185
1270
121
-4728
-8503
-8407
-5772
-1778
499
946
-1627
-5692
-6286
-2821
3370
5838
3419
-484
-2469
-624
1501
2939
3051
2142
1268
-718
-2049
-1200
2171
4496
1679
-2482
-5263
-4796
-2467
-800
-422
-2415
-4612
-6836
-1672
6138
3636
-8484
-14006
270
12442
9119
-3188
-7246
-1913
615
6727
12847
12482
-1871
-14057
-3925
12778
14151
-2884
-10284
68
6447
1262
-5850
-349
5801
122
-5468
-2942
2934
-2117
-8895
-1963
7245
4267
-9973
-13113
-1226
7006
4120
-3550
-3835
-1885
-3482
-2492
3672
9467
3406
-7258
-6764
2245
7879
3366
-1557
-261
245
-1668
-2731
1978
5610
1210
-3952
-3691
1468
1971
-1083
-659
567
-175
-3491
-3169
37
309
-1297
-2210
183
1415
-1320
-1424
2796
6888
4456
-788
706
5752
9101
5871
1919
3478
6066
7210
4128
4050
5935
5014
2882
1080
4671
6203
3048
-1545
-2527
2032
2527
-697
-3265
-2492
-1638
-5487
-6722
-3341
-104
-3045
-10063
-9846
-5298
-3591
-7362
-10142
-7244
-6397
-9678
-11125
-7999
-3803
-6384
-9616
-9117
-5108
3895
3824
-3770
-13365
-6789
10687
15360
7534
-5015
-3881
2601
8832
16661
17549
11094
-4470
-6004
11603
24644
18620
461
-992
8105
10206
5384
1674
7194
6289
-576
-2449
295
1043
-7391
-8179
1091
4345
-4435
-15910
-12744
-3040
-398
-3630
-8042
-7722
-10398
-12847
-7615
156
1643
-8760
-13600
-6862
209
-68
-5166
-2670
941
-1517
-5050
-2991
4616
5156
334
-827
1836
3465
823
2191
6133
5667
2158
537
5203
8835
8808
8049
7523
8065
7354
8293
10976
12874
10891
6775
5325
6649
7610
8938
9826
6264
441
-2373
917
3496
2015
-1582
-4789
-5570
-6791
-6241
-3818
-2134
-4757
-10483
-10865
-7239
-5042
-6355
-9134
-9283
-8615
-8119
-8579
-8740
-8231
-9015
-8698
-7517
-7095
-8327
-8887
-5874
-3614
-2536
-3040
-4101
-3815
-2257
674
2558
1958
2098
1695
3935
13217
15380
7461
-4839
1574
18682
22332
12167
-683
2266
5608
7857
13454
17952
14702
-4940
-10880
4853
20538
15052
-5255
-6367
1773
3228
-3105
-5169
4721
1945
-9722
-16062
-9284
-1260
-9182
-12879
-7538
-2700
-10210
-21242
-14523
-2352
1892
-5810
-12296
-7941
-5546
-5085
-3050
4616
7864
-2804
-10058
-5447
6406
10918
5354
1948
608
1261
1685
4976
11208
9953
4381
264
3444
8733
9275
10165
8696
6391
3828
3990
8152
8670
7442
4146
2520
3517
2908
2594
1268
2218
3719
2728
-655
-4998
-2885
1876
2390
-519
-3615
-3592
-4139
-3553
-1085
-405
-2584
-7440
-7721
-3691
-1047
-3251
-8010
-7597
-5025
-4280
-5552
-6723
-5467
-5500
-6103
-6053
-4875
-3498
-3609
-2697
-1959
-2142
-3535
-4257
-1922
1088
2939
792
-3187
-4045
-1235
3969
5423
2284
-2029
-3674
-1348
2687
4591
3163
-746
-2064
5152
10496
6580
-4385
-3147
10373
15714
8379
-2707
-1019
3306
5133
9314
13707
12027
-3669
-11154
362
15990
15434
-1137
-6121
-321
3847
1049
-1880
2825
1396
-4348
-7498
-5355
-3223
-8056
-7491
-1611
-502
-9191
-17275
-10900
-1635
112
-5603
-8944
-5936
-6266
-6160
-2653
3974
5645
-2614
-7164
-3537
4156
7804
5729
3584
449
-659
1520
6217
9163
5683
2269
1421
3356
5015
5182
6840
5191
1816
98
2096
5351
4604
4208
3882
2543
459
-469
3017
5027
4645
2541
1027
2806
2092
2389
3756
4315
1820
-2441
-1663
-1960
-2632
-2371
-1514
-2241
-7563
-10151
-9629
-5138
-2642
-6283
-9442
-10678
-9072
-8482
-6398
-2388
-2510
-5845
-9809
-7561
-1570
1187
495
-1610
-1097
-1642
-2693
-161
4333
7182
3958
-522
-1255
1398
4868
5955
6636
4882
626
-2275
-798
4183
6365
4172
-692
-4518
-5233
-2125
945
4520
7502
3465
-6467
-12558
-1169
13116
15410
5723
-2432
-869
1708
8598
16048
19041
9552
-5310
-3547
10577
19087
8711
-3762
-1576
3191
1168
-6472
-6100
-1389
-4020
-8747
-11047
-9448
-13813
-19213
-13661
-4586
-3125
-12737
-17071
-11386
-5375
-2507
-2359
416
-24
-4047
-3683
3386
12274
10662
3404
1610
5594
8707
6379
6668
10147
9429
3075
-2743
792
7001
7634
4066
591
-258
-2943
-3491
522
4850
4908
-1425
-5995
-5450
-435
4096
3482
837
-1725
-1717
34
1238
2826
2741
2934
2447
-1029
-3384
-2723
3226
5692
3383
-1270
-6778
-6455
-2673
3511
3912
-340
-4795
-7863
-3810
1089
3406
276
-3806
-3735
-3210
-1374
-1361
-256
1593
-63
-2903
-5153
-2083
1832
2239
-387
-4171
-3303
-1350
-1752
-2968
-1531
1978
-836
-7123
-8151
-2334
2797
-64
-4481
-5318
-4319
-3986
-3093
757
2074
-1907
-5981
-5624
-386
2827
2625
631
325
5805
8132
4451
-257
5639
17266
17491
8922
2039
5722
10792
12988
16460
16915
10104
-3382
-4761
9359
18661
9772
-6645
-8464
-1816
-1253
-5798
-6131
-2283
-7332
-15724
-14470
-6398
-5308
-14806
-17705
-9178
-2557
-6545
-13819
-12035
-5302
-1515
-2094
-3078
-2175
-3646
-4045
262
6436
6778
-438
-3928
60
5735
6775
3900
2159
1859
2595
4110
5616
5478
3010
1756
3008
4193
3602
2607
3167
3150
2121
2851
5353
6419
3362
207
2063
6557
8197
4848
1431
1197
2355
3126
3443
3405
711
-1307
372
2612
1167
-2266
-3259
-2567
-1193
-1454
-3332
-5209
-5227
-4613
-5597
-5733
-5746
-6230
-7498
-7740
-6131
-5081
-4368
-5288
-5801
-5115
-3662
-1344
-1278
-1943
-2319
-834
291
-1208
-1295
-51
1836
954
-1701
-2766
-1840
1435
2417
1020
-1816
-3141
-857
2004
3871
2985
1930
994
-2
672
3050
5657
5499
2395
726
1962
4512
4922
3989
5521
7540
10760
9711
3644
-2375
1023
13148
16034
8352
-1255
-2842
-573
2029
8571
10433
2719
-11206
-13645
-1585
6170
853
-10089
-10654
-5994
-6106
-8508
-8670
-4647
-4671
-7003
-7749
-7729
-7276
-7206
-2610
909
-942
-4175
-4453
-299
1749
2731
3610
2369
-308
-2599
826
5594
5627
1630
-1969
-1025
-103
52
1348
2808
2811
-1025
-3352
-1295
2959
5208
2640
943
1646
3684
4693
4685
6063
5943
4491
2783
2692
4495
4943
4236
2567
1943
2466
1534
932
421
1136
1603
-68
-1949
-2523
640
895
-3648
-6243
-3476
9
-3449
-7355
-6035
-2217
-1996
-6096
-6313
-3520
-2571
-5749
-7343
-3329
-1046
-3054
-6401
-5295
-1887
-1287
-2174
-2571
-892
-322
-1155
-1421
-586
984
1284
999
553
753
2277
3551
3554
2265
2233
3594
3831
3049
2919
4455
4436
2401
1436
3407
5443
3600
490
270
2979
3657
1262
42
621
501
-555
-656
1489
332
-2212
-4615
23
8692
6047
-5226
-13250
-962
9838
8149
1738
-2735
-5165
-12665
-4242
11235
14096
-4000
-20697
-10339
4010
5855
-3121
-3979
302
-6310
-9762
-3790
6926
4058
-7109
-4579
4503
6992
-3819
-6267
6078
13012
8060
-1772
133
5235
5444
4902
5529
8164
3439
-2543
-2348
3247
7600
2576
-3474
-5630
-3599
-1441
-2274
-2428
-3329
-4682
-6399
-6504
-3617
-2607
-3280
-3916
-3073
-1910
-2652
-1833
-336
1376
1455
13
-328
230
2158
1909
1098
1765
3461
3111
-341
-1409
1324
4335
2904
-610
-1969
-1732
-1727
-1327
1480
2198
-1777
-5899
-4335
174
550
-1301
-1324
635
-94
-1931
-65
3416
4433
2146
2505
4884
4833
3503
4308
7468
7126
4244
3218
4654
5484
2865
821
1110
2332
655
-3817
-5806
-4616
-2770
-4239
-7482
-9394
-9746
-9119
-8703
-7785
-7741
-9429
-10925
-10773
-8213
-5278
-4045
-4845
-6621
-5392
-2498
-650
-537
-124
2251
3457
3734
4282
5677
7231
8800
11565
12645
9324
6365
8281
14357
15795
11340
7723
6805
7060
5465
7232
10372
8912
1862
-4531
-2011
3904
6106
1710
-3656
-4432
-3812
-3041
-2505
-1278
-1292
-3910
-5039
-4055
-2201
-2864
-4173
-3010
-2036
-2866
-5586
-5416
-3554
-4256
-6166
-6266
-3219
-2814
-6280
-8773
-6988
-3579
-4320
-6684
-6448
-3848
-3296
-5747
-5831
-3235
-1037
-1714
-2678
-1429
-626
-624
174
3483
5115
2966
1018
2352
6038
7103
6388
6657
8294
8188
5315
4925
8018
10335
8094
4865
4945
6146
5253
2864
3257
5113
3423
-1438
-3696
-895
1311
-509
-3403
-3623
-2794
-4018
-5424
-3866
-1117
-2562
-6780
-7331
-2947
254
-1440
-4142
-4558
-3715
-3522
-2894
-1156
-582
-2286
-3927
-3050
-1038
-751
-1817
-2335
-1733
-975
-1633
-2715
-2872
-1231
95
-1146
-3478
-4755
-3029
-1099
-754
-1927
-2204
-1310
-1723
-2067
-310
3647
4650
2139
444
2828
6559
7595
6959
6942
7271
6443
6275
8147
9998
8661
6671
6582
7931
7773
6357
5977
6067
5981
4270
2461
1279
1306
1987
1346
-532
-3301
-4689
-3715
-2049
-1604
-3839
-6032
-6934
-6634
-5191
-3854
-2762
-4332
-6589
-7667
-6790
-4430
-3462
-4037
-7039
-8711
-7498
-5319
-4484
-5577
-5389
-5326
-5941
-6563
-5602
-3304
-2448
-2712
-3807
-3772
-2132
-253
1157
2038
3316
3028
1637
2106
5334
8591
8528
6993
5815
6258
7134
8109
9426
9621
7789
4113
3115
5259
7714
7014
3811
1203
-284
52
697
1510
1179
-703
-3012
-4536
-3465
-1877
-1003
-1561
-2664
-3276
-4118
-4449
-4390
-2503
-826
-2096
-4755
-5043
-1897
-703
-2060
-2314
-256
107
-3216
-4848
-2412
298
-793
-3235
-2837
-1444
-2116
-3700
-2741
461
939
-1810
-3581
-1305
1902
1628
521
1363
3577
3243
1493
2386
5078
6292
4110
3110
4783
5931
3937
1417
2921
5631
5021
639
-1962
-289
1682
723
-1781
-2204
-1967
-2741
-3329
-2627
-1963
-2886
-3626
-3195
-1759
-615
-883
-1196
-648
614
1432
2134
3014
2912
3100
3284
2752
2323
3357
4764
3693
2269
1759
2033
2852
3184
2370
513
488
1174
878
484
-206
-1653
-3518
-3253
-2159
-2680
-4038
-5254
-5613
-5743
-5560
-5325
-5479
-5354
-5151
-4807
-4601
-4425
-3727
-3023
-2809
-2636
-1867
-1506
-2224
-2061
-51
1340
694
-488
-241
918
1489
1426
1141
1305
805
23
742
2408
2960
1736
1604
2578
3060
3047
2685
2599
2724
3946
4475
2647
1069
1985
5091
5938
3588
1406
1800
4120
4611
3585
2472
1990
1915
1480
1666
1916
2015
1006
-1040
-1638
-491
402
-1197
-2972
-2276
-1525
-2848
-4586
-3627
-1864
-2945
-4894
-4424
-2486
-3109
-5147
-3719
-486
-287
-3287
-3849
-525
1225
-355
-1733
402
2217
355
-1322
216
2593
1580
-470
-535
-99
-567
-1178
70
1050
-748
-3922
-4501
-1295
854
-628
-3317
-3418
-1173
-150
-1276
-2006
-92
1628
860
-24
1721
3495
2681
1979
3374
5181
4425
3788
5293
6653
5518
3287
4554
7124
7643
5034
2567
3290
4268
4159
2959
3810
4347
1022
-1995
-1295
1886
1206
-1416
-2201
-2720
-3457
-4494
-3364
-2732
-3900
-5749
-7327
-6278
-5565
-5346
-5345
-5277
-5686
-7279
-6601
-5402
-4806
-5237
-6177
-6207
-6335
-5516
-4979
-4046
-3299
-4158
-4723
-4564
-2933
-1398
-372
-298
-1116
-406
1054
2462
3085
3589
4346
4747
5188
5215
5761
7058
8235
8225
7292
7224
7960
8400
8204
8709
9315
8064
5732
5568
7536
7402
4896
3748
5559
5871
2380
-339
930
3045
593
-3395
-3479
-1184
-1787
-5615
-6275
-3553
-2728
-5474
-7251
-4979
-3571
-5210
-6412
-4229
-1681
-3251
-5991
-5696
-2447
-921
-3148
-4723
-3504
-1665
-2928
-5370
-4547
-2094
-1895
-4767
-5826
-3813
-2895
-4129
-4743
-2591
-1670
-3880
-5212
-2663
1050
326
-2261
-1330
1923
2449
616
2343
6055
6210
2988
2042
5622
8716
8158
5589
5102
6832
7278
6466
6721
7903
6751
4278
4433
6165
5971
3688
2683
3653
3942
2234
300
805
2174
1397
-522
-839
-447
-1705
-2756
-1731
-621
-1550
-3445
-4575
-4424
-3087
-2454
-4075
-6423
-6777
-5799
-5151
-4782
-5028
-5804
-6465
-6198
-6010
-5842
-4874
-4638
-5165
-5797
-5369
-4590
-3806
-2622
-2590
-2882
-3205
-2557
-923
156
235
-747
-45
1563
1905
1528
1598
3003
3550
3500
3909
4458
4925
4295
4421
5986
7487
6924
4631
4823
7320
8546
7254
5957
6659
7032
6272
6176
7252
7862
6151
4288
4610
5396
4440
2310
2193
3008
1730
-531
-1430
-429
-809
-3064
-4181
-3574
-3574
-6702
-9191
-7752
-5570
-6590
-10015
-10696
-8937
-8382
-9366
-9720
-8018
-7456
-9020
-9910
-8066
-4879
-4230
-5007
-4922
-4222
-3960
-3493
-580
1974
1306
-972
-1213
1734
4248
4776
3844
3100
3765
4682
5073
4355
4105
5106
6059
6225
5573
5315
5344
5614
6351
6879
6509
5407
4860
5335
5851
5776
5269
4385
3806
3396
3216
2793
2133
1880
1381
665
-676
-1229
-804
-959
-2125
-3574
-3668
-3571
-3850
-3929
-3159
-2578
-4270
-6226
-5008
-1601
-1966
-6003
-7048
-3543
-1631
-4191
-5899
-4504
-3100
-4413
-5611
-3888
-1639
-1934
-4482
-4609
-2081
-338
-797
-1494
-663
-520
-1170
-1048
1026
2912
2012
318
74
1459
2033
2046
2947
3678
2989
1005
538
2060
4004
4615
3447
2044
1251
2213
4176
5314
4571
2829
2430
3196
3756
3267
3177
4323
4325
2303
757
2155
3898
2832
659
51
761
493
-604
-835
-348
-745
-2494
-3332
-2360
-1624
-2518
-3545
-3037
-2488
-3309
-4322
-3592
-1797
-1448
-2701
-3807
-3643
-3138
-2747
-1971
-1503
-1887
-2579
-2334
-1793
-1964
-2146
-1965
-1467
-1388
-1710
-2149
-2217
-1280
-447
-225
-523
-722
-535
140
1694
2861
2842
1879
1306
1914
3110
4080
4109
3509
2455
1579
1699
2930
4053
3971
2882
1257
722
1746
2992
2567
972
337
887
1887
1618
520
349
1128
1305
433
386
384
-436
-896
-100
963
17
-2357
-3784
-2394
-207
-314
-1429
-1543
-1232
-2110
-2928
-2054
-256
587
-796
-3019
-3710
-2246
-413
216
-317
-1450
-2484
-2499
-1092
467
515
-765
-1669
-1648
-1592
-1466
-510
558
159
-1560
-2510
-1443
346
922
277
65
164
-447
-814
573
2641
2433
363
-684
629
2078
1333
126
644
2033
1247
-947
-1121
850
2105
981
-105
368
1116
733
307
1812
3583
3055
713
12
2161
4149
3842
2491
2328
2639
1865
1138
2018
3248
2290
-129
-1054
-150
349
-495
-1248
-1386
-2252
-3600
-3604
-2255
-2025
-3628
-4493
-3625
-2821
-3195
-3022
-1779
-1868
-3374
-3194
-208
1444
-618
-2550
-927
1655
912
-1186
-841
972
859
-856
-1036
-150
-414
-1886
-2075
-591
-126
-1446
-2404
-1019
303
-198
-444
903
1980
935
595
2623
4763
4532
2972
3206
4735
5601
4923
4453
5208
5513
4615
3219
3339
4165
3684
2221
1688
2562
1877
-447
-1661
-928
-536
-1849
-2575
-2423
-3069
-4879
-5774
-4239
-2704
-3347
-5664
-6863
-5927
-4787
-4121
-3825
-3760
-4869
-6222
-5227
-2499
-768
-1890
-3363
-2902
-1457
-498
-213
516
769
152
-34
1133
2514
2088
1063
1458
2881
3047
1771
1553
2787
3264
2169
1646
2882
3799
2908
2048
2771
3870
3540
2658
2967
3751
3963
3533
3423
3420
2964
2846
2996
2997
2447
2197
2299
1426
231
41
961
662
-1318
-2459
-2112
-1696
-2503
-3238
-3250
-3668
-4555
-5033
-4358
-3885
-4295
-4928
-5286
-5049
-4604
-3902
-3742
-4102
-3902
-3099
-2436
-2607
-2539
-1801
-910
-352
-411
-494
72
1593
2537
1811
861
1422
2824
2920
1934
1784
2939
3458
2175
908
1767
3460
3251
1929
1876
2733
2330
1521
2244
3304
3128
2254
2472
3189
3412
3348
3158
3433
3583
3384
2544
1918
2241
2267
1799
897
392
-22
-305
-129
-506
-1442
-2690
-3223
-3253
-2960
-2789
-3895
-5382
-5895
-4752
-4222
-5096
-6044
-6088
-5292
-5039
-4710
-4703
-4793
-4802
-4275
-3053
-3089
-3617
-3858
-2800
-1710
-1669
-1423
-1325
-911
-1038
-602
630
1168
1088
475
1407
2485
2387
1857
2249
4176
4458
3611
3562
5114
6394
5613
5112
5647
6811
6813
6140
6560
7361
7268
5753
5132
5811
6313
5769
4581
3663
2664
1873
1252
1157
1262
653
-912
-2680
-3159
-3093
-3128
-3304
-3433
-4020
-5468
-6340
-6210
-5204
-4700
-5515
-6734
-7056
-5932
-5304
-5591
-5929
-5691
-5122
-5047
-4794
-4488
-4008
-3396
-2699
-1826
-1699
-2028
-2244
-1498
9
1080
1333
901
1138
2341
3393
3433
3147
3856
4772
4953
4829
5052
5251
4925
4792
5201
5386
4600
3287
2765
3460
4089
3238
1578
924
1320
1172
315
207
918
763
-613
-1393
-848
-379
-748
-1004
-553
-682
-2015
-2991
-2197
-637
-622
-2095
-3177
-2866
-2107
-1986
-1976
-1906
-2047
-2388
-2235
-1577
-1535
-1792
-1609
-1252
-1689
-2423
-2006
-1035
-729
-1358
-1869
-1615
-1245
-1189
-1384
-1065
-474
-649
-1408
-1677
-871
46
329
73
-431
-503
287
1478
1788
1085
966
2084
3161
2934
2206
2432
3335
3928
3950
3818
3652
3561
3837
4039
3840
3478
3204
2792
2317
2324
2282
1481
405
164
602
558
-263
-1260
-1537
-1042
-576
-929
-1819
-2115
-1624
-1163
-1495
-2080
-1889
-1139
-1063
-1948
-2331
-1728
-1355
-1777
-1865
-1208
-1390
-2818
-3597
-2461
-1315
-2201
-3868
-3901
-2525
-2275
-3418
-3755
-2423
-1312
-1848
-2479
-1654
-192
153
-257
249
1669
2627
2412
2075
2484
3212
3572
3594
3875
4025
3490
2969
3601
4610
3842
1656
875
2456
3621
2118
-222
-561
569
518
-883
-1586
-1222
-1294
-1876
-1604
-831
-1239
-2556
-2722
-1300
-163
-515
-1323
-1267
-756
-773
-790
61
787
-42
-1199
-596
849
745
-604
-673
777
1359
142
-877
-130
756
-70
-1343
-855
507
147
-1618
-2202
-1066
-331
-1073
-1877
-1611
-1002
-1156
-1785
-1780
-890
-57
-270
-1077
-1240
-438
402
689
890
1153
851
158
503
2039
2836
1914
889
1222
2033
2074
1697
1644
1575
1167
1035
1575
1968
1322
336
270
1001
1420
1176
814
486
4
-227
416
1430
1478
303
-620
-100
976
1065
377
213
606
621
270
168
166
-118
-270
7
32
-689
-1535
-1782
-1572
-1313
-1266
-1861
-3129
-3838
-2889
-1418
-1619
-3384
-4287
-3293
-2092
-2094
-2402
-1973
-1536
-1907
-2108
-1061
162
74
-560
-191
629
478
-24
734
2157
2285
1233
842
1590
2180
2060
2071
2444
2306
1400
790
1300
2282
2595
2018
1171
573
512
1177
2138
2366
1405
368
484
1281
1530
1168
1131
1488
1325
371
-476
-291
542
878
188
-935
-1574
-1563
-1260
-938
-742
-907
-1611
-2433
-2629
-2028
-1260
-1065
-1531
-2173
-2537
-2522
-2162
-1599
-1386
-2059
-3081
-3240
-2422
-1812
-2104
-2551
-2362
-1856
-1639
-1629
-1513
-1314
-912
-70
634
314
-420
42
1676
2723
2386
1735
1749
2173
2697
3471
4130
3689
2308
1970
3627
5239
4578
2746
2301
3288
3856
3455
3010
2813
2524
2369
2601
2647
1908
1065
1252
2058
2005
910
224
485
489
-145
-115
778
607
-1214
-2452
-1715
-725
-1272
-2445
-2762
-2696
-3253
-4015
-4004
-3522
-3723
-4650
-5117
-4723
-4644
-5401
-5641
-4618
-3929
-4766
-5465
-4340
-2767
-2827
-3733
-3313
-1727
-958
-1269
-1027
182
953
783
925
1960
2823
2758
2547
3073
3829
3811
3265
3361
4077
4082
3253
3054
3682
3644
2746
2471
3037
3037
2074
1472
2072
2833
2275
873
677
1832
1953
495
80
1642
2455
1018
-345
163
1157
1105
662
692
480
-552
-1439
-1079
-351
-831
-2121
-2724
-2672
-3211
-3984
-3797
-3222
-3697
-4951
-5328
-4609
-4088
-4369
-4612
-4102
-3586
-3721
-3798
-2946
-1822
-1545
-1646
-1132
-133
399
411
845
1947
2968
3140
2831
3009
3875
4729
4898
4677
4684
5014
5191
4881
4484
4460
4679
4531
3949
3493
3191
2586
1981
2141
2500
1847
497
-104
203
262
-204
-518
-570
-936
-1571
-1747
-1348
-1138
-1610
-2171
-2178
-1858
-1768
-1981
-2166
-2234
-2251
-2368
-2600
-2624
-2274
-2122
-2809
-3672
-3582
-2813
-2723
-3494
-3873
-3451
-3284
-3850
-4061
-3256
-2497
-2834
-3513
-3186
-2055
-1334
-1300
-1193
-640
-72
324
828
1477
2035
2458
2879
3214
3355
3512
3965
4627
4994
4716
4035
3739
4243
4837
4516
3412
2803
3154
3369
2523
1373
1145
1564
1487
747
178
-30
-416
-831
-597
-43
-382
-1647
-2273
-1436
-323
-454
-1625
-2473
-2359
-1770
-1299
-1078
-1207
-1837
-2654
-2921
-2255
-1198
-761
-1357
-2368
-2730
-2160
-1381
-981
-828
-720
-954
-1478
-1460
-512
471
554
155
97
294
263
290
900
1716
1884
1280
670
668
1208
1849
2176
2009
1488
1024
1005
1469
2025
2165
1701
1070
914
1295
1691
1723
1437
1081
916
1080
1339
1233
784
594
852
997
625
179
177
295
104
-179
-232
-399
-977
-1339
-953
-631
-1385
-2564
-2753
-2060
-1877
-2578
-3109
-3076
-3264
-3779
-3672
-2834
-2590
-3451
-3974
-3047
-1863
-2009
-2819
-2528
-1200
-464
-755
-870
-270
90
-174
98
1436
2296
1407
153
638
2399
3196
2496
1931
2298
2627
2450
2667
3573
3893
2948
1966
2203
3116
3382
2854
2232
1901
1710
1556
1474
1340
1085
752
329
-144
-429
-440
-486
-750
-1073
-1370
-1739
-2019
-1815
-1376
-1428
-2057
-2502
-2228
-1567
-1084
-1005
-1350
-1858
-1838
-935
59
64
-763
-1289
-965
-300
125
166
-174
-647
-660
-20
529
292
-204
9
676
687
79
55
822
1140
505
22
376
743
435
115
395
605
219
-106
135
372
245
317
677
483
-201
-41
1039
1270
121
-464
525
1300
484
-470
57
917
461
-457
-266
375
4
-732
-384
418
75
-894
-690
434
598
-337
-586
364
967
408
-104
411
1018
721
339
891
1442
718
-289
237
1609
1420
-373
-1200
-59
907
45
-1309
-1442
-957
-1159
-1709
-1745
-1698
-2323
-3041
-2873
-2193
-2085
-2587
-2825
-2523
-2257
-2257
-2054
-1490
-1192
-1469
-1530
-704
250
236
-282
54
1181
1648
1073
727
1325
1952
1867
1681
1942
2094
1761
1659
2154
2329
1596
1013
1564
2301
1873
897
920
1729
1799
1003
675
1211
1522
1143
877
1026
957
635
941
1781
1877
888
119
517
1256
1341
1041
1010
948
275
-502
-361
528
861
77
-997
-1530
-1635
-1590
-1329
-1071
-1486
-2473
-3076
-2919
-2592
-2469
-2264
-2116
-2625
-3502
-3475
-2338
-1530
-1899
-2465
-2254
-1821
-1870
-1841
-1148
-533
-802
-1280
-1003
-385
-271
-319
201
766
490
-55
356
1444
1818
1328
1247
1995
2534
2294
2157
2819
3471
3226
2729
3057
3848
3922
3238
2869
3131
3186
2733
2471
2618
2332
1264
441
685
1153
638
-524
-1147
-1126
-1246
-1608
-1706
-1706
-2286
-3104
-3050
-2181
-1899
-2843
-3792
-3543
-2675
-2412
-2785
-2953
-2869
-3110
-3467
-3077
-1990
-1480
-2130
-2915
-2696
-1773
-1147
-981
-811
-644
-826
-964
-321
705
1008
537
415
1102
1685
1571
1465
2068
2802
2827
2481
2588
3149
3522
3575
3595
3550
3350
3308
3602
3679
3157
2641
2723
2918
2490
1831
1777
2029
1732
1060
877
1086
792
42
-198
100
-152
-1163
-1793
-1598
-1613
-2363
-2910
-2724
-2804
-3747
-4377
-3684
-2742
-3031
-4011
-4124
-3288
-2749
-2832
-2656
-2012
-1765
-2182
-2261
-1400
-505
-493
-861
-666
-163
-71
-44
564
1190
869
160
414
1391
1627
1029
891
1460
1581
1069
1165
2030
2193
1303
996
1989
2677
1950
1180
1708
2466
2008
1122
1309
2008
1664
666
648
1436
1328
186
-191
722
1182
299
-400
247
854
56
-850
-180
916
262
-1464
-1749
-481
-99
-1444
-2508
-2082
-1593
-2302
-3098
-2765
-2235
-2728
-3510
-3260
-2452
-2405
-2883
-2724
-2035
-1907
-2261
-1984
-1070
-653
-1005
-1069
-367
288
339
361
903
1521
1582
1372
1594
2288
2877
2969
2764
2622
2717
3051
3442
3535
3145
2678
2720
3130
3113
2431
1874
2048
2411
2136
1455
1154
1178
894
422
500
948
694
-480
-1288
-779
95
-131
-1321
-2048
-1758
-1331
-1503
-1959
-2197
-2317
-2432
-2311
-2045
-2176
-2720
-2891
-2361
-1897
-2121
-2590
-2635
-2336
-2107
-1975
-1873
-1911
-1994
-1790
-1289
-924
-836
-745
-557
-383
-12
719
1248
1030
630
1016
1949
2339
2043
1947
2303
2424
2110
2050
2523
2775
2315
1790
1896
2277
2167
1595
1235
1387
1608
1443
1004
647
439
264
167
219
200
-141
-650
-961
-981
-906
-862
-829
-923
-1214
-1464
-1420
-1152
-976
-955
-934
-929
-1044
-1138
-1012
-808
-792
-874
-785
-664
-938
-1485
-1538
-839
-241
-635
-1605
-1964
-1398
-738
-616
-791
-901
-1057
-1307
-1203
-540
90
68
-412
-696
-570
-211
304
863
1077
706
288
514
1297
1916
2023
1985
2035
2025
1940
2115
2611
2896
2644
2221
2044
1983
1798
1686
1824
1825
1280
568
364
588
606
306
156
197
-62
-614
-668
13
467
-22
-779
-785
-207
34
-201
-326
-216
-323
-677
-721
-340
-139
-448
-807
-780
-646
-828
-1103
-946
-520
-577
-1276
-1840
-1636
-1069
-936
-1259
-1593
-1930
-2348
-2324
-1528
-900
-1462
-2566
-2674
-1729
-1147
-1352
-1323
-775
-697
-1234
-1094
57
765
355
126
841
1292
714
396
1311
2158
1598
672
795
1276
927
417
838
1369
718
-375
-321
597
829
232
1
407
531
166
170
792
1216
956
607
772
1153
1236
1179
1362
1602
1454
1014
882
1243
1560
1389
903
531
415
420
458
379
32
-454
-700
-587
-462
-630
-974
-1158
-1082
-902
-790
-837
-964
-1020
-935
-727
-498
-428
-611
-837
-751
-344
-97
-282
-554
-525
-250
-93
-122
-137
-136
-157
-99
16
-14
-215
-267
-44
124
9
-202
-282
-233
-33
318
517
272
-100
-13
499
863
836
669
546
513
694
1064
1234
983
753
970
1330
1303
1027
1021
1287
1352
1026
695
663
715
523
95
-278
-486
-675
-929
-1155
-1328
-1611
-2023
-2266
-2095
-1809
-1932
-2403
-2667
-2470
-2145
-2020
-1985
-1944
-1980
-2004
-1777
-1406
-1234
-1190
-909
-491
-436
-641
-462
167
604
601
655
882
794
492
774
1661
2059
1445
731
830
1445
1787
1759
1672
1527
1269
1172
1464
1838
1859
1599
1444
1460
1454
1397
1441
1586
1603
1350
980
746
750
877
955
855
486
-39
-343
-146
307
434
1
-594
-865
-729
-390
-130
-189
-634
-1143
-1219
-886
-681
-858
-1048
-1001
-1062
-1468
-1689
-1286
-717
-736
-1306
-1627
-1337
-932
-856
-930
-806
-587
-616
-894
-978
-578
-22
142
-195
-543
-454
-46
280
367
349
245
87
132
523
932
899
529
401
733
1093
1117
997
992
1000
940
985
1169
1197
913
676
725
750
505
242
224
220
-37
-312
-360
-384
-606
-780
-682
-649
-929
-1137
-953
-805
-1082
-1313
-1028
-693
-973
-1432
-1229
-661
-681
-1207
-1235
-667
-424
-746
-910
-591
-375
-508
-444
-31
102
-258
-380
137
618
487
225
451
826
827
739
1007
1342
1244
1022
1261
1722
1726
1335
1242
1576
1760
1540
1332
1371
1329
1054
921
1141
1278
900
369
333
698
800
431
65
74
231
190
-28
-206
-254
-255
-290
-409
-642
-896
-995
-920
-906
-1147
-1515
-1693
-1575
-1459
-1608
-1875
-1939
-1786
-1696
-1786
-1791
-1585
-1424
-1463
-1488
-1231
-890
-817
-921
-854
-541
-288
-261
-251
-133
-30
9
148
391
491
392
364
552
763
854
942
1083
1149
1147
1284
1533
1622
1579
1736
2045
2037
1700
1577
1879
2152
1994
1662
1523
1460
1283
1150
1135
1023
757
528
359
32
-311
-249
25
-177
-874
-1268
-1040
-861
-1159
-1428
-1281
-1177
-1549
-1934
-1757
-1361
-1416
-1747
-1721
-1438
-1490
-1841
-1817
-1313
-1016
-1267
-1536
-1348
-1022
-959
-961
-713
-410
-430
-593
-421
45
321
312
347
573
782
810
860
1122
1406
1438
1273
1199
1343
1546
1613
1549
1449
1366
1303
1314
1418
1451
1276
1020
934
1028
1049
869
642
524
466
375
226
45
-170
-330
-362
-397
-564
-823
-943
-880
-807
-816
-886
-923
-904
-874
-827
-734
-605
-523
-578
-715
-732
-564
-415
-406
-480
-560
-627
-689
-602
-386
-360
-594
-739
-558
-362
-468
-633
-466
-156
-192
-456
-445
-113
102
43
4
134
233
215
270
478
653
628
533
566
699
830
920
967
957
894
887
1020
1163
1121
953
901
975
967
831
680
607
551
441
320
177
-22
-183
-196
-189
-382
-670
-729
-592
-595
-826
-995
-881
-687
-673
-777
-823
-740
-558
-381
-313
-354
-342
-202
-73
-2
110
211
129
-46
32
366
468
180
-24
142
291
89
-128
9
198
22
-314
-357
-177
-173
-349
-379
-262
-306
-556
-653
-391
-91
-132
-419
-549
-339
-5
111
-12
-113
-58
84
184
216
199
126
89
203
372
341
82
-97
65
377
447
203
-63
-80
88
247
318
268
94
-86
-69
206
440
372
118
29
203
416
499
492
515
502
427
469
717
879
733
475
411
578
651
507
366
322
258
97
-51
-87
-107
-215
-343
-443
-587
-740
-771
-707
-719
-863
-1000
-1020
-1009
-1057
-1059
-958
-909
-976
-1045
-1026
-936
-824
-643
-458
-455
-579
-540
-228
74
117
81
187
329
357
388
572
770
775
684
715
826
846
834
932
1060
1011
819
779
961
1103
1042
897
822
801
796
813
824
747
565
421
398
386
272
99
-2
-37
-150
-364
-569
-656
-646
-645
-719
-877
-1102
-1296
-1326
-1198
-1069
-1121
-1343
-1518
-1531
-1434
-1311
-1189
-1097
-1107
-1182
-1166
-967
-662
-417
-297
-184
6
207
347
468
698
1008
1217
1213
1133
1194
1335
1386
1401
1491
1495
1233
886
845
1097
1171
877
564
495
495
349
235
329
408
226
-45
-83
46
82
12
0
24
-58
-202
-213
-87
-41
-151
-292
-385
-443
-483
-466
-448
-547
-736
-869
-855
-818
-893
-992
-1004
-988
-1032
-1109
-1080
-922
-811
-824
-833
-711
-517
-411
-382
-279
-70
96
103
100
244
454
537
504
527
656
764
762
755
826
894
909
952
1016
1005
928
903
995
1062
993
860
780
757
736
729
726
640
446
292
310
426
443
280
79
-26
-39
-14
-8
-70
-252
-486
-607
-582
-562
-675
-871
-988
-1034
-1112
-1216
-1269
-1272
-1326
-1429
-1448
-1405
-1448
-1566
-1567
-1377
-1212
-1242
-1339
-1288
-1096
-912
-744
-542
-386
-368
-368
-146
287
632
695
630
691
949
1281
1508
1590
1591
1601
1696
1850
1966
1996
1975
1953
1929
1868
1783
1713
1650
1573
1465
1306
1088
842
668
609
572
413
102
-230
-441
-461
-416
-487
-713
-1002
-1171
-1155
-1068
-1066
-1157
-1275
-1388
-1428
-1403
-1332
-1257
-1275
-1353
-1389
-1347
-1276
-1231
-1196
-1134
-1026
-957
-955
-944
-870
-684
-493
-412
-398
-370
-280
-170
-64
55
163
244
302
326
334
388
534
729
867
861
781
776
863
1038
1222
1290
1220
1043
958
1086
1276
1320
1178
982
877
849
849
858
816
668
468
336
298
236
104
-11
-56
-139
-335
-521
-556
-504
-510
-574
-626
-655
-731
-772
-652
-476
-462
-595
-649
-554
-475
-489
-462
-394
-432
-578
-622
-475
-374
-463
-565
-517
-405
-426
-502
-428
-281
-241
-311
-303
-200
-154
-139
-48
82
89
-20
10
229
397
350
264
329
445
494
505
542
552
499
469
519
566
495
426
450
470
408
311
290
313
280
213
213
218
109
-9
19
131
144
16
-101
-92
-42
-22
5
28
10
-53
-113
-71
27
45
-34
-104
-131
-147
-172
-197
-197
-191
-262
-400
-477
-428
-327
-317
-417
-492
-440
-353
-356
-385
-304
-155
-123
-238
-280
-145
7
30
-4
34
71
16
-8
144
323
303
136
101
259
379
344
276
296
331
309
285
280
248
217
247
293
238
79
14
121
220
177
73
29
27
10
18
93
122
33
-68
-65
12
43
8
-5
9
-4
-64
-91
-41
6
-29
-93
-114
-122
-137
-152
-134
-105
-150
-237
-264
-212
-174
-222
-273
-243
-181
-196
-271
-283
-209
-139
-137
-169
-192
-216
-196
-110
-29
-36
-126
-131
-12
70
37
5
93
207
196
109
125
264
339
285
243
292
345
300
235
280
374
333
167
77
148
236
216
129
72
34
-20
-22
61
115
31
-113
-161
-73
18
-1
-68
-117
-133
-99
-38
-10
-62
-144
-143
-56
-11
-75
-163
-169
-95
-73
-146
-225
-236
-194
-168
-194
-249
-292
-280
-220
-186
-215
-268
-253
-176
-105
-74
-76
-67
-35
22
101
178
192
185
232
307
328
307
336
427
491
434
331
304
360
429
433
364
298
241
187
176
195
198
132
20
-39
-30
-29
-81
-114
-96
-90
-157
-244
-238
-173
-151
-199
-225
-199
-203
-240
-230
-162
-128
-188
-264
-245
-183
-187
-243
-280
-272
-282
-331
-363
-345
-326
-343
-384
-393
-346
-301
-303
-292
-250
-186
-120
-110
-114
-76
21
129
161
128
125
209
325
391
368
336
348
385
442
490
512
481
439
440
481
516
492
440
431
461
450
396
351
340
346
350
287
195
143
134
142
98
36
0
-9
-31
-82
-129
-139
-130
-150
-193
-241
-255
-259
-277
-294
-326
-353
-363
-367
-368
-385
-425
-447
-454
-431
-389
-386
-423
-471
-489
-435
-340
-307
-347
-406
-406
-326
-238
-187
-166
-158
-136
-102
-70
-23
57
122
148
145
152
169
201
250
308
357
346
293
267
315
408
459
458
420
383
406
466
519
525
489
465
464
445
439
469
486
445
343
287
337
370
302
187
115
123
118
56
-3
-37
-96
-187
-263
-280
-255
-292
-391
-480
-543
-562
-562
-560
-562
-602
-687
-728
-689
-648
-612
-566
-550
-592
-631
-578
-462
-379
-370
-357
-309
-271
-245
-163
-15
102
128
111
147
247
362
472
546
569
563
579
646
744
807
819
805
782
748
730
778
821
794
697
593
545
529
491
433
372
299
197
86
16
4
-8
-85
-213
-334
-390
-397
-409
-458
-528
-594
-664
-713
-708
-681
-693
-768
-829
-831
-793
-761
-754
-739
-731
-728
-711
-646
-554
-510
-487
-442
-368
-305
-257
-167
-67
-3
34
83
168
235
274
325
408
502
529
494
505
592
679
705
698
661
615
599
633
712
731
606
461
445
488
502
445
357
293
217
148
152
199
149
24
-55
-44
-11
-53
-113
-121
-124
-159
-202
-195
-167
-171
-210
-231
-216
-212
-226
-236
-214
-194
-213
-235
-244
-232
-205
-203
-220
-217
-206
-203
-200
-184
-149
-117
-121
-123
-103
-79
-59
-33
4
33
43
31
46
83
108
123
117
114
108
94
99
126
139
123
86
82
97
97
95
81
59
55
40
26
44
39
20
19
19
23
15
4
7
11
4
-7
-17
-27
-39
-47
-62
-66
-64
-71
-84
-79
-64
-71
-71
-66
-71
-69
-63
-67
-63
-61
-66
-68
-63
-48
-53
-54
-35
-33
-31
-18
-12
8
17
10
23
28
28
40
51
61
62
54
63
90
89
81
91
106
112
95
75
82
90
75
61
50
52
47
29
25
28
20
8
2
-5
-5
-13
-17
-9
-31
-46
-48
-47
-43
-47
-50
-52
-54
-56
-48
-40
-43
-55
-67
-53
-42
-42
-37
-33
-32
-39
-51
-43
-30
-29
-27
-21
-19
-11
-18
-13
22
26
19
11
10
27
31
39
42
26
18
16
28
41
52
45
36
38
45
47
45
33
29
28
20
18
20
16
10
12
9
9
11
-4
-9
-9
-14
-19
-25
-29
-21
-14
-14
-15
-23
-26
-27
-16
-2
-3
2
-9
-11
-7
-6
-3
-9
-5
0
0
1
-6
1
10
8
11
2
-11
-5
-4
-1
-6
-15
-16
-25
-33
-30
-32
-50
-53
-51
-49
-50
-49
-41
-40
-36
-24
-14
-14
-9
-7
-1
5
8
15
14
18
19
12
27
43
43
51
51
56
57
55
59
51
41
38
50
52
40
27
36
49
46
38
38
33
33
34
20
16
18
14
2
-4
-2
1
1
-3
2
-10
-17
-13
-12
-10
-17
-26
-35
-31
-37
-46
-34
-32
-45
-67
-73
-56
-58
-67
-64
-62
-58
-58
-59
-44
-39
-51
-59
-41
-17
-21
-21
-16
-11
1
8
16
12
21
25
21
28
41
32
30
38
44
55
55
52
54
59
59
49
45
67
66
51
55
57
59
58
53
51
47
37
29
34
44
34
18
7
3
3
-7
-7
-22
-37
-36
-40
-43
-51
-53
-51
-64
-67
-64
-82
-91
-84
-83
-78
-78
-90
-93
-84
-84
-73
-65
-70
-61
-53
-41
-35
-25
-15
-18
-16
-8
2
3
4
0
14
22
18
31
47
56
62
62
79
96
87
84
92
95
102
107
96
91
85
89
101
99
88
72
71
81
82
79
76
51
35
36
21
15
10
-4
-14
-24
-39
-40
-49
-66
-61
-70
-76
-79
-99
-101
-93
-99
-97
-104
-106
-101
-109
-99
-94
-90
-85
-85
-83
-78
-71
-53
-32
-33
-42
-42
-27
-5
2
8
23
26
37
56
61
63
59
48
58
73
71
69
69
70
75
73
74
76
75
81
70
67
74
64
49
47
43
45
43
19
15
17
8
1
-15
-23
-14
-15
-22
-22
-24
-29
-41
-45
-47
-61
-69
-64
-64
-74
-82
-76
-72
-65
-69
-75
-74
-69
-53
-55
-52
-40
-49
-48
-32
-24
-22
-22
-24
-10
11
20
21
30
47
48
44
50
62
64
50
62
73
80
70
52
73
83
85
80
64
66
60
62
69
69
53
40
35
27
37
31
15
0
-5
-1
-11
-19
-17
-8
-11
-17
-24
-40
-36
-30
-41
-42
-50
-61
-59
-65
-59
-58
-57
-60
-59
-53
-58
-48
-49
-53
-46
-45
-42
-43
-42
-34
-35
-28
-25
-32
-26
-27
-24
-14
-6
-7
-5
5
12
18
13
22
34
30
38
42
53
60
55
58
71
73
65
64
65
67
61
51
51
49
39
36
36
39
33
23
14
14
9
1
-6
-18
-14
-19
-28
-27
-25
-22
-34
-46
-43
-42
-50
-51
-60
-63
-54
-47
-48
-45
-45
-43
-39
-42
-39
-33
-24
-20
-20
-13
-10
-4
-1
0
4
9
8
6
1
6
21
20
15
15
25
31
36
38
41
45
46
60
64
65
69
63
52
55
65
55
42
38
42
47
41
33
31
31
27
17
6
-2
-6
-6
-7
-14
-19
-26
-37
-40
-35
-39
-51
-57
-67
-74
-65
-60
-66
-64
-52
-54
-59
-56
-58
-50
-43
-42
-42
-39
-34
-23
-16
-22
-32
-37
-29
-23
-25
-16
-11
-1
2
-5
12
21
25
30
31
28
17
13
20
29
30
24
22
27
32
33
37
43
47
42
38
48
53
54
45
44
53
50
42
40
40
40
43
40
31
35
31
26
28
25
17
2
0
-1
-1
-3
-10
-9
-18
-16
-17
-16
-11
-18
-18
-25
-30
-48
-49
-46
-60
-57
-50
-49
-46
-48
-52
-46
-40
-38
-44
-48
-45
-37
-40
-38
-30
-29
-29
-26
-17
-9
-5
-2
-1
12
19
12
9
11
27
38
31
27
38
31
31
39
30
37
27
31
50
51
53
41
32
25
16
20
22
26
18
21
23
20
20
8
4
3
-2
-3
-15
-18
-14
-21
-18
-13
-19
-19
-23
-32
-29
-25
-22
-31
-37
-30
-22
-13
-16
-28
-24
-28
-23
-11
-17
-25
-22
-19
-11
-10
-19
-6
6
7
-1
-9
-3
12
17
10
6
20
32
25
24
33
33
27
32
25
20
18
21
24
24
29
25
24
25
17
18
9
6
15
8
4
3
8
11
2
1
9
5
3
-2
-1
4
3
0
-10
-3
-4
-11
-14
-18
-21
-30
-28
-19
-16
-25
-23
-25
-30
-27
-37
-33
-38
-36
-33
-46
-44
-43
-37
-29
-19
-19
-24
-26
-26
-26
-24
-13
-22
-19
-7
-1
10
22
25
22
34
43
43
47
47
55
58
55
53
59
65
50
54
54
53
54
40
44
41
34
23
29
34
19
14
10
4
-2
-11
-12
-17
-19
-16
-14
-6
-14
-26
-37
-38
-41
-61
-72
-63
-61
-62
-65
-73
-62
-56
-54
-43
-39
-44
-43
-46
-34
-22
-36
-32
-13
-6
-9
-5
-6
-2
3
0
21
33
29
31
31
48
52
41
44
44
45
38
33
53
61
58
60
61
60
54
50
60
51
43
31
29
35
32
32
18
15
21
16
10
3
-8
-4
-8
-19
-26
-38
-36
-42
-55
-49
-58
-58
-63
-68
-58
-58
-58
-52
-46
-57
-50
-37
-42
-47
-49
-42
-33
-34
-30
-27
-26
-25
-25
-18
-4
-5
3
10
4
7
2
15
19
24
29
15
28
37
43
43
42
41
42
46
44
53
56
48
54
62
60
61
55
63
56
53
63
59
53
50
43
33
25
15
18
7
1
-7
-22
-14
-29
-44
-37
-44
-48
-47
-53
-49
-52
-44
-50
-72
-76
-83
-79
-71
-72
-77
-81
-79
-59
-53
-54
-40
-37
-40
-26
-11
-6
-8
-5
-2
0
0
-5
5
16
26
35
29
36
53
54
57
64
60
54
52
61
63
66
61
59
64
58
47
41
52
50
39
35
37
39
31
25
20
4
-2
-8
-14
-17
-19
-19
-31
-30
-28
-39
-43
-32
-34
-44
-58
-60
-48
-57
-51
-53
-56
-46
-57
-54
-33
-22
-21
-23
-25
-13
-9
-13
-3
-4
-12
-18
-12
5
14
18
22
21
36
35
25
38
39
35
37
30
30
39
32
28
25
21
31
23
15
16
13
24
30
18
2
5
14
21
19
6
7
4
-2
-7
-4
0
-9
-16
-10
-13
-14
-15
-20
-21
-19
-20
-19
-12
-13
-22
-20
-27
-33
-35
-36
-23
-19
-23
-22
-15
-14
-12
-15
-15
-18
-26
-18
-7
-11
-13
-11
-13
0
4
5
6
5
14
10
5
15
21
23
28
30
20
16
17
23
30
22
15
20
18
24
26
20
29
17
9
22
20
24
24
9
8
17
8
-1
7
-6
-3
1
-19
-9
-13
-27
-25
-19
-16
-25
-33
-30
-16
-11
-13
-17
-23
-12
-13
-10
-6
-9
-13
-24
-12
-3
-6
-9
-13
-3
8
13
18
14
7
4
-1
7
13
13
8
4
7
10
19
21
12
6
8
11
19
16
-2
1
8
0
-2
2
9
11
15
21
22
22
4
2
11
16
7
-4
1
-5
4
1
-8
-11
-16
-20
-19
-20
-19
-8
-13
-11
-8
-20
-24
-24
-22
-22
-30
-31
-32
-36
-32
-32
-32
-35
-31
-22
-13
-14
-15
-5
-2
-4
-8
-2
0
-4
10
11
-2
7
12
3
16
26
18
20
22
26
30
26
33
31
17
11
17
16
34
38
31
36
29
31
26
33
34
24
25
20
20
23
23
22
25
14
11
16
14
18
15
7
0
-1
-5
-16
-10
-10
-17
-14
-15
-10
-14
-27
-26
-26
-24
-28
-35
-32
-36
-41
-44
-51
-57
-60
-57
-47
-38
-37
-32
-30
-25
-19
-24
-26
-18
-14
-24
-19
-5
1
2
-9
-2
5
-3
8
16
18
24
26
28
30
35
38
35
31
26
32
34
37
33
25
36
39
47
55
48
40
41
24
11
9
9
10
11
0
-4
10
8
12
10
1
6
2
6
8
-8
-15
-14
-21
-22
-26
-27
-27
-30
-25
-32
-38
-36
-32
-21
-25
-34
-37
-32
-19
-16
-20
-34
-41
-35
-40
-36
-27
-29
-27
-14
-17
-12
-7
-7
0
7
6
11
21
25
28
29
35
30
30
36
40
38
39
33
36
46
37
39
46
41
39
34
35
45
39
28
24
21
17
14
5
6
3
-5
-2
-12
-16
-17
-33
-28
-23
-32
-28
-28
-30
-26
-36
-45
-38
-32
-30
-27
-28
-24
-19
-31
-32
-25
-31
-30
-27
-24
-22
-23
-18
-13
0
1
-11
-7
-10
-4
2
-7
-11
-4
3
3
5
18
19
23
33
30
35
37
39
41
42
40
34
37
37
42
40
35
33
36
36
23
26
24
17
30
25
16
16
11
10
-8
-9
-19
-28
-24
-31
-30
-31
-32
-29
-31
-36
-28
-32
-37
-37
-37
-30
-25
-31
-33
-41
-56
-50
-40
-38
-38
-37
-30
-23
-14
-5
-12
-6
0
-7
-4
4
11
13
15
20
25
23
27
36
32
31
44
49
42
39
45
50
49
47
49
46
47
46
31
28
28
19
9
6
7
4
-6
-4
1
-3
-7
-7
-11
-22
-26
-23
-22
-15
-24
-36
-31
-30
-30
-37
-42
-40
-46
-37
-32
-34
-30
-19
-7
-15
-19
-12
-19
-20
-15
-15
-6
-6
-5
8
15
25
32
26
23
19
20
25
23
25
26
27
25
28
35
33
31
31
34
29
21
18
21
23
14
5
0
5
-1
-10
-8
-6
-10
-11
-19
-16
-5
-12
-18
-14
-14
-8
-14
-22
-19
-27
-29
-34
-39
-34
-28
-28
-20
-16
-23
-22
-25
-27
-23
-23
-27
-11
-14
-17
-5
-14
-13
-3
2
5
2
3
2
-2
3
-3
6
22
10
10
20
19
15
18
17
30
38
33
40
39
47
46
36
30
32
37
24
18
35
37
34
38
33
28
15
12
22
17
10
-1
-1
13
14
-1
-6
-6
-19
-28
-37
-38
-42
-44
-34
-34
-33
-30
-33
-21
-16
-19
-17
-21
-20
-21
-25
-24
-21
-20
-21
-24
-15
-7
-7
-7
-6
0
-5
0
4
1
5
3
-1
6
7
2
11
13
8
4
7
14
12
14
20
14
12
6
6
6
0
-6
-7
2
8
10
11
7
9
12
10
-3
-2
-3
-16
-17
-16
-9
-8
-12
-9
-3
-10
-9
-6
3
11
-5
7
11
3
5
4
8
7
3
8
21
18
4
5
5
1
1
2
5
6
-3
1
5
-3
-5
-5
-1
6
2
1
7
7
4
0
1
-11
-18
-8
-5
-8
-8
2
-3
-6
-1
4
8
6
3
-2
0
-3
1
10
10
16
20
11
9
15
7
13
13
4
11
13
17
22
16
16
15
0
2
6
6
5
-2
3
-3
-9
-8
-18
-13
-13
-15
-19
-26
-25
-22
-24
-19
-21
-25
-19
-19
-31
-34
-22
-19
-20
-27
-28
-25
-27
-26
-26
-13
-12
-13
-7
-15
-7
-6
-4
6
4
10
15
10
16
19
19
24
17
22
28
30
30
35
30
25
24
23
26
16
12
9
13
16
15
30
24
24
27
23
23
14
6
-2
3
1
-7
-4
-5
-3
6
7
-1
-4
0
1
-1
-4
0
0
-3
-7
-19
-28
-22
-19
-21
-24
-19
-18
-30
-29
-23
-33
-31
-21
-20
-22
-18
-9
-14
-16
-17
-24
-18
-16
-17
-14
-18
-11
0
5
9
8
8
32
30
27
37
28
32
37
30
33
34
23
24
25
19
26
19
22
27
16
19
20
23
18
15
21
12
10
14
0
-3
-2
-13
-13
-17
-17
-21
-28
-31
-39
-29
-31
-37
-35
-42
-38
-39
-34
-35
-38
-29
-32
-32
-24
-28
-25
-23
-14
-14
-16
-30
-26
-3
-9
-2
4
0
1
9
18
27
36
28
31
32
27
32
32
34
34
33
34
32
36
35
33
33
36
43
39
32
28
28
29
19
14
18
13
5
-5
-16
-14
-10
-15
-13
-8
-11
-10
-20
-22
-19
-20
-9
-9
-16
-17
-20
-27
-21
-23
-28
-30
-33
-26
-25
-24
-17
-21
-28
-17
-14
-14
-13
-12
-1
-5
3
4
2
13
3
11
12
4
8
13
17
7
3
6
5
10
7
15
24
18
17
16
25
29
17
19
12
10
19
12
9
6
7
15
10
12
4
2
-2
-7
-9
-14
-10
-12
-6
-15
-18
-17
-15
-16
-16
-17
-26
-23
-25
-28
-32
-18
-16
-15
-17
-22
-16
-17
-14
-15
-17
-21
-16
-7
-1
-3
-5
6
7
7
10
17
17
13
22
17
19
23
20
29
30
25
17
25
28
25
33
33
37
30
15
25
26
17
20
15
14
21
12
13
18
7
-4
-5
1
1
-5
-10
-11
-14
-8
-1
-3
-11
-16
-14
-16
-22
-28
-27
-18
-19
-18
-20
-27
-28
-21
-21
-26
-25
-22
-25
-24
-23
-18
-17
-20
-10
-14
-10
-8
-4
2
-2
-8
-4
-4
-5
-3
-6
3
2
1
4
9
12
11
18
20
18
22
21
22
20
12
14
10
11
10
7
5
12
17
9
11
14
20
21
17
8
6
3
-1
-1
8
5
-2
-1
-2
11
10
2
-2
-10
-3
1
-1
1
3
2
9
14
0
-1
-10
-3
-1
-8
-1
-1
-7
-9
-13
-21
-23
-22
-16
-13
-15
-9
-12
-7
0
-5
-9
-11
-14
-18
-12
-9
-6
-6
-17
-6
-8
-15
5
4
4
13
9
12
16
20
19
7
9
14
1
5
10
10
7
-1
-4
-9
-7
-7
-3
4
9
6
0
6
12
14
12
8
5
5
11
13
20
22
14
17
14
19
11
5
0
1
0
-2
-9
-13
3
-8
-8
-9
-9
-7
-7
-3
-9
-8
-17
-19
-13
-23
-23
-25
-33
-32
-22
-14
-19
-15
5
9
8
9
1
-5
-2
-4
-3
-6
-13
-8
-2
-5
-6
