SAMPLES:
15030
BITSPERSAMPLE:
16
CHANNELS:
1
SAMPLERATE:
16000
NORMALIZED:
FALSE
13
7
9
5
-8
-14
-19
-12
-9
-12
10
11
3
8
6
11
4
-2
-1
1
-1
2
-2
-8
1
-8
-4
-5
-18
-16
-17
-13
-2
1
13
12
0
8
12
-3
-5
-3
-8
-2
-17
-15
-14
-19
-12
-21
-16
-12
1
5
-7
3
4
12
15
10
5
8
7
0
4
3
-3
-8
3
0
-3
8
11
13
6
6
-2
2
10
20
25
21
25
25
17
10
11
-11
-16
-12
-11
-2
7
13
8
7
-6
-7
7
15
8
5
1
-12
-9
-6
-11
-19
-14
-2
-12
-8
0
9
10
3
12
-1
3
10
9
14
-6
-3
-1
-14
0
1
-6
-2
-11
-14
-14
-18
-15
-16
-4
-5
-16
-11
-8
-8
-5
2
3
-8
-9
-7
-2
1
-5
-1
-5
-1
7
-3
-2
11
6
10
13
5
-2
-2
-3
-4
3
5
7
3
5
6
7
10
6
8
4
4
2
1
10
8
7
-3
0
6
-5
-5
3
10
2
-1
2
0
-4
-11
-3
-5
-4
-3
-4
8
-4
1
-3
-11
4
1
-2
4
2
2
-5
-9
-8
-7
2
-1
2
9
-1
12
11
-9
-2
3
2
6
6
4
3
13
18
10
12
13
1
4
0
-12
-3
0
-6
-4
12
15
7
11
4
-7
-13
-15
-13
-14
-7
6
9
9
5
4
11
-2
0
-5
-10
-14
-18
-6
0
-10
-10
3
-9
-22
-18
-13
-8
-2
12
2
-4
8
-2
-12
-7
-6
-17
-12
-2
-7
-7
-3
6
10
8
1
0
2
-11
-14
-5
-11
-26
-18
1
6
3
8
12
13
13
7
-1
1
-2
1
9
8
23
19
22
23
11
15
11
3
3
6
4
0
0
7
6
13
13
14
14
7
3
0
-5
3
-5
-4
9
7
15
3
6
7
-11
3
0
-2
4
-9
-16
-5
-6
-11
-2
-9
-12
-10
-9
2
-2
-4
1
-7
-6
-3
-4
-8
-4
7
-3
-9
-5
-14
-18
-18
-20
-16
-18
-9
-10
-11
-3
-7
-10
-8
13
24
13
19
12
6
9
-8
-12
-12
-13
-15
-13
-1
-7
-7
2
0
-9
-9
-4
-7
11
17
15
4
15
31
22
27
11
6
-1
3
0
-1
1
-6
10
12
12
9
5
3
-3
1
-2
7
15
5
-10
-6
6
1
4
-3
-6
5
12
3
0
0
-7
-14
-2
0
-8
2
3
-4
3
0
-9
0
0
4
3
-7
-13
-3
3
-7
-6
-2
-5
-13
-7
-2
6
7
14
8
-11
6
14
5
1
-10
-6
-8
-10
-6
-16
-11
-15
-16
-15
-9
-8
-4
7
10
11
7
10
5
-2
-3
-2
-6
2
-1
1
12
4
3
1
-5
-4
-3
-7
-3
-2
-7
1
11
9
13
14
7
28
27
15
13
-1
8
-4
-21
-7
-20
-14
7
5
10
15
3
0
6
11
12
-2
-5
-16
-22
-18
-21
-14
-7
-3
-4
-3
-3
1
16
13
7
9
8
11
2
-11
-10
-6
-11
-19
-15
-20
-17
-10
-14
-8
-5
-5
-4
-3
3
13
9
13
11
15
9
1
5
5
8
-3
-12
-10
-8
2
3
2
4
7
7
11
20
5
-5
11
6
9
2
5
22
6
21
13
-6
6
-2
-5
-5
-7
10
4
3
8
3
16
11
0
10
6
9
2
4
7
-2
4
-12
-13
-15
-17
-16
-16
-14
-9
-4
-1
7
7
12
0
-13
-18
-33
-29
-14
-16
-22
-23
-23
-33
-35
-26
-23
-25
-19
-4
-5
-9
2
9
10
10
9
19
18
7
1
4
12
7
11
6
7
19
8
19
23
9
13
6
13
13
12
19
23
12
12
29
19
25
30
26
17
10
15
9
6
1
0
0
-5
-6
-13
-10
0
3
12
7
4
16
4
-3
1
3
-8
-10
-16
-21
-15
-25
-18
-25
-22
-16
-21
-13
-11
-18
-16
-17
-21
-12
-14
-23
-4
5
-8
-10
-2
7
-4
-5
1
-12
-8
-5
-9
-6
-1
5
5
0
6
9
3
2
1
-3
-2
-2
-10
-6
-10
-2
9
8
13
15
6
7
11
-2
9
0
-6
6
4
13
8
-5
0
10
10
-1
17
18
16
27
24
17
11
16
15
4
8
10
2
2
5
4
4
2
-2
2
6
-3
-2
6
4
5
5
9
4
2
7
-2
-10
-9
-12
-18
-16
-19
-14
-9
-6
0
-1
-3
-2
-7
-18
-13
-14
-26
-27
-28
-23
-12
-15
-16
-17
-21
-15
-10
-7
1
8
-5
-3
-2
-8
-3
7
11
-2
7
5
4
11
10
15
22
18
13
22
19
18
19
8
8
5
10
6
6
5
8
20
13
9
6
1
-3
2
7
8
7
4
8
0
-10
-6
-3
-3
-7
-15
-18
-21
-14
-3
-4
-15
-13
-1
-2
-2
5
-8
-12
-3
-5
-1
-13
-1
10
-12
-6
-13
-25
-13
-10
-14
-12
-14
-18
1
11
9
8
4
7
-1
4
19
14
-1
6
21
24
24
29
35
27
17
18
11
-4
7
12
8
7
0
3
4
3
-6
-3
-5
-3
1
-1
5
6
3
-4
-12
-19
-20
-16
-18
-11
-3
-3
-1
-5
-12
-13
-10
-1
0
-16
-16
-8
-4
-5
-6
1
1
0
-5
-13
-13
-18
-14
-15
-12
-3
-2
1
6
12
10
10
5
4
2
5
7
-9
-9
-5
-5
-10
-7
-2
-1
9
8
2
0
2
10
11
9
5
6
11
14
8
8
9
-3
-3
4
-6
-2
3
-2
-1
5
10
9
8
6
9
10
3
-3
4
10
9
3
10
15
16
9
-7
2
3
0
6
-10
-10
0
-12
-6
8
11
5
-4
-4
2
-1
-6
-5
-4
-12
-16
1
-1
-10
-1
-9
-5
-2
-6
-1
2
1
-14
0
-1
-19
-15
-24
-14
-14
-9
-2
2
18
6
5
6
9
5
-1
-3
-18
-19
-19
-15
-14
-15
-14
-18
-4
0
-1
-1
9
18
11
16
11
2
7
11
7
9
10
13
16
15
3
6
10
6
8
-2
5
9
10
16
5
7
5
-1
-2
3
-1
-4
2
-4
-2
-1
1
2
3
-5
-2
5
-4
1
8
0
-3
-6
-8
5
3
12
-2
-10
-10
-18
-14
-7
0
-10
-9
-13
-18
-7
-14
-15
-9
-3
-1
-3
6
10
14
17
-1
-8
0
-7
1
1
-4
8
5
13
15
-1
9
4
1
10
6
18
14
8
7
0
6
4
0
12
12
6
24
10
4
10
5
5
3
-7
1
-6
-14
-6
-10
-2
1
3
-1
1
2
-5
-3
-4
-13
-22
-16
-17
-15
-18
-11
-12
-23
-17
-22
-15
-13
-8
-3
-8
-7
-5
-8
-21
-17
-2
-8
-14
3
0
-4
8
5
3
-3
-10
9
11
0
12
7
-3
6
4
-7
-5
8
-1
8
18
15
26
25
19
19
22
15
16
9
18
20
16
30
18
13
18
1
7
14
7
17
17
19
23
15
4
-4
-1
0
-10
-15
-19
-13
-4
-2
1
3
14
3
3
0
-17
-22
-34
-30
-24
-33
-21
-15
-14
-2
-12
-15
-6
-3
-11
-9
4
-6
-12
-19
-23
-15
-10
-16
-21
-6
-7
-7
13
6
-3
-2
-5
-6
-3
-5
-5
7
8
7
4
3
-12
-13
1
-2
11
13
4
6
5
9
10
2
5
13
5
6
4
5
15
10
5
1
-5
-6
-4
5
7
11
1
5
5
6
16
21
23
13
5
12
18
8
13
13
5
6
-2
3
6
-4
-3
-5
-9
2
-7
-10
-7
-7
9
-3
-2
2
1
2
4
-3
-3
4
-2
-2
0
4
5
1
0
-3
-4
1
2
-9
-13
-3
-8
-15
-15
-14
-26
-21
-15
-2
9
9
12
11
1
2
8
-4
-4
-11
-16
-7
-10
-4
-6
-6
-1
-7
1
-5
-5
3
1
1
-1
2
-1
-9
-5
-4
-18
-17
-9
-6
-11
-6
3
7
4
17
18
8
20
6
1
3
-3
9
13
23
19
8
4
-1
-1
4
5
9
17
7
7
12
6
6
1
4
6
-7
-6
-10
-4
6
11
13
7
10
3
-8
-2
0
-9
-5
1
3
0
-7
-2
-6
-5
-2
-7
-6
-12
-15
-1
-2
-11
-17
-18
-12
-15
-14
-14
-15
-5
-7
-1
8
-5
-9
7
9
7
20
15
11
7
0
15
12
7
8
9
23
24
22
19
12
4
-1
2
-10
-3
13
8
12
8
0
2
-7
3
16
14
3
4
3
0
-2
-16
-11
-5
-12
-6
-13
-26
-14
-15
-6
-4
-17
-4
-2
-2
0
-16
-19
-5
-20
-11
-10
-11
-6
-18
-2
-5
0
4
-1
2
-5
-8
-2
-4
-12
-19
-28
-25
-17
-13
-5
-12
-2
13
5
-4
1
0
2
10
13
21
20
21
20
21
15
8
-2
-7
5
13
5
15
24
18
25
14
13
22
11
6
23
24
15
22
19
14
14
22
19
5
6
-5
-9
-4
-5
1
-20
-10
9
-3
11
4
-4
8
-2
-5
-5
-8
0
-11
-9
-14
-25
-20
-24
-16
-13
-5
-5
-7
11
6
8
-9
-23
-8
-29
-30
-19
-23
-21
-18
-10
-6
-14
-20
-13
-9
-4
3
-5
-9
-10
-6
1
-5
-17
-8
-4
-11
3
3
-3
6
13
6
2
4
21
23
14
11
10
12
0
18
5
7
24
2
25
19
9
20
17
21
16
4
9
10
3
4
-5
-1
-6
-16
-9
-10
-11
-7
-10
-9
-10
2
4
-1
4
12
16
3
3
-2
0
-7
-13
1
-6
-2
-2
-6
-2
4
1
9
6
-1
3
3
11
10
18
19
12
15
13
2
7
5
-2
-4
-5
-2
-6
6
9
8
10
1
4
6
2
-10
-11
-7
-6
-12
-20
-8
2
-13
-23
-21
-24
-20
-21
-21
-19
-12
-7
-13
-8
0
-7
-16
-9
-12
-9
-5
-5
3
3
-12
-10
-9
-10
-5
-9
-7
0
-2
4
6
6
23
16
12
20
15
11
6
10
19
20
24
24
14
21
27
11
7
2
0
5
-1
-7
-8
5
1
4
11
-2
-3
2
0
-8
-5
-1
-10
-9
-10
-13
-15
-20
-14
-20
-13
-8
-9
-4
-4
7
8
8
10
10
7
16
16
2
1
1
1
8
9
5
15
16
20
14
1
5
-1
-3
-3
0
9
20
10
17
14
6
20
18
-2
1
2
-1
5
-14
-6
1
-17
-12
-17
-6
9
-1
-3
-5
-7
-16
-30
-33
-28
-28
-30
-29
-35
-26
-12
-13
-12
2
-2
-2
-7
-11
2
-2
-7
-10
-16
-9
2
3
0
10
6
-11
-3
0
-5
8
10
15
18
18
16
11
14
11
7
9
14
14
9
12
9
5
9
10
8
9
7
9
17
14
14
-2
-1
4
-7
11
9
9
13
1
6
-3
0
-2
1
6
4
-2
7
18
-2
5
-3
-2
-3
-9
-6
-7
5
-3
-1
11
13
13
1
-4
-3
-5
-6
-12
-11
-15
0
1
-14
-3
-1
-15
-13
-14
-18
-17
-21
-25
-10
-20
-20
-8
-22
-14
-11
-6
-10
-4
5
1
2
-2
8
9
-1
4
-4
-1
10
13
17
5
10
10
5
6
0
5
-1
-2
4
6
6
-5
-3
2
-2
12
6
4
15
12
6
-3
8
7
9
10
-1
6
-12
-17
-7
-20
-4
1
-1
8
6
12
5
-1
8
11
1
-2
3
-2
-11
-7
-4
-6
-1
3
-2
-1
13
7
13
13
0
3
-2
-6
-9
2
-3
3
12
5
12
4
0
17
17
7
15
0
1
12
-8
-8
-5
-6
3
17
9
0
-2
-11
-10
-16
-14
-8
-12
1
-2
-7
-3
-9
-6
-9
-13
-10
-12
-18
-13
-6
-11
-12
-6
-12
-9
-2
-7
-9
-5
-3
-6
13
2
1
5
-2
1
-15
-16
-15
-14
-6
-9
-5
-2
-2
-5
1
10
-2
-4
2
2
2
12
13
14
13
1
6
15
-1
3
18
2
7
19
12
17
21
31
15
12
26
18
18
16
20
19
14
6
-3
0
-8
-6
3
9
5
3
15
6
2
2
4
11
-1
-3
-7
-5
-5
-16
-10
-5
-4
-7
-13
-10
-2
-8
-12
-18
-23
-20
-18
-20
-11
-11
-12
-1
-6
-9
-11
-11
-4
-4
-10
-11
-3
6
5
-9
1
13
0
-20
-18
-7
-4
3
-3
3
-11
-13
-6
-16
-2
-6
-2
-4
-2
7
8
9
-4
6
12
5
9
0
-2
-4
-6
-11
-13
-12
-9
-7
-1
13
9
9
17
10
7
12
4
18
15
4
14
19
20
16
27
15
18
19
10
20
14
17
19
13
14
21
9
11
15
-3
-5
-2
-2
0
7
9
8
5
4
11
5
-8
-7
-19
-33
-20
-20
-18
-5
-17
-11
-8
-10
-5
-13
-11
-9
-9
-11
1
-7
-14
-6
-7
-12
-20
-18
-17
-17
-22
-8
-10
-7
4
-13
-19
-14
-11
-10
-2
-3
-18
-20
-12
-13
-6
-3
3
13
6
-5
-16
-19
-15
-16
-10
-4
2
13
16
22
23
22
18
9
14
11
17
23
16
20
21
19
17
12
23
26
21
36
41
32
35
42
24
23
30
23
19
10
16
11
-7
3
-4
-21
-8
-18
-22
-14
-18
-11
-11
-14
-18
-13
-11
-24
-29
-26
-30
-27
-21
-19
-25
-29
-18
-21
-24
-24
-23
-22
-25
-14
-6
-1
-1
-2
2
-10
-12
-11
-14
-2
-1
7
13
8
20
29
19
16
19
8
17
25
16
15
4
9
17
19
15
9
9
7
13
8
10
17
23
27
21
22
10
15
13
-6
-3
-9
-8
-14
-9
-11
-13
3
0
-7
-11
-8
-8
1
0
-12
-6
-4
-15
-19
-13
-23
-33
-29
-39
-30
-15
-13
5
-4
-14
0
-12
-10
-2
-7
-2
-8
-2
-2
3
9
-5
-15
-1
0
-2
4
-2
-2
3
1
5
29
12
3
29
26
26
28
21
12
11
9
7
13
6
12
8
7
26
26
20
16
28
31
15
20
9
-3
9
8
10
5
-9
-7
-10
-6
-9
-10
1
1
12
8
-1
-5
-14
-18
-19
-18
-19
-21
-12
-20
-20
-6
-7
-14
-9
-6
-22
-24
-11
-25
-31
-19
-26
-24
-19
-13
-5
-10
-7
-4
0
-11
-13
-6
-4
-6
3
1
-20
-17
-12
-9
-7
7
5
6
18
18
43
39
29
30
30
56
57
51
32
18
12
12
38
48
77
70
121
122
87
76
50
28
82
103
78
69
144
173
489
941
1031
1397
221
-1584
-992
2812
3978
-310
-2690
-1831
-749
304
2887
2859
-2751
-6490
-3842
1314
2855
355
-3622
-6029
-3501
-199
-758
-1856
-2111
-3756
-4218
-1010
1591
-735
-3520
-2802
-733
55
-651
-1396
-3017
-1891
-875
8447
18684
11262
-11046
-19831
8103
31487
25397
1223
-10528
-4716
1526
17753
31223
26990
-1334
-26106
-10165
22694
31476
4468
-14473
-3609
4428
-2505
-9508
-44
6753
-5393
-15565
-13179
-6248
-10602
-19326
-11141
2715
-507
-21531
-30608
-13895
1493
1015
-7934
-11228
-9783
-11473
-8696
123
9686
7333
-7398
-13643
-3614
10232
10439
2666
2689
5013
2787
-1154
1420
9092
11079
7397
1934
1944
5062
4553
4971
8121
11778
6923
-1679
-1266
5448
11164
9844
6262
4008
1398
396
2418
9491
12855
5229
-2958
-2685
4985
5271
3483
8817
8120
-1914
-12132
-4496
6518
8447
3106
-5427
-8739
-10809
-4794
1672
4466
1068
-10932
-15219
-10031
-815
839
-3471
-6157
-10330
-10258
-7812
-5045
-3630
-5012
-5170
-8613
-11447
-10155
-8883
-7448
-5050
-4860
-7574
-11185
-321
14373
8848
-12174
-20808
7384
29526
22601
507
-8006
2070
4775
16087
30451
28311
2024
-21192
-3107
26376
29869
4867
-10754
1899
9342
2809
-3814
4011
10957
-2767
-12562
-6341
2963
-3607
-15789
-7616
4824
809
-16465
-21731
-6434
2684
-2103
-10058
-8894
-4127
-8625
-10380
-2795
6030
2569
-10463
-12366
-3358
4320
3118
-1883
-326
993
-598
-2334
143
6798
6986
3250
730
3227
5970
2874
2585
5714
9003
5910
-982
-453
4298
8048
6630
4852
5585
3059
-585
958
8611
12158
4269
-2148
-578
4135
9079
5646
3055
1102
817
-498
-271
8683
5465
-4105
-8742
210
7926
-793
-6113
-7254
-2785
-341
-2416
-4275
-7862
-5578
-6487
-6422
-2943
-5345
-9013
-11842
-7560
-3771
-7341
-10172
-13308
-11346
-8793
-8656
-6632
-5355
4432
6336
-5573
-18063
-13040
15927
27871
13466
-9451
-12221
2639
12258
24448
30362
19338
-6605
-17861
5094
29899
27206
2239
-9786
817
7342
3662
1205
8973
11692
-2905
-12818
-8232
114
-2416
-8186
-789
4000
-5801
-21111
-20017
-1156
8317
1492
-10727
-13351
-9084
-8652
-4503
3655
7147
-2554
-16762
-15279
-2375
7072
3862
-4053
-4117
-2638
-2946
-4478
-849
7181
7152
1280
-3596
-161
5726
6429
6325
6603
7649
4208
-577
1939
8848
13533
9497
3579
2814
4995
6507
8090
10760
13025
11101
2281
-3152
954
11313
12167
7424
2406
-4841
-8495
-4738
9268
12867
2921
-9507
-15773
-8860
749
5417
-712
-8077
-10803
-12776
-8914
-3430
-1441
-4851
-10505
-11886
-11329
-7933
-5722
-8053
-8742
-10571
-12193
-12985
-8437
-676
4213
3501
-9361
-18764
-8461
15777
23944
7251
-8671
-7995
1464
10896
22465
26523
14129
-6653
-11523
7940
27306
22665
2287
-4382
3618
5822
-1999
-2090
8669
8854
-3154
-10156
-5918
-2516
-6364
-7267
25
4908
-4269
-17985
-17257
-3950
3475
-1007
-5781
-4983
-6237
-9412
-5900
3176
7718
1613
-7791
-9832
-3195
2707
1486
-763
1142
1004
-5050
-8019
-1209
7496
7539
1897
-1614
-787
1030
1994
5835
10372
9233
733
-4877
610
9472
11822
7961
3442
1371
-1460
4542
16051
16924
7097
-2365
1289
5796
10885
11932
6634
2120
-2526
249
2111
5317
5347
-2632
-4860
-3409
-1187
-4550
-4695
-463
-2587
-4390
-8111
-10214
-8285
-4983
-1053
-3696
-8330
-12370
-13414
-7705
-4177
-4732
-7324
-6522
2003
3341
-6145
-19348
-15780
9980
21844
7937
-17428
-21056
-6698
5466
20244
24243
10365
-17531
-25465
2264
29137
27281
-135
-14204
-4356
4655
3999
1773
9202
8469
-8177
-15604
-5896
5262
-91
-8133
-1463
4332
-3116
-15928
-12441
5131
11544
2930
-7874
-7035
-2060
-3129
-212
7838
11265
227
-13138
-9528
4332
12502
6566
-2491
-3447
-2139
-1936
-1841
2683
6983
3540
-1760
-3070
1683
5135
4469
5630
7173
6767
611
-3196
1869
9692
11641
5083
1424
-73
3488
6240
6557
6722
2797
-565
-3718
3662
7374
2011
-5333
-4773
5023
2723
-3779
-7644
-4121
1172
-459
-2066
-4576
-3841
-5057
-4895
2285
4257
-1632
-9502
-7610
1565
3081
-2142
-7311
-6367
-2577
-3632
-4569
-1987
4183
11392
6915
-6175
-15488
-4358
19044
23446
7375
-13617
-16324
-7166
3634
17733
18404
862
-25681
-29316
-672
21967
14536
-10635
-17332
-6191
-2794
-6412
-4269
7700
7029
-9633
-17065
-9708
545
-1667
-4289
5193
9459
-2739
-19481
-15342
7106
18768
11469
-1810
-4824
-2756
-3042
2540
13562
19059
6218
-13254
-14605
475
13798
10920
738
-3677
-5610
-7255
-7736
-878
8131
5925
-4677
-11390
-6108
1483
3306
4695
6989
6062
-1205
-5544
2713
12996
16107
8239
4115
9449
4870
-188
4015
17585
16353
3437
-1571
-3187
396
1237
7544
10047
1281
-9637
-17959
-7919
6416
8313
-2988
-12134
-9669
-8620
-3866
2273
1970
-2528
-7099
-5341
-3355
-1073
1778
-1226
-2567
-3368
-2068
-961
3962
14725
10101
-4931
-17091
-4850
20636
26844
8611
-16164
-15856
-2596
9325
17264
14521
-1135
-24698
-25174
295
18527
8184
-15752
-21754
-12324
-6516
-9675
-12332
-5038
-2188
-10632
-16563
-13666
-8352
-10199
-7556
4036
6446
-5450
-17412
-9732
9150
16928
10517
414
627
6448
9310
12397
16463
17850
9044
-1139
1602
11244
15655
7945
746
2438
5260
3581
-2771
-3223
1216
1731
-2599
-6759
-4562
-2725
-4380
-4025
-1375
731
-3003
-6925
-5120
1052
6090
7302
7309
922
-4210
-1155
9335
15164
10846
2661
-4153
-2745
3944
11521
11308
3362
-6166
-12604
-7949
2451
6358
-178
-7875
-10414
-9163
-4640
-1211
-293
-382
-1623
-3831
-4867
-1509
3391
3824
1430
405
1153
2509
13930
21618
9960
-9367
-11142
14406
31166
21974
-4238
-15957
-6687
4874
17014
17266
5902
-18263
-31717
-12008
13952
13112
-16248
-30720
-17525
-5698
-10919
-21037
-14843
-5703
-11921
-22533
-22920
-12211
-8468
-13950
-10441
-839
-1212
-14831
-18376
-1377
13949
10546
-3099
-3606
7918
13177
11119
12243
20673
21896
9420
2951
13003
25375
21621
7974
4161
8942
10624
4543
1354
6954
9949
3456
-6371
-5273
2858
3552
-1053
-2235
758
-2085
-8515
-5951
1824
7095
3691
-3726
-8165
-8314
-839
5509
10877
6264
-6649
-14271
-9043
6860
12718
7550
-3152
-11407
-11669
-5996
4925
7994
518
-10918
-15838
-8590
-1633
98
-2336
-3819
-4467
-8736
-7861
-3605
3852
6007
1742
-3681
-5164
2069
12349
25162
20006
2102
-9665
1940
25894
31660
15519
-6335
-9075
787
14186
22676
16164
-975
-20367
-18758
1612
14795
4411
-17073
-20951
-11563
-7387
-12873
-15959
-10040
-8904
-15646
-20959
-19628
-15291
-15900
-14572
-6274
-1749
-9262
-19822
-14973
685
8392
3140
-3484
-1451
2847
4030
6541
12661
17209
12373
3269
4493
14567
20639
14621
7340
9353
13005
10625
4065
4157
9421
9594
4030
22
2802
4476
526
-1375
2756
6009
1474
-4848
-1911
4155
6224
4838
3146
512
-5227
-2064
5213
8270
1581
-8323
-9390
-4255
2497
158
-4934
-6052
-6993
-8087
-8290
-3157
-1687
-6031
-9353
-8575
-4488
-3063
-5214
-6564
-4314
-1138
-2208
-5364
-4181
827
755
-2373
-3075
4011
17986
17119
331
-15169
557
26818
32069
15962
-5391
-6229
116
13199
28031
26865
7301
-21657
-21940
5353
25651
13480
-16214
-20883
-8776
-4048
-9986
-12843
-3984
-4805
-16042
-21219
-16689
-9197
-12523
-15868
-9698
-4011
-9283
-21670
-18332
-1114
8105
1640
-10558
-9963
-1244
4590
6948
7363
9236
4819
-2848
650
12200
20585
12829
1665
2409
8520
11606
6825
4557
7389
8265
4868
-304
1548
6111
5778
2649
983
3126
1684
-1648
1390
6740
8213
2564
-808
30
2090
6724
8875
7491
2073
-1562
-104
2965
5509
3206
-16
-1862
-4221
-5883
-4235
1046
606
-6250
-10020
-7846
-5043
-4944
-5507
-5257
-4657
-5145
-6606
-8423
-7336
-3180
-1371
-918
-3175
2292
9884
5539
-5758
-11396
9256
26897
22464
1806
-11293
-1104
9877
20243
22220
14308
-2541
-20190
-11668
11247
20843
2232
-21441
-18733
-5051
-3203
-13171
-15988
-6485
-6526
-16548
-22097
-16923
-8407
-10907
-12731
-7611
-4938
-10811
-18717
-9523
7575
11279
705
-10067
-4828
5495
10695
12807
12801
12462
4347
-1394
7025
20356
25040
11880
556
2483
8740
10621
6760
8133
9327
2761
-5186
-5011
4473
7642
1369
-2782
-664
-52
-4900
-5739
990
5602
2518
-4525
-6070
-1335
1545
2625
2084
1637
-589
-3689
-1829
2577
5399
2297
-2049
-4277
-4564
-1344
1764
2413
-1262
-5892
-6790
-3260
1364
1956
-1995
-5409
-4896
-1641
-103
-720
-2733
-3489
-2695
2117
14747
16209
-202
-18328
-9414
19822
32767
17918
-9673
-15475
-2514
14388
27437
24834
9111
-15905
-22350
846
24633
19819
-9905
-23239
-12934
-3220
-7094
-15018
-9880
-6062
-14394
-24160
-24013
-13636
-11370
-15894
-13681
-8195
-10634
-22833
-22879
-5510
8787
5861
-8215
-11776
-4332
2807
7103
11224
17061
13213
-395
-4861
7158
24630
26347
14723
7003
6467
8666
9166
13457
19758
16653
5475
-3051
1031
9087
10216
7822
6112
3609
-2679
-5883
-672
6870
8036
2401
-4848
-8014
-8194
-3552
5215
7504
-1424
-15451
-16204
-4265
4686
3034
-6053
-10821
-12423
-10556
-5329
900
3415
-3624
-11704
-11835
-4126
3296
1977
-2282
-3741
-3514
-2366
-1412
2171
4257
2762
550
8212
16481
7777
-8808
-7347
17723
32767
20866
-4009
-11788
-417
12795
24062
23953
11849
-11067
-22172
-3641
22338
24252
-3558
-22630
-15650
-3524
-3365
-9703
-7794
-7034
-16553
-23502
-19229
-10196
-11023
-18369
-16050
-8627
-9665
-20905
-23266
-7981
5328
2834
-8968
-12098
-4629
1332
5100
8856
12044
8534
-1779
-2957
7654
19495
18708
8350
5433
9291
11385
7889
7381
14237
15722
7782
-1440
-443
8479
11409
7584
3622
3636
3622
-49
89
6518
11785
7775
-1296
-3668
-1525
1205
4075
5901
2653
-6400
-10756
-5943
1071
1912
-4222
-9081
-10762
-10696
-9751
-6119
-621
-1775
-9758
-14256
-9889
-1778
-433
-2844
-4689
-5970
-7295
-7052
-979
3963
4578
6010
12519
10946
-2542
-9165
7326
29354
28739
6323
-11340
-5697
9113
21238
26435
20778
2407
-18862
-15649
10833
27547
11523
-16106
-20659
-7972
-2234
-7818
-9617
-3949
-7412
-20362
-26296
-18356
-7942
-9807
-14414
-11241
-8314
-14591
-23157
-15506
2602
9297
-685
-12271
-10405
-2220
3016
6775
12021
15056
6132
-6196
-4706
10007
22070
16418
5403
3359
6721
7684
6166
11548
17588
13269
895
-5120
2061
9911
8891
3883
2837
3175
-135
-3969
1253
9431
10458
3016
-3550
-2740
-1730
1348
5001
6673
1700
-8593
-11304
-6304
1642
4366
-75
-6524
-13262
-14195
-9049
-67
4532
-1859
-9772
-12681
-8818
-2745
1602
4073
1093
-3351
-7762
-7005
-1084
5711
8195
10252
13916
5710
-8071
-10810
10864
31698
26817
2544
-15905
-10598
4426
21157
27829
19014
-2364
-23685
-17796
9469
27129
13521
-13086
-21094
-14122
-8728
-7472
-2800
1986
-7733
-24495
-30003
-18963
-4832
-5349
-12234
-14379
-14340
-18305
-20917
-9614
6133
8455
-2370
-11726
-9046
-1598
4705
11582
16401
14412
2670
-5657
1208
15512
22812
15746
6872
4357
4264
5680
9845
17542
18568
8779
-740
-1228
6626
11128
8872
6011
3708
461
-2733
-1871
4382
7404
5105
397
-2275
-3366
-6036
-1835
5026
5240
-4239
-13402
-10143
-3557
-807
-3085
-4858
-6420
-11728
-14198
-10229
-1393
1890
-5739
-12217
-10494
-3074
282
-1273
-653
603
-476
-3717
-3495
3243
8676
12479
14868
10085
533
-6684
4816
24311
30426
15548
-6635
-10479
-70
16323
25830
18860
671
-19519
-17613
4022
18784
9830
-12235
-19325
-13395
-9050
-10681
-10823
-4009
-5899
-17565
-25234
-21312
-10518
-8280
-10089
-8626
-8880
-14561
-21094
-13925
1984
9007
2949
-6634
-6964
-1844
2377
7752
13723
15888
7773
-2603
-1424
9037
18678
17076
10071
6431
3954
2672
4090
11434
18425
13983
2663
-3625
1286
9132
10721
8568
6192
3681
-1488
-2397
4256
9646
8109
2107
-1193
-2190
-1545
622
3549
3476
-1122
-7608
-10894
-7164
-1691
-1140
-5381
-9345
-12274
-14565
-12859
-7112
-2345
-4123
-10765
-15573
-12354
-3611
1200
-1429
-4189
-1920
-166
-2254
-1387
5260
9726
8019
8857
17711
17094
3733
-4303
10164
30220
28479
7156
-8315
-1335
10651
16416
17300
13363
1067
-16223
-16054
4152
17858
5020
-18839
-23807
-12368
-6638
-11796
-14887
-10595
-12613
-22478
-26028
-17816
-8494
-11595
-17576
-14352
-7587
-8863
-15561
-11633
2216
10017
4129
-4228
-2731
4842
10761
13357
15686
16562
10013
954
2075
14477
23902
17786
5379
1343
5295
8312
8020
9170
10927
7495
-539
-4534
502
6834
7060
3137
339
898
-568
-1499
877
3957
5183
2518
60
-3459
-4179
-111
4165
3754
-3457
-7326
-6274
-4201
-2825
-3153
-2762
-5469
-10880
-13308
-9377
-1999
-2053
-7256
-10488
-8770
-6012
-6391
-3844
-506
-71
-2593
-5527
-3805
191
4268
6112
10912
17356
10796
-2725
-6268
13123
31698
27715
9073
-4361
-1103
7467
18937
26975
21318
1201
-19228
-14218
10190
22212
5759
-17068
-18438
-9148
-8810
-14053
-11647
-5050
-11702
-25273
-28151
-19098
-11209
-15215
-18207
-12771
-10054
-17897
-24889
-14064
3669
6791
-3868
-10669
-4684
3169
6509
10716
16715
17327
7773
251
6462
18779
23755
16987
10554
9690
8257
6162
8033
15065
16946
8738
-513
-2399
2999
6249
5586
4507
2340
-579
-5242
-4273
1547
4564
3528
-318
-2144
-5747
-6386
-942
6092
6662
-3849
-11228
-9230
-2019
2520
525
-2739
-7055
-11052
-11406
-5073
2872
1865
-6205
-11309
-7861
-1660
-1064
-2943
-1373
1133
-260
-4880
-4778
806
5174
4380
1888
2521
9520
13471
6671
-1915
-226
15577
23164
15743
738
-5603
1186
9166
18301
18468
7983
-9418
-18448
-4401
13482
13309
-7404
-21909
-15330
-6134
-6459
-12083
-12187
-10620
-16845
-21355
-17861
-10744
-10569
-18276
-17981
-10216
-6163
-11495
-16472
-7951
3319
4655
-2282
-5820
1032
8299
11556
12197
12808
12163
5766
4360
12231
21411
20452
8916
4089
8833
13774
12696
8931
10000
10217
5718
863
1633
6859
6324
1413
-182
1684
817
-4341
-4656
1223
4571
1119
-6746
-9877
-7132
-1413
2423
329
-3764
-9315
-10988
-6278
871
3115
-3715
-10403
-11339
-5475
509
436
-3495
-6191
-3298
-286
-1183
-2606
-504
3031
2515
-668
-424
2228
3891
2643
4881
7691
5115
-194
1361
15716
18007
5476
-7972
-1265
15654
17997
7974
-3040
-1659
5
1319
8039
11488
3779
-14687
-19103
-3350
8110
82
-15905
-16419
-7896
-8812
-15248
-15320
-7193
-6945
-15639
-18336
-14096
-9784
-13309
-14733
-6336
-669
-5218
-13976
-11062
2049
7620
4018
-538
3297
8547
7623
7639
11710
16885
13687
6009
6683
13399
18028
14036
9381
10545
10702
8236
6072
8646
11191
6721
2075
1092
3616
3673
650
1897
1848
-789
-4034
-3813
-14
-598
-2748
-6426
-7458
-5453
-4139
-2675
-5158
-6953
-7672
-7746
-5163
-4557
-5607
-7005
-5623
-3537
-4434
-4366
-3295
-1613
-757
-1752
-621
1066
3637
3155
-32
333
3258
7574
7807
5442
3538
2966
3896
6210
8527
13848
13888
3817
-6499
-4313
12805
19518
12292
-2963
-9981
-4435
927
9479
10898
3926
-10672
-21347
-11982
3173
7350
-6145
-18138
-15765
-12094
-11296
-11628
-6986
-3815
-11521
-18318
-17948
-10696
-5635
-7612
-7193
-5751
-6504
-10144
-9842
-63
7539
6471
834
-1680
1531
4109
8423
13865
15564
11209
2228
1309
9188
18058
20153
13032
7057
4851
5388
8934
12436
13783
8073
848
-1370
837
5038
6493
5065
561
-3078
-3996
-1804
1830
1951
-1770
-4006
-3904
-4954
-6076
-4643
-962
-1527
-6716
-10293
-8659
-4912
-3711
-4183
-5278
-5690
-7079
-7548
-3633
1910
2004
-3211
-5167
-832
2665
1766
450
2190
3605
3129
2102
4249
6859
4756
2196
4552
15623
16329
3779
-8029
-2105
15489
19661
10259
-4206
-7721
-3708
2894
12935
13778
2447
-16240
-20819
-4429
9416
4421
-12418
-17573
-11592
-10028
-12470
-12068
-4992
-4487
-13242
-18370
-15450
-8755
-7917
-8241
-3255
-1155
-7483
-15041
-10473
3780
10014
5471
-569
-663
2142
2315
5846
13210
17216
10438
-826
-321
8745
15324
13398
9663
10551
7706
2002
1409
8660
15352
10767
1495
-2707
379
3743
3238
3592
4208
825
-4458
-5398
762
4667
1886
-1701
-3265
-1921
-4013
-4244
-545
2238
-366
-8453
-10248
-5652
-187
104
-3883
-6211
-8116
-8163
-4980
-71
2149
-771
-3685
-4178
-1771
1174
2374
4121
3877
2129
201
1325
4119
6560
5518
3322
3555
6545
12998
9376
533
-5098
4085
15607
12882
2253
-7688
-5221
-779
4795
10654
6752
-5443
-19449
-15839
1052
7386
-3772
-18257
-16177
-8428
-9323
-11870
-9248
-3960
-9754
-18015
-14779
-6716
-4143
-10643
-11484
-2971
933
-4436
-10060
-3958
7784
9755
3968
-835
1566
6185
8503
11715
12693
10919
4913
1331
6535
12332
13839
8839
5125
6549
6622
5788
5248
6951
7537
4062
1548
955
2304
1546
196
1265
2038
806
-3017
-2959
-156
1986
2083
-35
-2020
-4147
-3295
-876
1387
-970
-6097
-6979
-3604
89
-2101
-6179
-6726
-5003
-3365
-3856
-3516
-2635
-2365
-2840
-3085
-954
693
1116
492
571
2458
3751
3795
2635
2674
3833
5265
3337
1376
2925
10652
15110
4706
-8063
-8839
7178
18019
11982
-1989
-10665
-8605
-3700
6919
14764
8111
-11929
-26315
-14684
6317
9679
-5489
-16399
-11972
-7727
-10954
-11438
-4072
412
-7182
-14855
-12783
-6513
-5084
-7276
-3039
2427
-153
-6995
-7527
1430
7591
6201
2946
1613
2422
3190
6869
11492
12007
6904
775
1637
6922
11123
11207
8447
5250
1771
883
4283
7531
7596
4390
1008
-1170
-2327
-162
3363
4894
1297
-3816
-4422
-1349
2173
1740
135
648
-312
-3259
-4327
-546
2308
406
-2068
-3007
-2537
-2768
-3179
-1552
-40
-237
-3287
-5480
-2714
1186
1435
-1045
-1842
-722
-358
611
1939
3017
1997
157
417
2468
3852
3813
1276
-147
-843
-764
2201
7868
12509
2016
-11499
-13477
3125
18795
14169
-1569
-14268
-12140
-4164
6452
14305
8523
-9577
-25742
-18118
4869
13994
983
-14705
-14976
-8889
-8204
-6542
-554
2171
-6594
-14574
-10245
-2921
-2860
-7848
-3210
7565
5883
-7827
-13607
-843
13471
11322
1665
-1031
2999
3528
2753
9111
15046
9988
-2499
-4794
7243
15716
11248
2298
1274
5098
3441
716
2943
6483
3659
-3548
-4194
407
2297
-1505
-3809
132
3450
372
-5910
-6146
-274
4318
2923
-982
-2052
-2841
-2880
-275
5111
5891
-368
-6210
-5517
2237
6100
3453
-514
-1963
-698
-1175
-611
1861
3339
1232
-2065
-1091
702
831
-201
-202
2791
3803
763
-3805
-3800
1115
4507
2480
-2138
-4955
-5442
-2161
5604
9838
861
-12747
-13656
2464
15684
10803
-5672
-15125
-10270
-889
8330
10747
2748
-11814
-18568
-7218
7496
7431
-4971
-9804
-4609
-2886
-6468
-6755
-699
1716
-3278
-5640
-3665
-3228
-6422
-5111
4579
8336
-572
-9741
-5851
4678
6685
2434
2594
5635
2757
-3680
-1140
8811
13339
7946
917
1148
3538
4181
5628
8586
8372
903
-5147
-2103
3927
4629
517
-1177
-826
-2490
-3655
-1152
2845
1971
-2404
-4638
-3388
-2147
-819
2755
4828
1268
-5118
-5429
393
6039
6599
3387
-203
-3676
-3041
1647
7074
8034
3066
-1974
-3181
-430
2999
4563
4570
1251
-2610
-3540
-890
2556
3362
2531
-366
-3801
-4775
-2356
2377
3143
-1025
-6296
-8371
-6341
-3363
-1809
2537
7219
-119
-14174
-17510
-808
15965
13953
-2471
-14637
-12605
-5615
5821
15688
13571
-4121
-22426
-15654
7914
18803
6094
-8790
-8060
-3828
-4761
-3755
4855
10569
807
-10786
-11065
-3180
771
-2183
671
5688
1296
-10707
-14262
-1892
9178
7194
-1070
-4600
-3474
-3381
781
9632
14574
7862
-4664
-6495
2124
9214
9156
6172
5208
1141
-5128
-4835
3513
10466
6902
-1159
-5074
-3695
-602
1588
4401
4386
-153
-5745
-6496
-290
5178
5586
2826
666
-1677
-2969
-289
5585
8604
4924
-949
-4069
-1984
2652
7485
8506
4416
-2062
-6301
-2670
4231
7064
2918
-2971
-4071
-2507
-990
-334
-187
-1092
-3519
-3880
-3137
-3106
-4213
-5692
-3871
-1898
-3113
-7536
-10397
-7072
-2381
2655
7247
2420
-10023
-17872
-5042
16186
20440
5085
-13100
-14828
-5574
8271
20363
18900
1310
-20509
-18679
7139
24552
14880
-5735
-9392
-1521
-286
-2240
2030
8968
2696
-10516
-12181
-3707
1399
-3872
-5581
1105
1518
-9034
-16884
-8013
6237
7609
-190
-5715
-4388
-2604
-1243
5801
12126
9390
-2215
-8842
-1470
8478
10570
4757
470
-170
-1621
-1083
2670
7027
5341
-1709
-5138
-2733
2086
3080
1159
914
1162
133
-2284
-1767
2238
5834
6737
3616
-26
-1912
168
5150
9078
9742
4304
-2842
-5359
932
10707
13199
6107
-3919
-7291
-3273
3596
7183
4291
-2042
-7997
-8595
-3416
1762
1016
-4770
-8454
-7264
-5684
-6197
-6491
-3765
-1447
-3854
-8774
-10024
-6424
-2078
-1593
-2206
-2286
-246
4741
2577
-2863
-6455
2881
14956
13316
1555
-10188
-6771
1954
12428
19301
11979
-4673
-17896
-6830
16058
21174
4439
-12514
-8850
-107
-374
-1202
2954
5202
-6415
-16472
-10346
153
1333
-6325
-5503
903
-2801
-12691
-13123
1856
11263
4134
-4995
-5762
-1364
-1194
1534
10337
12810
2983
-9350
-6894
6230
12330
8042
1263
-541
-1464
-3435
-209
5826
7300
455
-5924
-4409
-722
1847
2596
4020
2846
-2449
-5488
-2963
3164
6803
5974
3664
732
-2064
-1452
4321
11589
10378
4255
-1047
-1716
2907
6835
9758
7151
1626
-4140
-5688
-320
5272
6156
-664
-7664
-9677
-8047
-3887
-1225
-913
-4165
-9179
-11256
-9052
-3828
-274
-765
-3132
-6591
-7923
-4752
1301
4392
1904
-2080
-4770
-2865
2695
11656
11584
-408
-10916
-4619
12779
17507
7849
-5212
-6766
-2194
2544
11514
15156
5507
-13427
-16909
1716
15190
7148
-8781
-9742
-2677
-3387
-5579
-1827
3836
-2334
-12868
-10268
-800
1565
-5941
-7775
370
2242
-6018
-10269
-1645
7653
4761
-1499
-1599
1789
1150
-638
5053
10708
7653
-2402
-7034
513
8479
9406
4066
-530
-2232
-4186
-2694
2694
7060
4465
-4178
-9100
-6405
1489
6443
4437
-100
-3854
-3764
-734
3675
7398
5992
1743
-610
809
4533
5709
6501
6894
5742
3118
-416
2844
7139
7415
2208
-1952
-16
-1118
-3301
-3669
633
2311
-4570
-10014
-9452
-3208
-752
-2479
-2827
-3535
-4812
-7235
-4518
1641
3863
883
-3615
-3279
-887
1349
2625
3034
-17
-3210
-3991
-603
4049
5125
7495
1425
-6608
-10275
-493
12698
10009
-914
-12448
-10111
-3101
4111
12203
8808
-3565
-17472
-13015
5775
12184
2789
-7437
-3140
955
-6253
-8576
481
10925
3889
-9703
-10091
-2283
1998
-2198
-1569
4456
2274
-5877
-7346
3022
10397
4319
-2516
-1349
3217
2638
-404
2457
5805
4591
-983
-3857
-580
1361
1510
766
53
-2371
-6846
-5601
65
3547
1277
-2802
-2733
-1423
-107
859
2781
4948
3554
227
-1348
958
4488
5490
5858
5245
2695
810
1711
5750
6941
5113
2309
37
517
475
533
754
1953
2916
-648
-4569
-4881
-1053
2469
2017
-519
-4081
-4676
-2966
194
3484
3524
706
-3030
-3119
121
3208
3881
1005
-2753
-3793
-1777
1227
744
-966
-3489
-5315
-6820
-7248
-3561
-614
3528
-434
-9324
-14352
-7673
5714
8149
1841
-9378
-13285
-10203
-794
13246
14085
683
-14634
-11522
6568
14944
7905
-1245
401
2734
-2013
-1955
4961
10182
3970
-3457
105
2729
-780
-4196
1787
10408
5845
-4553
-7245
-581
3252
-320
-624
932
-1744
-8364
-8618
912
5618
1100
-6801
-9455
-5602
-2066
1332
2331
-337
-5101
-7703
-2367
4302
5104
403
-2857
-205
2285
2990
2643
3317
4350
2696
1883
2167
3225
3679
2848
4024
4123
1828
-905
1125
6700
7933
4238
-289
-710
1666
4372
6956
6227
1356
-3821
-3187
3905
9243
6209
-1045
-4026
-418
3713
4554
2910
647
-1661
-2615
43
2963
1861
-3034
-5672
-3001
-664
-2490
-6118
-6589
-4789
-4760
-6317
-7549
-7379
-6818
-8367
-9157
-9470
-8146
-7123
-4905
-62
-4438
-12088
-14027
-1356
10520
6669
-3120
-9307
-4445
1600
10149
18158
13521
-276
-10385
484
18829
20428
7491
-1448
3626
7542
5410
7037
10639
9046
147
-2914
2288
3531
-459
-3650
127
2457
-4873
-11656
-10088
-2419
-230
-4641
-6425
-7479
-8424
-8332
-4270
942
193
-2736
-6081
-6999
-4244
-650
2948
1607
-1508
-3253
-3599
-1458
-433
1794
4205
3815
282
-4047
-1589
4270
8014
6927
2911
1164
816
3408
6762
8171
7439
2693
-291
660
4868
8001
6963
6761
3758
-58
-835
4463
10894
9475
4875
-1065
-1863
1423
5243
7558
4741
1742
-2170
-3708
-1129
2404
3812
-346
-4855
-7000
-5418
-2817
-3418
-3683
-4121
-6218
-10055
-11126
-6300
-3312
-5553
-8827
-9141
-8356
-9813
-9862
-7553
-5457
-6711
-10969
-9720
-6155
450
1561
-4832
-9636
-6895
7178
11553
6332
-1472
-1538
5538
7653
13810
16601
12124
1972
-1484
11523
19630
13887
2535
2108
9912
8484
4869
4849
6341
2589
-4803
-1464
4171
1465
-6305
-8649
-864
459
-6860
-10887
-7274
-1039
-2915
-5952
-6674
-8384
-8493
-6845
-911
-1000
-8083
-12110
-10854
-2981
1035
-152
-2866
-5719
-4300
-1674
2901
5889
3308
-200
-1648
2366
6281
7846
7794
4278
1222
399
3286
6834
6358
4339
1821
1798
3402
4146
5338
5217
4975
4103
4499
6744
7930
7607
5047
4430
5887
6735
6794
5630
3474
1764
2198
3373
2954
1221
-1342
-3254
-3545
-2355
-1430
-3084
-5518
-6150
-5685
-5676
-6578
-6520
-5555
-5458
-7682
-10021
-10070
-8833
-8246
-8120
-8086
-9806
-11571
-12030
-9325
-6273
-7719
-10049
-10832
-5367
-1849
-2234
1893
1002
-1454
-6532
2304
15919
14226
5512
-2501
5402
11491
13701
17803
16521
11346
-99
1977
15329
19516
12029
2272
6384
10037
4006
1283
3861
8651
3006
-3623
-1476
-1312
-4908
-9781
-5256
2282
-1742
-10864
-14887
-9553
-5326
-6895
-5973
-6346
-9299
-13793
-12629
-4014
-746
-2647
-7713
-9611
-5914
-3396
300
1336
236
-2338
-4367
-460
2712
3831
3467
3786
4534
1608
889
3178
7233
9300
7188
5178
3530
3692
6263
10616
14001
9725
2903
1716
7397
12396
10918
8043
5615
3563
2213
5015
9308
8325
3118
-2281
-2172
1669
4860
1871
-3884
-5450
-3248
-831
-2632
-5375
-6118
-5064
-4507
-6306
-7351
-7402
-7474
-8626
-8570
-5875
-6314
-10378
-13084
-11185
-7454
-7899
-10595
-12281
-11134
-9409
-9059
-7394
-4656
-5401
-8850
-8100
-2519
650
-429
-1196
1720
9895
9772
2563
-1399
8092
20092
17258
8208
4286
8747
9439
12217
22046
22213
8287
-5598
2463
21712
24046
10108
562
4451
6017
520
2030
8458
6489
-6902
-11551
-2852
-1701
-10353
-15562
-8322
-3305
-12252
-20312
-17336
-8650
-7298
-11775
-11661
-10567
-12049
-13847
-8560
-311
-139
-5044
-8135
-4696
726
2260
2897
3436
4570
3347
1052
3450
7768
9749
7323
4983
5355
5221
5754
7031
9426
9218
5766
3859
4580
6975
7720
7745
8818
6999
2793
917
4318
8470
7391
4436
1800
347
489
2047
5146
4007
409
-3410
-4550
-2048
378
1212
-2157
-5370
-6293
-5419
-3204
-2223
-1882
-4852
-8439
-8690
-6304
-4357
-6816
-9259
-8666
-7577
-9375
-12758
-11292
-7049
-4521
-5699
-8831
-9936
-8861
-5193
-1256
-1161
-2296
-4103
-2984
-351
2265
4031
3104
2451
3288
5973
7607
11581
10428
5617
1856
9334
17775
15683
8239
2694
6992
7723
10846
15596
12837
2044
-8568
-566
12040
12039
-604
-9341
-5321
-3509
-3246
-249
1104
-3097
-11659
-9915
-3342
-3624
-6726
-7006
-2043
-3104
-9285
-10158
-5467
-1185
-3145
-3911
-1945
-5014
-8677
-6847
2176
5655
-1229
-5789
-5083
-824
475
593
3131
1980
-1480
-4437
-814
6141
6314
1408
-1177
2807
5772
3929
3948
6715
8575
4530
1310
5592
10776
10047
3951
2548
6398
6752
4561
5009
7580
4918
-489
54
4479
5985
1336
-2114
-365
1554
1644
-2427
-3084
-1574
-1717
-3399
-4617
-2709
-4143
-6204
-6437
-4789
-3424
-6538
-9036
-8803
-5443
-3398
-5665
-6978
-6725
-5724
-6129
-4795
-533
-960
-4258
-6585
-3470
1220
2067
726
-1552
-2581
-3127
-2016
1327
3191
1358
-2750
-3138
-2206
-330
950
2326
1797
1462
6534
2657
-2615
-4222
9108
16465
7374
267
-879
5032
3607
8983
17621
13227
-1558
-11618
3555
18753
14761
1412
-3151
3507
3021
1061
5805
8371
1848
-8079
-5532
2124
1386
-5176
-9275
-5328
-4798
-9257
-11350
-9902
-7675
-9137
-9651
-8470
-10656
-12047
-10062
-4554
-1447
-3302
-5001
-6232
-2776
2042
4688
5118
2871
2146
2376
5351
8551
8139
7806
7879
8136
6016
4965
8570
9520
7598
4672
4638
5451
3175
2125
3051
5403
3662
-1261
-1884
155
1719
472
549
1182
-2138
-3993
-1140
3116
2376
-2725
-3823
-741
2064
-261
-3031
-1909
-469
-1974
-3794
-2767
-1831
-4153
-6335
-4620
-2325
-2111
-5039
-7269
-6163
-4060
-3639
-5418
-4654
-3992
-6009
-7448
-5004
97
121
-3903
-5493
-3204
858
2320
2121
955
-320
323
3059
5834
4475
1191
435
2257
3880
2017
2120
2478
4257
5950
1717
-2301
-2811
6616
9348
4660
-341
-2748
-2627
-4150
7452
16696
8711
-7745
-12083
3779
13409
9665
2657
1540
1747
-3082
-97
8062
9271
1039
-6482
-2178
1272
-1178
-3179
-1714
-128
-5070
-8648
-6831
-3395
-3473
-6786
-7267
-6628
-7130
-6942
-5221
-2665
-2942
-4667
-4641
-4116
-1751
533
2079
2580
1072
-475
-1141
2082
6598
6920
3686
1017
2193
3633
4122
5798
6353
4413
598
-146
2696
5128
5454
4575
4109
2253
220
806
3730
5817
4428
1598
-1122
-2552
-1227
2003
2893
-751
-5751
-6551
-3887
-2011
-3436
-4162
-2301
-3251
-5844
-6497
-2183
423
-877
-2018
-1808
-18
-1107
-425
2911
6797
6755
1089
-1493
650
5452
7263
5643
3054
-1418
-3619
-2488
2416
5358
165
-7603
-10677
-5562
-1816
-4239
-7329
-8182
-7478
-9774
-10020
-6597
-4266
-4561
-7474
-7347
-6276
-6012
-3984
-884
7017
7687
-1727
-9468
-3191
13762
15759
8746
3232
3003
2472
3613
19558
28349
16550
-2913
-3877
14431
21638
15826
9145
8018
4018
-3797
978
10284
9815
-1547
-10080
-6742
-4706
-7229
-9476
-7871
-5447
-10288
-15270
-14817
-10035
-6908
-8090
-7556
-7218
-8475
-9208
-6192
409
2310
-530
-2736
-1848
1131
1392
2950
5361
3804
-533
-2198
2613
4941
2272
325
1351
1941
-554
-112
2598
2945
850
-904
595
1744
1089
1056
1862
2160
938
1031
3082
3082
1408
1938
5272
5653
2577
1941
3854
4971
4759
5804
6991
4704
1768
2764
6362
6724
2721
642
2184
2587
-169
-1358
484
-1193
-4361
-3996
-2067
-4010
-7080
-5537
-4183
-6377
-9390
-8366
-5197
-4587
-5087
-5976
-6414
-7161
-7219
-4472
-1563
-2125
-5542
-6285
-3805
-1883
-1536
-1829
-1943
-2811
-3834
-2743
-135
1426
176
-2735
-2588
-298
1337
299
-1271
-75
195
400
-221
5968
9782
3360
-3689
980
15992
16835
8907
5281
8445
9296
8247
18336
22940
13568
535
1471
13759
15626
10169
4971
4001
910
-3798
-579
2464
-410
-8196
-11502
-8719
-9681
-12010
-12487
-10963
-11431
-15209
-16141
-15033
-12979
-11668
-11179
-9843
-9892
-9913
-9838
-7915
-3680
-1624
-2161
-4100
-4344
-1530
973
3728
4982
4875
4019
3563
6588
9818
11597
9625
6774
7311
9135
11105
10493
10351
10548
7666
5225
5733
9359
9742
5976
3702
3474
3916
2607
2675
4019
2541
27
-2174
-1506
-841
-1631
-1672
-1585
-1462
-3482
-5452
-4675
-2238
-1053
-4394
-6655
-4840
-2515
-3611
-6157
-3290
-1161
-3461
-6310
-4390
-1559
-2735
-3505
-3878
-4488
-6473
-5772
-2615
-2045
-4729
-7735
-6836
-5143
-5253
-5454
-4251
-3928
-6095
-6231
-3232
-1475
-1493
-917
139
-503
-772
2345
5629
5909
4839
5510
7264
7944
7754
8028
9165
9672
10087
10024
9756
8078
6663
8064
9203
9321
5781
6705
7370
2980
-2039
-1297
7152
6102
-540
-6137
-6934
-6363
-6757
-266
1093
-5729
-15231
-15516
-6640
-4058
-5866
-9086
-10089
-10940
-11077
-6230
-3987
-4977
-6892
-5849
-2770
-2288
-1249
-735
780
3234
4234
3870
2249
3242
5661
6970
7248
5557
3901
3635
5774
7719
6885
5158
3751
2511
2247
4072
6398
5216
1112
-950
382
2457
2082
992
839
357
-527
-1022
195
1160
301
-958
-876
291
-679
-3244
-3231
-425
1365
-1085
-4353
-4224
-2486
-1250
-1051
-488
-1206
-4093
-5465
-4007
-1239
-548
-2102
-3836
-5838
-6211
-4915
-2503
-1389
-2693
-4237
-5598
-5152
-3485
-786
822
274
-1343
-2631
-1162
1471
3488
3674
4252
4051
2040
850
3254
7726
8759
6518
3219
2324
3926
6745
8855
7878
4329
185
369
4293
6660
5051
1641
-171
-1353
-1954
-1070
-500
-1684
-5199
-7796
-7794
-6685
-5945
-7285
-7969
-8370
-8683
-9068
-9334
-7362
-5741
-4686
-5061
-4750
-3323
-3777
-3514
-1635
2618
4278
2459
2292
3079
4133
3594
6078
10165
9406
5252
2463
5637
8789
9125
9323
8548
6094
2360
3148
7785
9606
7742
4298
2516
1888
2675
5466
6830
5328
1370
-1690
-1440
776
2724
1578
-761
-2309
-3970
-5412
-4983
-1522
137
-3420
-8558
-10218
-7393
-5081
-4655
-4899
-5401
-7909
-11644
-11138
-6185
-2289
-3835
-8080
-10128
-8956
-6008
-2862
-1447
-2494
-5087
-5929
-3951
-1066
870
1001
969
697
961
2065
3074
4046
4557
5426
5490
4347
3376
3401
5562
7690
8226
6314
3644
3412
4708
7111
7927
6587
4096
2031
3339
4742
5006
3858
3081
3711
3101
2843
1931
1392
1151
1129
2387
1280
-1561
-3816
-2155
763
-745
-3948
-4526
-3127
-3604
-5321
-4747
-4000
-5057
-6262
-5694
-3912
-4070
-6226
-7611
-6453
-4414
-4886
-6724
-6593
-5907
-5830
-6291
-4624
-2606
-4054
-6508
-6610
-2531
-99
-1379
-2306
-1168
395
7
1497
4779
5149
3089
3056
6967
9217
7458
6685
8521
10210
8522
7477
9921
11421
9498
6497
7678
9487
8081
5695
4866
6400
5512
3510
2729
3215
2954
557
1307
2954
1540
-3071
-4366
125
1707
-515
-3125
-3406
-3938
-5952
-5047
-3082
-2464
-5027
-7620
-7367
-6872
-6713
-7627
-7001
-6283
-7991
-9703
-9423
-7070
-6904
-8136
-7405
-5966
-6548
-8819
-7746
-4068
-2502
-3481
-4427
-3526
-2536
-1210
1368
3325
3504
2324
1732
2608
5263
8602
9062
6449
4507
5524
7598
8121
8080
7754
6115
4492
4453
5889
5996
4811
4342
3792
2463
1051
1990
4038
3995
2176
293
-44
54
-78
502
1088
606
-2007
-4116
-3243
-1960
-2129
-3401
-3149
-2888
-4408
-4907
-3340
-1172
-1982
-4227
-4732
-3582
-2085
-1927
-1338
-561
-1056
-2488
-2969
-710
1603
1583
-364
-1356
-104
990
775
452
2289
3092
1123
-1178
1202
4554
2636
280
1270
4978
3151
1007
1511
2198
2263
447
2023
1603
-112
-2626
-2449
2481
2493
-1230
-5431
-3950
-1000
-1866
-1714
-3003
-4614
-6472
-5151
-1309
-1147
-2195
-3931
-2966
-1036
-712
413
1125
2877
2484
1130
1675
3251
5335
4339
3232
3208
3172
3395
3059
4344
4325
2334
358
-513
397
120
-35
304
-781
-3069
-4860
-3332
-308
551
-164
-2399
-3256
-2568
-546
2483
2611
1637
-524
-762
1519
3254
4327
2543
1255
-255
-999
723
1318
1573
-213
-1471
-2380
-3741
-3011
-2479
-1358
-1912
-3810
-5460
-6576
-4487
-3163
-3445
-3966
-4142
-4137
-5977
-5160
-2056
-798
-2086
-3572
-925
698
-441
-703
1789
4922
3132
922
1477
3376
4491
3873
4660
4419
3251
2557
2698
4186
4210
3412
1646
917
2420
2988
2703
1951
2415
2784
1694
1326
1485
2233
2064
1729
2492
2698
1746
175
662
2875
3393
2089
563
213
134
11
1022
1629
352
-2176
-2808
-794
774
131
-1781
-3420
-3819
-2985
-1416
-1147
-2753
-4045
-4072
-3274
-3275
-3168
-3159
-3988
-4457
-4000
-2943
-3315
-3903
-3449
-2924
-3000
-3231
-1965
-1312
-2612
-3995
-2859
-93
329
-1479
-2501
-830
1248
1263
-344
228
2628
3324
1780
2276
5060
4249
2041
3378
7596
7048
2816
2308
5195
6661
4587
3592
4116
3500
2051
2447
4469
3415
-325
-1679
495
1936
88
-1764
-1684
-1376
-2090
-2498
-1760
-2115
-4127
-5275
-3691
-1919
-2633
-4950
-6158
-5670
-4332
-3170
-3299
-4846
-6136
-5161
-3101
-1775
-1797
-2409
-2804
-1978
73
1434
1403
548
-101
87
1806
3890
3929
3005
3030
4372
5260
5285
5298
5316
6376
7038
6723
5843
5286
5030
4593
5979
7187
5508
1894
633
2931
4137
2977
1291
427
-888
-2583
-1687
122
-629
-3857
-5292
-3776
-3142
-4504
-5804
-5249
-4286
-4629
-5503
-5919
-5601
-5332
-5308
-5244
-5424
-5555
-5626
-5424
-4940
-4244
-3593
-3827
-4388
-4411
-3704
-2527
-1330
-578
-1008
-1818
-1284
202
1224
1317
1672
2460
2697
2762
3350
4787
5911
5975
5676
5598
5966
5933
5849
6641
7893
8106
6306
4925
5752
7122
6733
5269
4926
4661
2881
1248
2024
3546
2650
-47
-1194
-655
-1067
-2252
-1969
-731
-2364
-5819
-5964
-2809
-1609
-4515
-6326
-5059
-4643
-6561
-7343
-5025
-4112
-6215
-7472
-5827
-4461
-6067
-6913
-4485
-2156
-3458
-5757
-4861
-2549
-2051
-1996
-210
847
-1197
-3052
-886
2754
3429
1469
700
1841
2467
2413
3406
5146
4664
2338
1665
3702
5538
4768
3045
2683
3652
4183
3648
3429
4132
4494
3526
2877
4079
5330
4954
3973
4433
5301
4690
3693
3878
5138
4983
3135
1768
2206
3852
2906
-193
-1637
-329
119
-2560
-3405
-2631
-3958
-6992
-7390
-4798
-4893
-7221
-8814
-8656
-7845
-7884
-7471
-7215
-7143
-7593
-8156
-6761
-5172
-4333
-4597
-4470
-3559
-3545
-3277
-2119
-182
646
-191
-461
414
1932
2858
3195
3644
3969
4114
4144
4833
5864
6027
5534
5623
6113
5972
5595
5950
6434
5916
5077
4734
4790
4587
3794
3329
3526
3827
2874
1537
1482
1402
834
248
676
156
-1604
-2135
-1417
-741
-2248
-3976
-4274
-3474
-2962
-3900
-3918
-3591
-4268
-5654
-5432
-2897
-2254
-3665
-4708
-4067
-3049
-3093
-2507
-1980
-2354
-3153
-3401
-2238
-1434
-1383
-1738
-2103
-1634
-1344
-1193
-1040
-320
952
891
326
451
1637
2408
2161
2998
3997
3537
2112
2701
5368
6240
4603
2887
3191
3973
3848
3776
4206
4215
2613
1116
1512
2957
3048
1298
297
638
671
-477
-1049
258
923
-635
-2692
-2531
-973
-997
-1788
-1565
-944
-2374
-4881
-4334
-1168
454
-1687
-4019
-3236
-1663
-1646
-1974
-490
532
-1467
-3354
-1682
1562
1860
-210
-930
-40
375
152
499
1077
680
-435
-806
-35
1033
845
-376
-928
-517
-255
-762
-639
9
-110
-825
-1041
-294
44
-145
-418
-393
136
515
693
214
-119
138
543
866
448
167
25
20
304
517
834
204
-634
-620
316
1172
306
-711
-466
852
1365
520
419
651
368
41
1046
2345
1263
-552
-660
879
2020
1688
776
-753
-1620
-609
1145
1845
362
-1404
-1918
-1100
485
930
286
-872
-1369
-533
268
659
209
25
537
542
278
-175
94
726
1023
1269
692
-144
-664
-163
1321
1850
1227
65
-464
-237
202
1619
2632
1635
-863
-1872
0
1504
1148
201
-91
-852
-2371
-1946
-44
333
-1935
-3628
-2705
-1765
-2221
-3091
-2693
-2039
-2539
-3263
-3214
-2165
-1692
-2070
-2114
-1497
-933
-1269
-1152
76
1166
1059
323
527
1440
2189
2438
2485
2512
2109
1531
1559
2453
2954
2090
893
768
1303
1339
1198
1500
1711
1014
236
568
1851
2660
1994
890
683
1453
1672
1228
1311
1599
978
-663
-1160
-297
295
-352
-1736
-2291
-2318
-2239
-2537
-2678
-2466
-2810
-3342
-3437
-2806
-2619
-2640
-2371
-2016
-2039
-2280
-2162
-1493
470
1199
-355
-2228
-735
2290
2900
2548
2067
1888
886
1987
4811
5777
4542
2311
2527
3387
3992
3978
3944
4383
2703
810
311
1813
2690
1140
-186
-838
-884
-1769
-2672
-2112
-1570
-1863
-3478
-4534
-4060
-3794
-3904
-3903
-2744
-2184
-4118
-5584
-4734
-1904
-563
-1669
-2809
-3588
-2952
-1962
-637
417
-288
-1462
-2707
-1764
559
1682
1091
-630
-343
650
1165
1435
1647
2382
1970
1818
2421
3200
3457
2746
3623
5386
5886
4326
3087
4479
5921
6078
5717
5272
3902
2115
2944
5334
5317
2239
-289
276
1097
282
-720
-988
-1726
-3510
-3965
-2982
-2941
-4235
-5090
-4676
-4691
-5191
-5051
-4729
-4887
-5333
-4889
-4238
-4443
-5033
-5185
-4263
-3373
-3231
-3703
-4114
-3785
-3200
-2208
-1185
-987
-1690
-2218
-1334
7
821
1155
1132
1033
1300
2506
3819
4297
4410
4581
4703
4748
5496
6559
6472
5495
5016
5492
5810
5621
5494
5390
4992
4317
3989
3807
3400
2843
2489
2497
2070
1073
144
148
587
300
-668
-1518
-1700
-1818
-2246
-2658
-2549
-2484
-3137
-4135
-4490
-4067
-4019
-4292
-4487
-4510
-5031
-5814
-5619
-4751
-4023
-4375
-5166
-5485
-5096
-4169
-3640
-3599
-4090
-4640
-4421
-3144
-1509
-1146
-2047
-2491
-1608
-133
659
824
1271
1727
1779
1621
2557
4434
4986
4006
3298
4343
5449
5289
5208
5651
5844
5201
5256
6226
6244
5297
4940
5872
6153
4943
4049
4103
4148
3493
3168
3377
2510
929
92
502
726
-381
-1713
-2749
-3195
-3501
-3949
-4233
-4760
-5507
-6497
-6658
-5702
-5231
-5799
-6411
-5892
-5269
-5513
-5383
-4192
-3052
-3277
-4102
-3844
-2698
-1743
-1392
-1029
-404
-482
-994
-610
981
2290
2211
1862
1915
1975
2167
3014
4124
4341
3642
2805
2318
2723
3867
4539
3891
2604
1891
1694
1898
2762
3509
2899
1042
-53
562
1663
1977
1520
1064
443
-476
-791
129
1302
908
-659
-1299
-660
-399
-1152
-1264
-353
-379
-1780
-2588
-1820
-1356
-2067
-2252
-1524
-1632
-3272
-4119
-2791
-1326
-1704
-3081
-3298
-2807
-2920
-2865
-1641
-559
-1672
-3168
-2353
-304
273
-592
-349
836
1184
883
1354
2706
3136
2876
3299
4137
4179
3442
3823
5000
5118
3976
3088
3397
3620
3221
2585
2027
1513
764
228
-38
-158
-732
-1916
-2649
-2404
-2000
-2750
-3990
-4359
-3890
-3575
-3768
-3987
-4336
-4427
-3871
-2971
-2697
-3146
-2982
-2149
-1289
-960
-679
-213
-55
276
825
1432
1516
1326
1615
1982
2277
2126
1751
1493
1581
2130
2095
1615
1245
1235
1351
1368
1744
1672
1054
916
1896
2922
2355
1318
1467
2683
3323
2764
2363
2562
2864
2682
2393
2492
2354
1835
1297
1301
1548
1094
81
-932
-1205
-835
-939
-1790
-3019
-3529
-3345
-3521
-3968
-4649
-4973
-5073
-5079
-4798
-5028
-5222
-5328
-5033
-4330
-3910
-3477
-3577
-3344
-2517
-1563
-748
-695
-375
-11
591
1493
2067
2458
2259
2381
2650
2790
3079
3121
3089
2576
2346
2439
2002
1328
1052
1690
1745
634
-235
-111
427
332
375
758
426
-352
-92
1444
2094
1261
915
1808
2428
2084
2130
2856
2971
2169
1879
2341
2302
1700
1415
1489
679
-505
-610
-62
-306
-1529
-2070
-2049
-2427
-2859
-2588
-2001
-2594
-3522
-3507
-2741
-2302
-2438
-2149
-2036
-2347
-2506
-1683
-410
-249
-631
-750
-243
289
732
1455
1676
1444
1269
1763
2378
2477
2559
2644
2511
2032
1955
2392
2597
2230
1605
1265
911
605
402
391
279
-320
-983
-1657
-1903
-1892
-1858
-1927
-2341
-2653
-3148
-3440
-3244
-2732
-2363
-2779
-3041
-2969
-2716
-2316
-1771
-1164
-1442
-1832
-1281
-125
451
23
57
750
1219
1191
1166
1750
2168
2133
2139
2190
2160
1864
1994
2666
2978
2581
1623
1260
1782
2477
2730
2195
1724
1412
1325
1654
2004
2150
1654
1335
1399
1300
1009
752
1110
1196
726
185
-246
-572
-1033
-799
-296
-706
-2028
-3001
-2660
-2243
-2414
-2737
-2870
-3261
-4138
-4349
-3665
-2998
-3288
-4031
-4271
-4089
-3751
-3410
-2882
-2695
-2999
-3152
-2641
-1620
-966
-589
-421
-270
83
764
1795
2418
2703
2709
2837
3335
3943
4575
4688
4547
4223
4065
4456
4879
5026
4542
4115
3845
3457
3486
3717
3671
2768
1992
2079
2024
1755
1411
1110
340
-444
-119
215
-292
-1232
-1516
-1369
-1729
-2135
-2357
-2392
-2444
-2520
-2714
-3238
-3510
-3349
-3067
-2931
-2921
-3055
-3450
-3614
-3108
-2416
-2209
-2425
-2605
-2618
-2591
-2204
-1505
-1138
-1409
-1891
-1834
-1433
-960
-428
-97
-303
-1032
-1257
-604
307
821
683
255
-342
-489
173
1080
1619
1451
1036
533
450
1338
2494
2775
1884
1419
2085
2861
2972
2901
3282
3282
2874
2889
3497
3764
3206
2927
3096
3162
2825
2538
2474
1988
1546
1580
1678
943
-225
-347
140
-50
-1264
-2263
-2335
-2299
-2396
-2674
-3072
-3753
-4444
-4380
-3837
-3340
-3642
-4389
-4434
-3648
-2795
-2721
-2659
-2128
-1850
-1914
-1475
-101
659
127
-104
873
1819
1498
1262
2253
3065
2495
1737
2341
3270
2990
2338
2487
2799
2197
1420
1847
2622
2170
809
259
877
1127
611
267
404
101
-832
-1000
-190
365
-200
-1114
-1220
-842
-521
-558
-635
-412
-333
-622
-1169
-1096
-386
-53
-359
-849
-914
-1077
-1511
-1551
-1111
-861
-1598
-2548
-2684
-2125
-1683
-1903
-2250
-2467
-2676
-2650
-1956
-856
-552
-1189
-1572
-970
-73
436
911
1431
1505
1181
1411
2302
2912
2886
2703
2853
3064
3213
3342
3413
3472
3349
3050
2654
2600
2929
2939
2429
1795
1453
1091
566
391
492
242
-655
-1529
-1853
-1956
-2052
-2160
-2383
-2929
-3568
-3756
-3587
-3379
-3267
-3351
-3629
-3917
-3800
-3310
-2864
-2635
-2579
-2423
-1983
-1483
-1312
-1239
-505
544
850
578
843
1709
2105
2177
2737
3302
3054
2655
3297
4122
3669
2662
2852
3911
3826
2569
2028
2642
2785
1830
1307
1784
1841
856
304
914
1186
326
-284
302
765
40
-670
-160
616
252
-667
-707
-64
-21
-654
-845
-413
-450
-1287
-1832
-1405
-927
-1440
-2483
-2881
-2505
-2328
-2829
-3404
-3488
-3492
-3887
-4207
-3971
-3714
-4040
-4471
-4333
-3835
-3516
-3375
-3255
-3051
-2467
-1599
-1138
-1123
-585
628
1503
1710
2093
2847
3209
3394
4315
5448
5359
4343
4207
5214
5787
5227
4521
4312
4079
3638
3454
3429
2873
1823
1225
1379
1451
814
25
-149
-64
-512
-1212
-1162
-505
-500
-1343
-1819
-1434
-1111
-1312
-1243
-653
-583
-1409
-1944
-1398
-605
-524
-845
-1005
-1302
-1907
-2075
-1294
-447
-730
-1951
-2794
-2500
-1599
-993
-1010
-1494
-2121
-2357
-1778
-682
-42
-334
-930
-1021
-495
295
965
1135
778
556
1028
1682
1755
1548
1761
2132
2001
1608
1569
1725
1670
1608
1731
1520
760
253
575
1029
797
252
-41
-299
-676
-633
-57
68
-696
-1422
-1383
-1051
-972
-985
-1022
-1359
-1770
-1718
-1349
-1169
-1211
-1231
-1290
-1388
-1180
-639
-290
-392
-469
-203
88
263
642
1211
1357
935
755
1280
1927
2088
1920
1740
1547
1426
1566
1747
1619
1337
1126
817
416
352
561
331
-345
-608
-283
-226
-687
-912
-699
-668
-862
-689
-274
-379
-813
-654
-36
3
-614
-828
-296
155
-64
-622
-1002
-1118
-1045
-867
-812
-1131
-1756
-2218
-2161
-1811
-1708
-2016
-2335
-2325
-2152
-2045
-1860
-1527
-1368
-1398
-1097
-433
-148
-316
70
1201
1811
1303
1008
1904
3013
3261
3087
3239
3411
3303
3500
4234
4674
4223
3494
3316
3601
3836
3803
3455
2798
2158
1924
1934
1700
1169
675
196
-455
-1039
-1215
-1277
-1730
-2389
-2797
-3089
-3575
-3902
-3651
-3378
-3810
-4512
-4603
-4217
-4037
-3966
-3566
-3186
-3407
-3798
-3434
-2462
-1813
-1766
-1769
-1584
-1553
-1563
-1043
-64
439
-30
-674
-429
510
1122
1143
1232
1588
1637
1413
1806
2903
3495
3069
2732
3180
3623
3535
3637
4186
4215
3461
3045
3479
3766
3286
2747
2707
2626
2070
1495
1349
1362
1106
575
69
-194
-341
-598
-859
-911
-1010
-1548
-2104
-1971
-1539
-1743
-2435
-2704
-2549
-2666
-2935
-2827
-2692
-3178
-3773
-3578
-2945
-2858
-3350
-3566
-3198
-2760
-2660
-2688
-2466
-2069
-1851
-1809
-1551
-985
-600
-651
-648
-155
412
505
431
813
1427
1573
1390
1552
2025
2281
2415
2811
3110
2777
2324
2678
3583
3930
3478
3000
2965
3066
3101
3248
3414
3111
2320
1784
1970
2272
1928
1246
974
952
481
-259
-466
-151
-209
-928
-1587
-1670
-1602
-1904
-2197
-1957
-1665
-2099
-2884
-2919
-2200
-1788
-1930
-1976
-1899
-2195
-2441
-1796
-822
-771
-1470
-1716
-1261
-837
-700
-497
-234
-248
-441
-351
164
701
799
579
610
1017
1313
1295
1271
1381
1418
1429
1573
1535
1094
804
1098
1318
848
272
219
225
-147
-342
-77
-160
-902
-1309
-886
-524
-844
-1197
-1117
-1057
-1241
-1204
-903
-962
-1402
-1518
-1174
-1027
-1375
-1698
-1636
-1452
-1425
-1553
-1665
-1672
-1559
-1394
-1261
-1114
-929
-801
-734
-515
-92
301
517
655
798
1015
1445
1952
2166
2126
2292
2661
2768
2750
3152
3624
3376
2790
2905
3546
3615
3136
3023
3238
2942
2297
2341
2938
2900
1990
1334
1443
1504
1071
743
773
399
-564
-1177
-998
-862
-1406
-2077
-2337
-2533
-2989
-3302
-3115
-2892
-3201
-3746
-3807
-3401
-3211
-3369
-3269
-2798
-2663
-3041
-3080
-2358
-1750
-1917
-2213
-1887
-1374
-1354
-1435
-1024
-469
-417
-639
-456
29
283
367
684
1077
1058
828
1049
1711
2093
1956
1836
1988
2120
2095
2212
2556
2675
2329
1914
1879
2100
2161
1952
1689
1482
1250
1019
879
823
711
483
266
133
29
-181
-451
-505
-260
-73
-408
-1020
-1220
-878
-562
-706
-1035
-1213
-1347
-1569
-1656
-1427
-1175
-1304
-1730
-2015
-1923
-1592
-1239
-1043
-1118
-1339
-1356
-969
-467
-220
-159
-42
66
11
22
422
949
1046
672
393
528
805
910
919
966
861
552
382
639
1002
940
605
588
843
797
524
708
1312
1389
769
539
1114
1508
1138
825
1093
1256
852
500
734
962
624
212
183
165
-136
-254
34
78
-500
-962
-676
-218
-310
-627
-585
-456
-674
-835
-474
-55
-208
-623
-690
-555
-543
-490
-247
-188
-599
-978
-854
-474
-293
-367
-479
-606
-721
-666
-418
-180
-125
-220
-416
-591
-513
-198
37
-33
-285
-458
-502
-446
-275
-118
-196
-468
-634
-598
-544
-527
-407
-290
-469
-817
-855
-497
-215
-282
-449
-449
-378
-343
-245
-56
103
125
41
-60
-36
244
581
585
316
233
471
669
655
715
941
984
762
710
1023
1284
1247
1189
1295
1327
1166
1190
1535
1715
1407
1053
1154
1435
1365
1039
950
1081
995
655
464
538
533
291
82
61
5
-265
-485
-387
-227
-385
-712
-828
-764
-758
-758
-623
-618
-953
-1228
-1019
-658
-716
-1059
-1152
-996
-1035
-1241
-1217
-987
-999
-1274
-1371
-1206
-1125
-1207
-1194
-1012
-873
-935
-1052
-1017
-784
-487
-379
-491
-507
-338
-190
-125
65
367
391
159
199
624
947
889
793
943
1142
1178
1195
1310
1375
1342
1299
1284
1256
1215
1209
1144
953
763
713
703
572
361
207
134
41
-105
-203
-241
-282
-395
-539
-609
-590
-499
-445
-535
-708
-778
-666
-515
-471
-538
-596
-618
-659
-668
-589
-470
-435
-535
-658
-690
-582
-420
-319
-288
-294
-319
-326
-242
-16
231
327
223
78
88
285
514
609
554
441
302
215
318
607
768
530
209
207
421
504
466
540
674
544
265
324
708
929
803
669
720
772
701
746
975
1047
796
527
482
518
464
399
362
148
-278
-570
-525
-415
-625
-1005
-1202
-1298
-1489
-1650
-1591
-1476
-1609
-1882
-1905
-1729
-1679
-1638
-1390
-1156
-1185
-1258
-1038
-620
-377
-292
-115
82
119
144
432
831
963
821
772
934
1074
1104
1164
1299
1277
1000
865
1027
1139
985
772
712
627
392
285
435
451
97
-202
-100
70
-84
-315
-265
-174
-359
-540
-358
-108
-256
-574
-556
-315
-305
-451
-408
-249
-377
-709
-742
-479
-370
-621
-876
-880
-871
-1025
-1145
-991
-809
-949
-1217
-1182
-844
-622
-614
-464
-125
50
14
211
772
1219
1286
1286
1545
1832
1927
2085
2454
2650
2381
2103
2282
2599
2548
2238
2121
2084
1767
1427
1474
1642
1365
763
448
514
478
210
18
-79
-386
-855
-1032
-880
-905
-1328
-1769
-1881
-1877
-2099
-2390
-2413
-2296
-2427
-2778
-2889
-2608
-2395
-2500
-2568
-2281
-1926
-1928
-2040
-1777
-1249
-1005
-1108
-1039
-657
-420
-505
-446
6
339
170
-55
175
611
713
584
718
1017
1003
801
985
1511
1720
1457
1325
1638
1920
1848
1827
2083
2201
1921
1684
1895
2172
2008
1646
1589
1663
1446
1105
1051
1129
889
466
299
306
74
-322
-444
-356
-540
-991
-1207
-1090
-1094
-1366
-1549
-1437
-1379
-1628
-1826
-1672
-1449
-1542
-1760
-1714
-1501
-1467
-1566
-1448
-1170
-1093
-1160
-1009
-665
-458
-426
-247
109
306
309
444
794
1042
1042
1029
1159
1271
1268
1273
1327
1329
1231
1136
1107
1068
1031
1030
979
825
677
679
722
632
497
457
458
327
132
102
167
101
-99
-223
-235
-318
-499
-594
-550
-566
-751
-940
-954
-883
-892
-941
-941
-933
-960
-954
-854
-716
-654
-660
-640
-569
-484
-406
-319
-253
-239
-249
-206
-115
-44
-16
-26
-45
-54
-34
19
57
34
-20
-9
81
127
91
107
253
392
385
357
477
654
690
673
809
974
948
794
818
1061
1205
1079
848
755
823
945
959
760
478
336
389
395
182
-66
-177
-280
-526
-730
-692
-651
-900
-1223
-1239
-1046
-1046
-1288
-1379
-1160
-987
-1069
-1156
-1004
-759
-623
-574
-459
-304
-191
-57
147
360
472
511
599
754
936
1061
1062
1047
1108
1175
1167
1085
1029
1017
936
768
665
646
539
309
154
140
68
-167
-363
-344
-317
-513
-738
-712
-590
-662
-823
-809
-698
-748
-874
-785
-594
-629
-815
-812
-605
-555
-683
-683
-519
-479
-615
-633
-451
-349
-417
-430
-320
-247
-277
-230
-50
66
27
27
166
299
324
363
536
667
619
586
745
955
976
878
926
1105
1163
1084
1093
1229
1268
1176
1152
1208
1180
1065
1017
1029
930
743
623
558
417
221
103
-1
-221
-457
-554
-589
-757
-982
-1053
-1059
-1176
-1324
-1337
-1277
-1324
-1421
-1405
-1314
-1300
-1350
-1297
-1149
-1069
-1083
-1062
-927
-786
-697
-615
-511
-402
-312
-215
-93
34
145
229
271
334
459
587
652
625
624
730
843
843
789
819
908
940
883
869
932
934
844
770
789
810
723
588
531
506
434
343
248
157
64
-8
-66
-181
-282
-306
-313
-417
-564
-570
-504
-566
-725
-731
-626
-665
-825
-821
-631
-565
-704
-766
-571
-393
-421
-445
-294
-116
-88
-93
36
222
278
254
321
451
520
507
523
595
649
615
572
631
709
679
596
616
719
718
566
506
665
800
687
481
462
587
605
477
394
380
289
123
41
37
-56
-222
-344
-450
-627
-804
-836
-820
-947
-1161
-1253
-1205
-1197
-1286
-1317
-1246
-1191
-1189
-1193
-1162
-1097
-982
-855
-780
-809
-809
-666
-502
-447
-428
-265
-42
-1
-74
13
298
505
517
558
711
779
750
842
1093
1231
1156
1122
1201
1215
1177
1264
1451
1444
1197
1063
1188
1283
1191
1103
1127
1066
864
732
778
825
708
531
385
256
150
83
3
-156
-337
-495
-678
-846
-911
-948
-1090
-1325
-1501
-1541
-1586
-1716
-1785
-1757
-1787
-1888
-1917
-1828
-1711
-1655
-1583
-1412
-1294
-1221
-1037
-781
-554
-400
-220
23
244
422
640
875
1062
1199
1370
1544
1651
1730
1856
1950
1962
1970
1996
1977
1871
1817
1805
1731
1584
1438
1369
1270
1077
904
803
689
486
275
126
11
-160
-356
-501
-626
-769
-910
-1015
-1076
-1166
-1275
-1333
-1353
-1358
-1375
-1388
-1331
-1252
-1248
-1261
-1197
-1061
-959
-950
-936
-862
-788
-779
-741
-640
-571
-573
-608
-578
-492
-427
-378
-319
-282
-273
-233
-120
-1
80
150
231
310
368
472
606
715
781
832
893
931
996
1093
1145
1129
1109
1093
1077
1084
1095
1098
1038
904
812
810
814
765
672
541
408
327
304
279
191
79
-28
-106
-160
-190
-185
-232
-343
-463
-505
-466
-430
-448
-517
-587
-620
-597
-515
-447
-456
-478
-495
-481
-393
-293
-226
-220
-276
-308
-264
-193
-129
-109
-152
-218
-241
-209
-150
-101
-103
-131
-173
-197
-156
-76
-16
-21
-69
-114
-120
-66
1
26
8
-33
-66
-66
-28
31
59
40
-7
-42
-22
42
92
95
75
59
41
40
77
108
103
80
62
60
66
86
123
134
98
67
58
66
83
80
72
65
53
37
42
58
72
73
61
52
54
63
84
101
108
109
98
100
110
121
132
135
130
119
112
110
126
138
136
127
102
82
68
78
79
53
37
12
-16
-37
-47
-49
-61
-92
-114
-131
-149
-139
-132
-137
-160
-175
-161
-143
-128
-133
-140
-141
-138
-122
-113
-109
-112
-100
-91
-89
-78
-79
-77
-71
-63
-52
-48
-53
-58
-52
-32
-25
-20
-19
-16
-9
-10
6
17
19
16
16
25
29
33
44
54
64
78
76
76
92
98
97
92
90
102
100
90
90
90
92
82
58
59
57
51
41
25
17
-1
-15
-19
-29
-40
-58
-65
-65
-68
-74
-87
-78
-65
-64
-57
-46
-39
-42
-36
-24
-9
-13
-26
-8
3
5
9
15
16
20
18
20
25
31
25
16
28
29
32
42
40
40
47
42
36
26
4
7
5
11
27
23
11
-3
6
4
-7
-2
-4
-2
-10
-17
-12
-8
-7
-8
-15
-17
-7
7
4
3
12
11
-1
-6
-3
5
10
-2
-11
-6
-10
-21
-15
-17
-33
-36
-34
-35
-42
-42
-37
-34
-30
-35
-39
-23
-22
-16
-8
-1
10
0
2
5
5
4
-3
-20
-16
2
0
-4
-9
-10
-7
3
6
2
-6
-8
0
-1
-4
-4
-1
1
-1
-4
-4
-7
-4
-3
0
3
-6
-7
0
11
1
0
7
-4
-6
-1
7
6
5
3
9
16
6
8
8
26
32
10
12
16
20
29
19
22
34
34
42
39
34
39
32
35
36
38
45
41
31
35
50
53
43
38
33
26
14
15
21
13
-7
-28
-19
-21
-28
-40
-52
-49
-61
-73
-74
-70
-61
-68
-69
-65
-71
-65
-69
-71
-61
-63
-59
-48
-49
-49
-40
-39
-38
-28
-23
-28
-28
-30
-29
-16
-20
-20
-7
-1
13
14
10
4
-1
11
12
20
28
24
30
38
39
46
41
43
39
44
48
54
67
64
74
77
77
80
75
72
83
86
80
75
63
59
49
50
51
37
22
2
5
6
-6
-9
-16
-20
-30
-32
-33
-43
-56
-63
-65
-79
-75
-74
-85
-88
-84
-75
-83
-88
-74
-62
-61
-59
-56
-49
-46
-41
-33
-29
-21
-21
-17
0
15
13
9
19
27
36
36
35
45
46
52
54
51
59
58
61
66
68
61
51
57
63
65
60
45
45
42
27
29
25
20
8
-10
-7
-4
-2
-12
-27
-26
-38
-45
-43
-33
-45
-69
-74
-74
-68
-71
-79
-77
-74
-72
-62
-58
-57
-53
-53
-54
-51
-51
-45
-29
-22
-14
-7
-5
-5
2
15
23
34
42
46
53
52
60
72
69
62
58
64
73
69
68
71
70
68
60
56
63
59
47
44
51
51
44
37
36
32
23
6
-7
-10
-13
-21
-20
-18
-30
-35
-37
-41
-47
-60
-67
-69
-67
-59
-63
-67
-72
-70
-70
-67
-66
-76
-64
-55
-53
-45
-42
-31
-32
-36
-23
-14
-10
-2
2
-2
13
23
32
28
27
37
42
52
61
62
58
69
78
78
75
71
74
79
69
61
63
46
46
40
30
28
5
2
5
-2
-14
-15
-12
-33
-42
-44
-46
-50
-52
-48
-53
-57
-63
-62
-64
-58
-59
-63
-58
-63
-58
-40
-31
-41
-36
-28
-31
-27
-17
-4
5
-1
-12
-1
15
21
32
39
44
47
39
46
61
67
64
66
68
64
59
60
67
60
53
46
41
43
34
28
31
24
7
-7
-1
8
-2
-18
-24
-28
-37
-39
-36
-40
-50
-64
-56
-53
-48
-36
-41
-48
-52
-52
-45
-45
-40
-40
-45
-35
-27
-28
-26
-13
-13
-15
-15
-10
-7
-8
-6
-2
5
2
3
10
12
14
17
14
17
27
26
38
57
47
54
60
60
57
50
63
65
61
54
53
56
51
51
47
43
40
23
6
11
12
-1
-10
-13
-13
-24
-29
-34
-45
-47
-53
-53
-50
-58
-62
-61
-59
-60
-70
-69
-68
-69
-58
-42
-38
-38
-23
-19
-8
8
7
16
14
4
10
14
13
22
17
15
25
34
39
37
32
40
46
32
32
34
35
35
19
10
15
16
5
-1
-2
4
-3
-17
-14
-11
-11
-20
-20
-14
-18
-22
-19
-10
-19
-23
-21
-24
-22
-13
2
2
-5
12
15
9
6
2
7
2
-9
-3
7
-10
-17
-8
-9
-7
-7
-4
7
-2
-1
17
15
11
21
28
25
16
16
36
33
24
27
30
29
29
24
31
38
28
14
18
27
17
1
8
23
12
-5
-8
0
-6
-21
-23
-19
-33
-46
-53
-55
-55
-62
-56
-56
-67
-65
-52
-47
-45
-54
-51
-42
-32
-28
-16
-4
-13
-17
-5
8
10
15
18
18
26
32
43
51
55
43
39
45
37
37
39
45
50
45
52
56
48
46
43
40
32
21
16
23
30
24
16
10
6
0
-8
-12
-11
-13
-14
-23
-31
-24
-31
-33
-39
-49
-50
-66
-68
-64
-58
-60
-66
-59
-64
-51
-53
-44
-26
-43
-45
-42
-46
-39
-38
-41
-37
-32
-24
-16
-10
1
9
4
11
34
39
38
57
63
76
92
78
87
97
88
80
90
90
84
78
66
73
69
66
54
53
57
46
34
25
27
14
-3
-10
-17
-22
-29
-34
-31
-29
-32
-44
-44
-43
-57
-61
-60
-66
-65
-56
-51
-59
-57
-60
-56
-47
-50
-53
-58
-46
-30
-30
-35
-26
-31
-34
-22
-27
-25
-18
-16
-10
-2
6
11
12
16
22
20
22
39
36
39
43
29
36
42
46
51
54
63
52
45
56
57
47
41
31
37
31
16
25
14
-1
-1
-8
-15
-22
-27
-20
-28
-50
-44
-43
-46
-49
-56
-63
-65
-69
-79
-62
-43
-39
-39
-32
-28
-31
-25
-18
-15
-11
-12
-8
7
20
21
22
23
31
36
46
55
54
53
54
58
61
70
67
58
51
49
52
53
41
46
55
40
35
27
29
40
33
28
24
19
16
5
-9
-19
-31
-36
-35
-35
-31
-36
-44
-37
-35
-48
-46
-48
-51
-50
-49
-46
-47
-57
-56
-44
-56
-65
-71
-78
-63
-59
-50
-40
-47
-36
-20
-8
6
10
9
15
5
17
22
17
16
14
24
21
29
38
42
45
47
52
58
55
54
56
53
51
39
41
37
33
31
23
17
12
16
14
18
19
18
13
9
1
-8
-6
-11
-15
-15
-14
-28
-31
-25
-36
-42
-54
-55
-40
-37
-36
-38
-38
-28
-18
-8
-17
-7
-11
-25
-19
-17
-14
-8
-4
-5
-1
-4
-6
6
13
19
12
10
19
24
28
33
28
23
23
16
18
21
14
16
9
2
5
5
15
19
11
18
22
26
28
14
25
28
21
20
11
11
5
-4
1
5
4
-6
0
1
-2
4
-1
0
-4
-13
-10
-17
-10
-22
-22
-9
-13
-14
-20
-13
-25
-36
-37
-39
-31
-30
-29
-22
-13
-10
-8
-5
4
14
9
8
3
-6
-8
-5
-6
-8
-19
-20
-15
-14
-10
-7
-3
-10
-6
-6
-7
-10
-7
-13
-21
-21
-13
-9
-12
-13
-9
2
1
-7
-11
3
4
-2
4
-1
6
7
9
14
16
11
15
25
29
36
39
35
23
21
33
34
38
37
34
34
25
25
23
22
18
9
14
17
14
13
18
21
23
19
14
16
14
6
11
8
7
11
14
14
1
-2
-5
-4
-4
-14
-17
-15
-19
-16
-7
-14
-15
-15
-17
-21
-26
-25
-29
-30
-40
-41
-46
-54
-45
-48
-45
-37
-30
-28
-32
-27
-26
-32
-34
-24
-27
-31
-12
-6
-5
0
8
9
9
13
10
16
14
11
22
27
25
19
18
18
17
9
9
11
9
3
-3
8
11
-2
-1
1
0
6
1
2
10
3
5
12
11
15
3
10
11
0
6
5
15
14
13
20
12
22
24
21
25
21
16
12
9
7
11
7
0
8
4
5
6
4
1
-10
-8
-4
-5
-2
-5
-13
-10
-7
-4
1
-8
-14
-13
-12
-3
5
5
2
4
8
7
11
7
12
17
14
10
5
11
11
11
3
-4
1
-8
-11
-4
-4
-9
-18
-27
-19
-26
-33
-26
-26
-31
-34
-31
-37
-38
-40
-41
-37
-44
-39
-33
-26
-16
-11
-7
-8
-3
3
4
13
14
17
14
16
14
8
8
8
12
15
20
23
27
26
38
43
36
47
44
40
36
33
29
17
7
1
5
3
9
9
4
11
10
1
6
6
-10
-2
6
4
-3
-7
-10
-10
-4
-14
-22
-24
-34
-38
-25
-34
-37
-28
-22
-29
-31
-21
-22
-15
-23
-23
-14
-16
-12
-3
-7
-8
-4
-1
-7
-2
4
9
23
31
31
29
45
50
42
44
41
40
45
42
37
47
52
49
45
36
31
27
23
19
12
-1
6
3
-3
3
-9
-9
-5
-14
-21
-24
-24
-29
-43
-49
-43
-42
-58
-67
-54
-49
-60
-61
-44
-46
-50
-49
-46
-31
-31
-26
-25
-32
-22
-29
-29
-21
-22
-15
-14
-10
-6
-6
-2
5
14
13
16
17
14
22
30
33
36
39
40
42
43
48
42
46
60
60
52
51
56
48
48
50
35
28
35
37
42
46
46
49
37
24
26
10
7
-4
-21
-20
-27
-24
-25
-25
-24
-28
-38
-40
-38
-43
-35
-34
-31
-32
-42
-35
-43
-38
-32
-46
-46
-45
-41
-32
-32
-33
-32
-27
-10
-9
-12
-2
-2
7
5
6
9
11
20
9
8
4
-1
11
18
21
26
21
24
29
24
22
12
17
24
16
24
26
21
22
11
4
-4
0
1
-2
-6
-15
-13
-15
-10
-5
1
-2
-4
-7
-14
-2
0
-9
-11
-5
-11
-8
-7
-10
-6
-15
-13
-11
-10
-7
-15
-4
6
-2
2
5
9
11
2
5
14
9
8
14
9
13
16
15
20
23
20
24
30
25
27
29
27
26
18
13
13
6
9
17
10
2
3
5
11
-4
-10
-7
-11
-10
-10
-21
-29
-24
-29
-32
-28
-34
-38
-30
-25
-25
-31
-25
-24
-28
-25
-32
-31
-33
-33
-33
-26
-16
-14
-12
-15
-5
1
4
12
13
10
3
17
21
18
22
14
16
29
28
24
23
17
18
26
34
26
27
27
13
25
18
11
12
7
21
20
16
19
16
11
8
13
7
1
-6
-5
-9
-15
-24
-24
-31
-35
-16
-10
-11
-12
-6
-3
-1
-8
-12
-18
-24
-21
-18
-14
-24
-21
-20
-21
-12
-6
-3
6
15
10
13
19
22
22
15
19
21
14
15
22
22
15
21
15
10
20
15
12
15
5
7
14
8
11
5
-1
-5
-17
-13
-15
-26
-26
-23
-20
-17
-18
-15
-23
-22
-20
-28
-24
-14
-9
-12
-7
-10
-12
-11
-13
-5
-3
-1
-2
3
16
12
7
8
15
12
2
3
4
-2
-11
-8
9
7
8
20
16
17
9
8
11
11
8
10
10
13
17
13
9
8
6
5
9
5
-3
4
3
5
5
4
6
6
14
6
0
-7
-11
-14
-12
-14
-22
-17
-21
-14
-15
-16
-15
-15
-13
-23
-18
-14
-17
-15
-10
-4
-8
-15
-19
-14
-13
-8
-4
7
14
13
24
29
34
30
22
26
30
30
30
31
28
18
11
21
19
7
9
2
-1
-2
-8
-1
6
5
-4
0
11
6
6
-1
-4
1
-9
-18
-25
-34
-40
-39
-37
-32
-24
-13
-13
-18
-9
-11
-15
-12
-12
-6
-8
-7
7
10
-2
-7
-7
-12
-15
-14
-12
-17
-9
-1
-1
3
11
12
20
25
20
23
19
22
30
32
29
18
17
9
6
6
9
15
8
20
15
19
32
27
32
23
19
12
2
-1
-6
-6
-19
-29
-28
-31
-29
-35
-38
-30
-25
-19
-22
-21
-23
-28
-23
-23
-24
-22
-19
-14
-16
-16
-12
-11
-4
-12
-16
-2
3
10
10
5
12
2
-4
7
6
16
32
31
27
41
47
47
49
36
31
38
39
32
32
33
23
19
12
11
3
-7
-1
-8
-12
-3
-2
-2
-8
0
-1
-11
-4
-9
-19
-21
-25
-31
-28
-33
-34
-34
-30
-23
-38
-35
-24
-25
-21
-7
-12
-15
-18
-23
-15
-21
-22
-14
-7
-5
6
4
2
5
9
5
2
1
5
7
6
10
4
10
6
2
15
15
20
17
22
36
26
26
28
22
18
12
18
23
16
22
22
27
33
21
17
18
21
5
-2
1
-5
-3
5
-4
-4
-1
-5
-14
-13
-6
-22
-13
-14
-8
-4
-26
-25
-25
-20
-20
-24
-32
-38
-36
-35
-21
-22
-25
-16
-23
-17
-10
-5
-4
-9
-15
-16
-6
-2
1
10
21
21
22
28
24
26
23
21
17
13
10
6
11
12
17
13
19
27
18
15
21
12
13
18
7
5
8
6
2
0
0
4
3
0
-6
-3
-11
-12
-16
-20
-16
-27
-23
-15
-17
-18
-16
-7
-13
-19
-12
-19
-19
-11
-9
-9
-17
-11
-6
-8
-1
-2
-1
8
7
15
15
7
11
17
18
22
22
24
28
26
24
22
21
13
17
28
18
15
8
9
17
18
14
3
1
-7
-7
-1
-14
-12
-15
-14
-20
-21
-21
-32
-29
-23
-22
-26
-23
-12
-12
-12
-12
-11
-11
-17
-17
-16
-7
-11
-14
-14
-19
-10
-9
-15
-12
-12
0
8
-8
5
11
1
6
10
10
7
11
21
16
18
19
11
6
8
3
3
19
17
15
19
20
30
28
28
25
9
29
32
13
17
21
19
13
10
8
4
3
-3
0
-4
-4
-3
-4
-1
-14
-10
-10
-22
-11
-15
-20
-15
-19
-14
-17
-28
-35
-35
-33
-23
-22
-21
-23
-23
-15
-11
-9
-9
-7
-3
0
10
13
16
12
5
8
10
7
5
16
13
5
12
11
6
18
14
13
12
9
13
4
-3
0
3
6
11
13
7
9
2
-6
1
1
-5
-5
-19
-21
-9
-10
-6
-3
0
0
5
2
-13
-12
-8
-12
-6
1
0
-9
0
1
-9
-11
-8
-10
0
6
-8
-6
4
-1
5
4
-6
-4
-4
-6
10
16
5
17
23
21
28
20
15
11
7
9
2
-1
7
0
-4
2
-2
-5
4
7
4
9
7
2
1
-6
-3
-7
-10
-5
-10
-12
-14
-21
-14
-7
-10
-7
-21
-17
-7
-16
-2
5
-9
-7
-7
-11
-6
-4
-2
3
6
5
17
8
7
20
7
14
17
12
11
10
15
12
12
10
6
8
3
5
10
19
17
15
16
7
4
-7
-10
-12
-16
-8
-9
-2
8
-3
-7
-5
-4
-11
-15
-10
-9
-10
-20
-21
-18
-25
-20
-20
-27
-21
-18
-22
-18
-13
-19
-11
-8
-11
-2
0
3
0
-5
1
-6
-5
-10
-5
1
-1
15
16
17
18
20
15
16
15
12
22
24
23
26
33
37
38
28
22
23
15
14
9
7
12
12
6
9
12
9
4
4
9
2
0
7
-1
-7
-8
-12
-14
-13
-17
-26
-22
-23
-20
-17
-22
-17
-13
-12
-13
-9
-16
-11
-17
-15
-9
-22
-16
-16
-16
-10
-15
-9
2
4
10
8
6
9
8
10
5
8
13
12
26
14
-4
5
-3
-10
-4
-7
-7
2
11
10
11
16
13
12
10
2
-4
1
5
1
0
1
2
5
-5
-7
-2
-3
-3
-1
-5
-10
-15
-16
-22
-28
-24
-22
-23
-20
-19
-16
-7
-8
-2
11
-1
-6
4
6
6
3
4
3
8
7
15
26
22
30
30
38
36
26
37
24
22
21
19
32
26
21
21
12
14
10
5
5
1
0
0
-7
-6
1
-4
-1
-10
-22
-20
-17
-28
-42
-40
-49
-51
-46
-36
-33
-38
-39
-33
-22
-29
-23
-26
-29
-17
-26
-13
-8
-7
0
6
5
4
13
8
8
10
12
18
17
22
18
20
29
32
34
37
34
35
42
38
41
37
27
34
38
27
31
25
23
26
28
22
18
8
1
12
-9
-7
1
-15
-14
-14
-16
-17
-23
-16
-22
-17
-18
-34
-31
-37
-40
-49
-52
-54
-43
-35
-42
-36
-26
-29
-35
-21
-17
-25
-23
-20
-16
-10
-12
-6
4
3
7
9
12
16
19
19
15
19
33
33
31
42
36
31
34
35
22
12
16
7
16
19
25
29
22
34
24
20
14
5
6
-6
6
7
-8
-3
-14
-14
-10
-22
-6
-5
-1
4
-5
-2
-11
-11
-12
-12
-12
-22
-20
-19
-25
-20
-24
-21
-12
-1
5
0
8
9
5
10
14
2
-3
0
-6
-1
4
11
14
10
8
16
10
5
13
7
11
6
2
15
11
0
5
8
-1
-2
-8
-12
-2
0
-3
-4
-12
-14
-15
-12
-11
-24
-25
-16
-16
-18
-11
-4
-7
-1
-5
-16
-19
-10
-8
-3
-7
-13
-3
-6
-6
4
3
6
8
-2
0
2
11
8
5
9
4
15
18
9
20
16
9
10
-4
-2
-5
9
16
9
