SAMPLES:
15436
BITSPERSAMPLE:
16
CHANNELS:
1
SAMPLERATE:
16000
NORMALIZED:
FALSE
7
-1
1
1
-5
-7
-6
6
8
-7
2
12
1
-11
-14
-15
-3
0
-4
0
-9
-2
-7
-16
-20
-23
-13
-9
-13
-4
1
-8
-6
-7
-9
-13
-20
-14
-8
-7
-20
-13
-10
-18
-16
-18
-7
-1
-11
-14
-12
-9
-5
-8
-6
-9
-5
-12
-17
-13
-10
-11
-7
-8
-19
-11
-7
-1
6
10
17
17
10
18
20
17
27
21
12
12
0
-1
12
3
8
15
3
10
10
4
15
14
5
11
10
11
15
10
15
14
8
18
9
3
4
-1
0
3
-5
-2
4
-2
-3
8
12
2
15
23
8
7
15
17
12
4
9
8
6
4
0
1
-6
-3
-5
-19
-17
-17
-20
-19
-23
-22
-19
-13
-19
-24
-14
-12
-16
-13
-9
-8
-19
-29
-21
-18
-16
-16
-18
-13
-6
-4
-5
3
4
5
6
15
17
-6
-5
6
-4
10
13
-7
7
1
9
11
0
7
-5
2
9
8
10
16
12
9
13
14
17
3
7
8
13
3
1
3
-6
5
0
1
1
-4
7
6
1
3
-2
2
3
2
-7
-7
-1
4
0
-6
-5
-14
-13
-8
-20
-16
-11
-17
-6
0
-2
3
3
2
4
4
14
9
3
11
11
3
5
12
7
8
8
3
8
8
12
13
14
13
10
13
13
8
11
7
-4
-7
-9
-5
0
-2
2
-5
-10
-8
0
0
-13
-13
-7
-7
-10
-10
-7
-12
-9
-5
1
-1
-5
2
-9
-5
1
-2
-8
-11
-9
-10
-7
-17
-9
-1
-10
-4
-1
-2
4
10
15
10
-5
0
13
4
10
12
5
1
-3
0
-12
-13
-9
-23
-12
-5
-2
10
3
2
-4
-8
-17
-22
-16
-14
-12
-10
-2
8
8
3
11
11
4
4
3
-1
-4
-1
2
8
6
-2
2
7
7
10
8
-3
-4
8
7
6
3
10
19
12
14
23
21
21
21
15
26
22
17
24
14
24
25
13
26
28
20
22
11
8
17
-4
-4
0
-5
1
0
0
-7
-18
-20
-21
-10
-16
-22
-25
-29
-22
-32
-37
-40
-37
-28
-37
-39
-28
-28
-29
-23
-18
-11
-16
-15
-10
-13
-14
-12
-17
-15
-1
-12
-19
-2
4
2
6
3
16
21
1
12
22
23
22
22
28
25
19
23
15
4
15
10
10
19
9
10
18
5
7
-1
-6
7
3
3
12
14
4
2
13
12
3
0
-6
-4
-1
-7
-14
-17
-5
-3
-5
11
3
12
23
6
6
10
12
3
1
5
16
10
5
4
4
13
8
2
-1
-5
-14
-5
-11
-11
-6
-9
-8
-2
5
5
13
10
1
5
4
-6
-7
-12
-20
-16
-14
-20
-22
-25
-29
-18
-11
-11
-8
-16
-6
-7
-9
0
-6
4
-8
-19
-8
-8
-12
-19
-21
-5
-4
-1
13
11
9
10
3
13
19
8
15
14
1
6
8
-4
9
23
5
7
5
-2
4
1
11
14
9
4
-6
3
6
1
8
3
-3
1
-1
6
11
9
14
12
4
0
3
2
-8
-5
-15
-15
-1
-3
-3
4
9
0
5
14
3
2
10
10
2
6
13
1
5
3
-3
2
-6
-5
2
-6
-14
-16
-7
-6
-17
-5
1
-4
-14
-12
-13
-26
-20
-9
-5
-5
4
11
8
17
0
-9
-1
-6
-1
-1
-7
-14
1
0
0
2
-4
-1
1
16
4
8
9
4
3
-2
-1
-16
-2
-2
-10
-4
-2
2
8
10
1
5
11
2
2
4
6
-5
-4
0
-7
7
7
-4
-3
2
7
4
1
5
12
13
13
7
6
14
12
5
15
20
10
17
12
6
17
9
-5
-3
-8
-16
-17
-18
-12
-2
-5
-14
-8
-11
-10
-8
-13
-10
-15
-12
-14
-19
-25
-28
-32
-33
-16
-9
0
-3
-8
1
-1
4
9
8
13
8
0
2
12
1
4
13
2
13
12
21
25
15
27
25
25
15
13
15
8
3
-1
-3
-12
0
7
8
12
1
8
1
-4
4
-2
4
-1
-4
2
-10
-4
-13
-23
-12
-18
-17
-9
-7
-8
-18
-13
-18
-16
2
1
12
16
11
5
6
1
0
4
3
12
2
0
10
17
7
-6
-5
-8
0
-9
-18
-12
-20
-11
2
7
0
-5
-6
-11
-8
-1
2
-8
-1
7
-6
-22
-11
-1
-7
-1
-1
-6
-8
-5
10
4
4
4
-4
8
16
5
9
19
18
18
25
32
18
10
14
10
6
5
2
-2
2
11
7
10
15
11
8
5
7
-6
-3
9
2
2
-4
-17
-12
-4
-2
-15
-13
-8
-20
-11
-8
-14
-8
-8
5
10
4
-3
-3
-15
-17
-10
-29
-26
-19
-21
-23
-18
-15
-16
0
-2
-5
-8
-3
-1
1
14
2
6
8
2
-1
-1
8
-2
-8
-6
-3
13
18
16
22
13
13
21
6
1
4
-3
1
1
6
6
-4
15
10
7
13
5
8
7
2
11
15
15
8
9
20
12
16
17
14
1
-1
9
3
-1
-1
-1
6
-6
-8
10
1
-5
9
6
7
11
2
-2
-7
-8
-12
-23
-26
-22
-19
-17
-19
-17
-5
-9
-11
-8
-10
-4
-4
-6
-8
-13
-20
-20
-18
-27
-15
-10
-17
-7
-7
-18
-7
-6
-8
-2
-5
-1
-3
0
8
-2
-8
-8
0
-11
-6
-1
-19
-5
14
23
20
16
24
21
16
10
2
14
20
9
5
6
2
1
-1
6
17
23
19
23
30
25
36
32
17
23
13
7
8
5
15
8
12
13
7
16
3
8
7
0
-1
-15
-1
6
-8
-18
-19
-8
-18
-21
-4
-6
-14
-8
-12
-14
-13
-26
-17
-13
-29
-19
-20
-32
-25
-16
-23
-26
-21
-15
-7
-15
-7
-2
-3
4
-10
-6
-3
-12
-10
2
10
11
9
8
17
8
4
12
6
-2
4
8
5
9
4
11
23
16
20
16
14
24
12
10
3
-2
-2
-7
-4
0
-6
-3
0
-2
1
1
5
6
6
4
0
-5
7
1
-11
4
-2
5
-2
-16
-3
-3
-7
1
3
7
12
6
8
12
7
-1
-5
2
-7
-16
-10
-7
-7
-14
-8
1
-4
8
10
6
1
3
6
9
11
10
6
-10
-8
-3
-17
-19
-22
-28
-22
-13
-7
-2
7
5
15
25
18
12
11
12
8
12
18
2
0
11
9
8
2
-1
0
-1
9
7
10
13
-6
5
2
-19
-12
-12
-16
-9
-9
-13
-6
-1
2
-1
-14
-20
-24
-17
-11
-13
-2
-2
-3
2
7
6
-1
-2
5
3
-4
2
2
1
4
3
-2
-10
3
-3
0
16
9
9
10
1
2
4
-4
9
5
-10
6
3
-10
-2
0
-6
-15
-15
-7
-10
-7
-7
-7
-7
-16
-13
-12
-13
-11
-3
4
7
11
18
24
13
5
11
8
4
3
12
13
6
21
7
8
14
16
31
20
17
19
23
21
18
25
18
8
11
6
6
0
-9
-1
-2
9
8
-8
-6
-7
-20
0
1
-21
-15
-18
-22
-13
-10
-14
-16
-19
-15
-8
-14
-18
-12
-13
-22
-22
-15
-20
-25
-22
-16
-22
-17
-5
-9
-8
-10
-9
-9
-6
-8
-7
1
7
5
-7
-11
-2
3
-5
10
17
7
26
25
14
16
9
6
0
2
17
8
11
20
26
21
13
19
12
10
-5
-5
8
18
12
7
17
20
17
15
20
10
0
8
14
7
15
17
14
11
-4
-1
-1
-1
-2
-7
-12
-7
2
-4
-14
-7
-4
-6
1
-3
-4
-10
-20
-18
-21
-19
-23
-33
-32
-29
-19
-15
-24
-27
-19
-9
-10
-2
-4
-5
-3
-9
3
-1
-2
0
-8
3
-2
-4
16
10
-3
-6
9
13
-1
1
-5
5
16
8
20
5
2
6
12
15
0
21
18
14
29
15
10
17
8
-6
-4
4
16
12
10
15
12
6
4
-2
-2
11
2
-3
7
7
2
-9
-12
-3
-3
-6
-4
-7
0
1
2
4
-2
1
-7
-15
-15
-23
-35
-36
-21
-15
-28
-19
-5
-5
-10
-14
-11
-9
-4
5
2
-13
-2
9
4
7
6
8
9
-6
-7
1
-8
1
2
4
15
17
13
3
4
14
17
5
9
12
14
18
11
14
22
16
8
11
14
-9
-11
8
2
0
-6
-5
1
8
10
8
11
11
17
12
9
10
4
-3
-4
-11
-23
-20
-25
-16
-15
-24
-12
-7
0
0
-8
6
-4
-5
-6
-20
-19
-17
-11
-9
-8
-15
-23
-16
-7
-6
-3
-7
0
5
3
12
2
2
6
0
-2
7
6
-1
3
6
7
10
3
11
16
6
8
3
2
3
5
10
14
7
1
7
0
0
9
11
8
1
9
13
12
3
2
-10
-8
2
-18
-9
-8
-4
5
-3
3
6
11
16
4
1
7
6
7
12
6
3
-6
-1
3
-2
-4
-12
-8
-3
-6
-1
4
1
-2
-8
-4
-14
-12
-15
-18
4
-6
4
9
0
6
1
-3
-10
-9
-6
-9
1
-9
-21
-8
-6
-10
-11
-12
-4
-2
-8
0
8
6
12
19
21
11
11
18
17
-2
-5
3
-8
-4
-2
-7
-9
2
6
3
5
-1
3
2
3
7
7
4
-1
-6
-4
-1
-13
3
5
-10
0
6
-3
-5
-1
3
12
-4
-3
6
-12
9
15
0
13
17
6
8
12
-11
-3
6
7
6
6
13
6
5
-2
8
7
-8
5
11
1
1
-2
-14
-20
-15
-10
-6
-17
-12
-5
7
6
-1
-6
-15
0
-4
-5
-13
-7
9
-7
-1
-1
-15
-8
-6
0
-1
-4
2
-2
1
-2
-9
-5
-9
-6
-1
-14
-10
-1
-4
7
25
15
4
0
-2
-3
-9
-3
1
9
11
22
29
8
7
18
11
6
6
3
12
11
6
8
4
2
7
3
-4
2
6
6
10
8
10
14
17
20
11
12
2
-13
-12
-20
-27
-24
-28
-23
-23
-18
-9
-13
-11
-16
-16
-8
-3
-3
-6
-11
-13
-1
-4
-16
-7
-14
-12
-2
-15
-14
-9
-4
-20
-18
9
2
-2
4
5
11
1
0
21
26
22
27
19
31
28
19
19
-6
2
2
4
18
5
7
18
17
16
17
11
2
11
7
-5
-6
-4
-4
10
-5
-12
3
-8
-7
-6
5
-4
-10
-4
-10
-7
-5
-4
-6
-14
-8
0
0
1
-3
3
4
-10
-6
-4
-7
-8
-16
-8
-7
-6
-8
-7
7
3
-11
-8
-6
-9
1
-1
-1
0
1
-9
-13
-6
-5
-1
-18
0
11
5
2
-8
-4
-5
-10
4
5
2
-2
-6
4
14
17
14
8
1
9
0
2
3
-6
13
23
17
12
11
8
8
20
17
13
15
10
16
26
15
14
4
0
1
0
4
-10
-5
-6
-13
-2
-12
-21
-23
-31
-27
-17
-10
-12
-18
-15
-5
-3
1
-8
-11
1
-17
-17
-14
-21
-2
-7
-10
9
5
1
0
1
11
10
14
17
8
7
11
14
-4
3
5
-1
6
5
14
3
2
7
2
9
11
9
10
12
5
8
15
2
0
-2
4
9
4
7
-3
-1
-4
-13
-19
-19
-15
-9
-10
-4
4
-10
-6
0
-6
-7
-6
-19
-12
-13
-1
12
-7
11
12
2
-1
-4
0
-8
-6
1
2
4
7
14
18
16
10
9
13
-14
-11
1
-15
-10
-9
-11
-14
-3
-5
-10
-5
-10
-4
0
2
3
5
17
9
6
4
-4
-8
-4
10
5
1
15
13
-1
7
16
13
9
8
0
3
-2
-12
-4
-9
-4
-1
4
6
2
9
14
4
9
16
1
0
-3
5
13
4
1
-7
-13
-14
-14
-13
-8
-7
-2
-7
-9
-3
-8
-6
10
13
4
9
17
9
-3
-4
1
9
3
-5
-5
0
-11
-11
-8
-17
-10
-12
-12
-8
4
0
-5
8
9
3
-7
-11
-3
1
-12
-4
4
-10
5
-1
-7
2
-9
-15
-11
-5
2
2
-2
5
7
-2
-3
-2
-4
-1
-3
11
11
12
21
13
21
12
4
4
-5
-4
-1
0
-4
4
6
8
21
17
18
16
0
8
12
5
5
-2
2
3
8
-1
-8
-3
-5
-2
-4
3
11
1
0
2
-4
9
10
-12
-7
1
-11
-17
-18
-17
-8
-14
-15
-9
-7
-3
-8
-2
-1
-5
-6
-3
-5
-12
-14
-10
-4
0
-3
-4
5
-2
-14
-12
-7
-3
-3
-3
2
3
8
12
5
1
5
-4
-6
1
0
-1
11
23
22
16
16
20
9
5
4
-6
-11
-5
-1
-7
-8
0
6
0
13
11
12
20
14
13
9
4
3
10
8
14
14
1
9
6
3
12
2
-2
-8
-13
-3
-8
-9
-13
-15
-7
-13
-16
-19
-10
-11
-19
-8
-13
-11
-10
-17
-13
-12
-9
-12
-20
-12
-13
-5
1
-15
0
1
-13
-8
-12
-13
-9
-6
5
5
3
6
5
5
13
6
2
10
18
23
24
27
24
23
24
15
18
27
17
15
19
23
21
19
6
14
19
4
14
11
9
1
6
5
-5
7
-3
-4
-2
-13
-15
-16
-17
-12
-13
-18
-6
-10
-16
0
-12
-23
-9
-18
-33
-36
-26
-24
-31
-34
-27
-25
-19
-8
-9
-1
-2
-7
-3
-3
-9
-15
-16
-16
-10
-8
-5
-8
-3
0
-8
1
1
12
16
8
14
16
17
26
21
24
34
31
25
34
33
25
27
22
30
40
39
34
23
12
16
20
19
20
20
9
12
20
7
4
4
-3
-8
-10
-16
-8
-8
-13
-9
-18
-16
-26
-20
-16
-15
-11
-25
-38
-31
-31
-44
-34
-30
-35
-29
-14
-21
-16
-13
-8
1
-9
-5
-12
-15
-3
-7
-13
4
-7
-21
-11
-19
-22
-23
-14
-6
-7
-1
13
19
15
20
17
12
14
17
21
12
12
25
21
5
10
17
20
25
13
25
38
35
34
24
31
28
18
16
7
-2
4
0
4
15
14
12
2
1
2
-7
-5
2
-4
-8
1
2
-6
-12
-6
-7
-9
-1
-1
-3
-7
-11
-6
-3
-6
0
-14
-9
-3
-13
-8
-19
-22
-23
-28
-20
-14
-23
-26
-9
-5
-4
-11
-15
-10
-11
-9
-20
-16
-8
-13
-6
-4
-7
-5
-11
-9
-7
-4
5
3
12
8
2
18
17
17
9
4
8
0
13
4
6
26
18
21
16
7
11
12
13
16
12
11
21
21
12
15
20
23
21
13
5
5
8
4
-2
-5
-4
-9
-6
-1
-5
0
8
8
3
-9
-11
-4
-1
0
-3
-8
-18
-17
-18
-19
-9
-11
-12
-9
-14
-13
-2
-7
-12
-10
-8
-19
-24
-15
-24
-20
-10
-8
-7
-5
8
6
3
6
1
-7
-23
-9
2
-3
-12
-8
4
10
11
9
21
17
10
11
6
-1
7
7
12
27
25
23
17
23
14
11
11
12
14
19
27
14
17
23
10
-6
-7
-1
6
5
10
12
7
-3
-1
-9
-16
-8
-10
-15
-17
-17
-21
-11
-12
-8
-4
-22
-16
0
-4
0
-7
-11
1
6
-1
-5
1
-16
-23
-17
-26
-36
-21
-18
-8
-3
-5
8
2
5
6
3
-4
-11
-9
-8
-12
-17
-5
-10
-16
-1
-2
-1
7
14
12
9
10
6
11
11
13
16
3
3
4
0
9
-4
6
24
16
18
23
27
23
24
11
11
23
18
12
7
10
9
15
13
13
9
10
6
-2
12
2
3
14
6
1
3
2
-5
-9
-23
-23
-14
-20
-23
-17
-6
-9
-1
-2
-6
-12
-13
0
-17
-9
-12
-26
-16
-10
-4
-17
-21
-12
-7
-3
-3
-10
-10
-7
-10
-12
-22
-9
-4
-18
-10
-9
-23
-19
-15
-14
-8
-2
7
11
18
21
29
13
7
11
-5
-3
-8
-3
12
6
8
15
8
14
20
22
25
26
17
17
32
22
20
23
20
15
12
13
3
1
11
7
-6
2
10
-9
0
3
-9
0
-6
-3
11
5
6
8
-13
-14
-9
-24
-19
-20
-23
-24
-22
-24
-23
-12
-14
-9
-9
-14
-18
-15
-10
-16
-23
-14
-3
-3
-12
-19
-19
-13
-12
-6
-2
1
4
3
8
13
26
27
18
17
15
19
19
9
17
12
12
27
14
6
14
15
17
22
16
13
6
11
15
5
7
7
16
15
10
14
13
10
2
7
1
-9
-19
-24
-24
-24
-16
-18
-16
-10
-20
-18
1
-3
-9
-11
-5
-12
-14
-6
-4
-10
-21
-13
-19
-29
-23
-17
-11
-3
1
1
6
-2
-1
-9
-11
-8
-19
-15
-10
-7
-16
8
14
5
17
14
22
13
6
9
1
-10
5
1
-5
3
-5
12
11
7
20
7
21
24
5
17
17
34
36
16
14
14
11
8
8
9
-2
0
5
6
12
8
14
17
8
0
-5
-6
-15
-10
-11
-21
-7
-14
-13
-5
-10
-9
0
-7
-20
-14
-12
-9
-6
-4
-14
-10
-14
-28
-14
-12
-13
-5
2
7
2
7
14
14
8
8
5
0
-2
-7
-11
-5
2
2
8
6
12
5
4
8
-6
-11
-16
-20
-12
-6
0
4
7
-5
-11
-10
-14
-14
-5
-2
-9
1
-5
-11
11
10
3
13
9
1
7
6
7
10
3
3
11
12
10
15
17
4
3
-18
-15
9
10
19
10
6
18
14
17
17
6
16
9
-7
3
4
7
12
-2
-9
-13
-14
-19
-15
-14
-13
-11
-5
-9
-12
0
-4
1
-6
-10
-4
-12
-7
-8
-2
2
-2
-1
-2
1
6
-4
-8
-5
-6
0
1
-12
-13
-6
4
6
-2
5
16
13
10
7
4
8
9
12
17
10
11
0
-8
-14
-31
-16
-11
-9
1
-2
9
13
10
11
5
-1
7
-3
-9
7
5
11
15
12
5
-3
-4
-10
-15
-12
-6
6
7
5
12
13
4
11
14
-1
7
5
2
1
-7
-7
-7
-12
-20
-16
-14
-18
-10
-5
-6
-1
-4
-1
2
-4
2
7
-4
-5
-12
-12
-10
-9
-7
-8
-5
-7
-4
-4
1
15
12
6
0
3
13
7
2
8
5
15
18
7
19
18
22
21
11
1
-7
0
-10
-10
4
3
-10
-2
-2
-7
1
-11
-2
-1
0
8
-8
13
14
1
7
-4
-8
-10
-19
-8
1
3
0
-9
-9
-7
-7
-7
-3
-6
-17
-6
-2
-4
9
5
7
15
16
11
2
2
6
-8
4
3
-4
9
-9
-3
7
2
-5
6
8
-1
5
5
8
16
7
6
6
-11
-4
-10
-11
-8
-7
-7
-2
1
-4
0
-2
5
-6
-6
-7
-4
-13
-19
-7
-11
4
5
-3
7
1
-7
6
-1
-6
5
3
7
14
14
19
3
-13
-2
-17
-26
-12
-10
-8
3
4
0
8
8
5
12
3
-1
3
-3
0
-9
-4
-6
-8
3
0
-5
-1
2
7
18
13
8
11
19
11
6
11
3
1
-7
-14
-24
-15
-5
1
8
12
25
31
23
8
9
8
8
1
0
0
-5
-3
-5
-14
-11
1
-7
-12
-5
-3
-1
-1
-8
-5
4
-6
-7
-2
-11
-8
-13
-16
0
-12
-16
-9
-6
11
7
4
2
-6
-7
-4
-4
-7
-9
-3
9
6
10
18
10
2
13
18
8
5
3
-5
-5
3
6
-6
-13
0
-1
-8
-2
-10
-5
2
1
-9
-12
-4
-6
-6
-8
-4
-5
0
-1
0
17
26
14
20
24
4
9
4
0
-1
1
2
-5
-10
-6
-2
-9
7
6
0
12
7
-4
-10
0
9
3
4
4
-3
0
11
11
-9
-4
-4
-20
-15
-18
-23
-21
-11
4
-4
-13
1
-2
-5
4
3
7
2
3
2
-1
3
-2
-14
-19
-12
2
14
15
9
16
22
25
29
18
19
26
22
13
8
12
2
-8
1
-4
-3
-3
-5
-2
6
4
8
20
16
15
4
-5
-7
-13
-26
-34
-14
-12
-24
-17
-15
-7
-14
-29
-17
-24
-17
-8
-18
-11
-16
-20
-16
-29
-17
-6
-19
-5
-8
-10
1
8
4
-5
1
-1
-2
-2
5
8
8
10
4
7
13
19
21
22
33
26
25
37
31
37
43
30
27
23
7
7
4
1
-12
-14
2
-4
8
17
20
29
19
8
10
12
2
-5
-8
-21
-22
-20
-21
-12
-18
-18
-14
-16
-7
-15
-11
-10
-13
-23
-20
-13
-25
-16
-34
-17
-14
-26
1
-12
-14
-4
6
5
-3
4
3
6
7
-1
-9
-3
0
4
9
9
-7
-7
6
-2
-6
3
5
3
2
0
5
9
12
12
17
11
11
14
1
13
7
-1
9
-5
-6
3
-3
-8
10
9
13
13
-6
6
3
-2
15
11
5
6
2
9
14
13
3
3
-6
-11
0
2
9
12
12
6
7
17
17
7
2
-9
0
2
-19
-22
-19
-23
-16
-8
-11
-5
-8
-2
0
-2
7
-3
0
-2
-9
-14
-15
-20
-33
-28
-33
-35
-27
-23
-13
-11
-6
1
4
20
15
9
11
1
-2
-3
-4
-5
-6
7
14
5
13
19
17
16
22
28
15
12
15
11
17
32
29
6
-2
12
2
-3
10
3
16
23
16
23
17
10
0
-11
-21
-11
-5
-13
-20
-18
-11
-18
-4
-6
-17
-16
-11
-9
3
6
-7
-9
0
6
-1
8
-1
-5
-4
-9
-15
-19
-11
-12
-10
-2
2
8
-9
-11
0
-13
-9
-11
-13
-20
-27
-11
-6
2
9
16
13
9
12
6
2
-10
-10
-2
-2
-3
8
3
3
10
7
5
6
14
13
10
17
27
19
22
24
16
11
1
3
-13
-18
4
0
1
-5
-7
8
7
6
10
3
12
22
11
9
19
17
7
22
-10
-30
-1
-7
-21
-36
-23
16
29
9
7
29
34
-28
-62
-39
-37
-94
-94
-80
-100
-94
-92
-74
-92
-76
-35
-15
-106
-147
-156
-127
-76
-68
-104
-135
-98
-96
-91
-63
-39
-82
-86
-107
-101
-41
8
27
-18
-47
-65
-65
-62
-56
-51
-23
71
120
178
139
165
248
412
455
316
306
382
348
230
221
188
102
42
69
184
79
348
1612
1755
290
1307
4938
2895
-3121
-1610
5085
3898
-1384
773
2492
-3669
-5081
3151
5192
-2344
-6415
-4312
-2799
-1936
-922
-2931
-5209
-4685
-4550
-5337
-3087
-1480
-5128
-7262
-2797
-239
-4449
-7024
-4436
-3315
-5921
-7257
-4552
5268
20606
21281
-3100
-21430
-7617
22683
32106
14505
-2361
-5741
-3493
4550
22441
32609
15875
-13168
-18981
3845
23304
16449
-1854
-6625
-363
-88
-6239
-5747
-42
-1881
-8992
-8144
-1837
-6295
-19917
-21831
-6141
7308
2467
-12188
-20275
-17178
-8380
-113
4511
3543
-3204
-11182
-11810
-1653
9428
9613
223
-6104
-3264
2090
2618
-405
316
5111
6655
679
-5850
-4517
1119
3687
3842
6526
7866
1004
-7326
-4326
8802
15815
9680
1546
909
4089
5010
6160
10522
12219
7622
2938
5870
11505
8188
314
545
9035
9887
792
-4613
-3392
-3155
-4419
10
3589
-2709
-13136
-15402
-7441
-274
-1037
-7186
-10263
-8098
-6765
-6864
-5804
-3508
-3911
-6881
-7135
-6193
-6590
-9854
-10906
-2487
12333
21522
7224
-17862
-23117
1084
28823
28465
7808
-9299
-12238
-5621
9880
29123
29231
3252
-22607
-16782
11040
23619
10712
-5148
-5023
-308
-3120
-6872
-3238
1166
-3546
-8201
-4338
-255
-8486
-20121
-14685
3719
13091
2213
-13808
-17679
-9995
1184
8700
11102
5822
-5435
-11986
-6084
8471
15388
7820
-4093
-7662
-1801
2523
1232
-1424
-437
1582
-770
-5588
-7911
-5147
-1718
802
4177
6624
2698
-6491
-7788
2945
14616
14639
6228
2048
3556
4945
5621
9329
14560
11585
3039
-756
4627
12941
7811
-1403
-983
7191
4594
-6396
-5059
-619
-4164
-8930
-2745
2265
-5310
-13409
-12852
-3814
2374
-197
-7062
-8694
-3501
-2563
-2486
-114
1236
-2453
-7487
-4542
-892
-1596
-5494
-7464
-3661
1587
8528
10926
1794
-13421
-15478
4213
23033
19060
-570
-13684
-11672
-1326
13326
24483
18332
-4965
-21529
-10302
14074
22439
7004
-8019
-6438
-268
-849
-4614
-1671
666
-4607
-7540
-2311
625
-9014
-17189
-9742
5110
9440
-1505
-12570
-13802
-6002
4086
10146
9510
1124
-6973
-7025
935
9186
9888
3799
-4205
-6529
-2104
2910
2016
-2814
-3454
-193
184
-5300
-8595
-4721
1311
4072
3002
1847
159
-2124
-820
5073
11602
11519
5944
2138
2600
4984
5972
8161
9703
6355
799
2144
10147
9159
-543
-3122
5008
7874
-293
-5734
-5215
-4302
-3782
-342
2518
-1034
-8325
-12309
-5701
5723
7862
-1386
-8365
-4776
784
2788
2496
858
-1620
-3575
-3136
-2581
-2885
-3727
-6119
-5697
-89
7730
9594
-1308
-14937
-14699
4024
20675
15099
-3910
-15134
-11801
-1912
10131
19507
14111
-7141
-23220
-13810
10083
19350
5291
-10895
-10846
-3528
-3241
-6404
-2292
2298
-3267
-10532
-8208
-2342
-5832
-12361
-7821
4074
8161
-1237
-11172
-10250
-673
8851
12247
10498
4595
-2977
-4814
2663
13243
15104
6332
-4140
-7194
-2368
3172
4332
1178
-1318
-3072
-5733
-8098
-7269
-2569
1171
2441
1749
-455
-3159
-4023
254
7371
11335
8867
4382
3343
4636
5488
6480
10227
11710
10002
7051
3037
1913
3199
4968
4957
7120
6649
-6009
-17078
-10178
5628
7799
-2793
-10608
-12487
-11426
-7811
-446
5704
3869
-6300
-13156
-5729
5745
7221
682
-1365
2248
1513
-3764
-6059
-2003
2287
4017
7352
12249
7610
-10738
-21011
-5617
22288
29339
7133
-17634
-22485
-9482
7925
21439
21840
1928
-24925
-30495
-6714
18722
17192
-3584
-16243
-13191
-8867
-9828
-8508
-2413
352
-3279
-8395
-12879
-16416
-16276
-7604
5951
12104
3007
-13354
-20387
-10657
7745
19201
17760
8552
50
-3259
-850
8118
19383
21323
8918
-5830
-7955
243
4636
2676
3638
6982
1480
-12620
-19066
-9424
3947
7017
2587
-180
-1837
-6817
-9228
207
15490
19310
7769
-3537
-2021
6271
10896
11580
13510
16112
10729
-986
-4447
4841
11957
8254
5893
6566
-2154
-14783
-12157
2748
8301
-509
-11150
-15181
-13131
-8049
-2680
1114
755
-4985
-9211
-5526
1019
2746
515
1465
3551
2215
-1177
-3739
-2448
-1423
1102
8211
14637
12258
-3100
-17386
-15733
2850
23399
23429
2147
-21536
-25727
-9018
12334
23997
16661
-5813
-27578
-27081
-3091
18988
16392
-3956
-17036
-16428
-11531
-9136
-6425
-1649
-680
-4202
-9284
-12508
-14111
-14131
-6438
7287
14800
4277
-15366
-22495
-10525
9458
21057
19944
10019
-1966
-6897
-133
14610
24824
21907
8066
-4415
-5360
1287
6484
6578
5494
3691
-2482
-10282
-13393
-8669
-988
3885
4845
2090
-3551
-10091
-9810
1604
15368
18769
9176
-2059
-5500
-393
7929
15762
20344
14959
1438
-8168
-3522
6477
10462
9987
6430
-2142
-11852
-11473
-3113
1825
-392
-5916
-9598
-11757
-12737
-11623
-6067
1889
2931
-3371
-9261
-7759
-2651
1836
5981
8259
5672
-2036
-6003
-2624
4328
7226
9416
12557
12795
7481
-3862
-10418
-5029
12623
25430
15425
-7239
-21559
-16695
-31
15546
20217
6592
-15731
-27706
-17627
4041
16239
8983
-8841
-18411
-17375
-12670
-8836
-3966
-433
-4849
-12544
-15566
-13485
-13266
-12466
-4376
6523
7759
-4633
-16885
-16612
-4643
9860
17516
16590
8030
-2765
-5767
3626
19261
25632
17083
2451
-4547
-226
5999
7909
6383
5462
1991
-5611
-10917
-8884
-1811
1874
1562
2120
2701
-1699
-9727
-8689
5300
19280
18700
6947
-1425
-658
6535
13584
19688
18275
7506
-3221
-5184
3056
9793
9483
2970
-3720
-5712
-5914
-5461
-5668
-6714
-9317
-9942
-7058
-6942
-11220
-14212
-9519
-2251
624
-1621
-6031
-6298
-3235
722
3354
4314
3773
431
-2444
-1434
3375
9549
15138
17419
13213
456
-10653
-6659
13021
26683
17544
-3964
-17155
-13843
-2310
10788
17418
8484
-13372
-27782
-17686
5637
15011
2875
-12091
-14629
-10797
-10144
-10692
-6977
-3757
-7221
-12494
-13674
-12042
-14002
-15199
-8469
2191
5607
-3501
-14115
-15173
-5223
7219
13738
12977
6626
-559
-2921
3472
15255
21599
16266
4290
-2703
24
6126
8959
7918
5703
1695
-3969
-7194
-5295
-839
1113
1436
2849
4049
1023
-4492
-4380
3979
13779
17103
13331
7487
4691
7750
15012
18648
15794
8434
2807
2204
4114
3341
-1445
-1940
1799
1026
-7130
-13331
-12272
-11013
-12282
-11901
-8254
-7445
-12517
-17322
-14197
-4679
-364
-4966
-8900
-4660
465
-74
-1348
791
4225
3040
848
2383
6899
12301
14352
15811
11436
1674
-3508
5670
21472
19831
1694
-12125
-9005
1653
8004
10067
4256
-9742
-20783
-15695
1081
9096
1265
-11120
-13362
-8210
-7038
-10027
-9576
-5054
-5730
-10897
-13495
-13330
-14617
-14906
-7801
944
1074
-7491
-14905
-13113
-4455
5138
10101
9084
5515
1523
704
4282
11863
17421
15362
7844
1089
1575
5908
8211
6675
5818
5908
69
-9054
-10960
-1515
7401
5842
-363
-2826
-1199
-1557
-1305
4938
12913
12875
4659
3458
12382
18963
14269
8733
12416
15599
11196
5236
5428
5000
-958
-3922
-30
3863
-522
-9215
-14033
-12519
-8835
-8712
-11057
-13619
-14226
-12728
-9358
-6951
-8405
-9073
-5817
-2546
-2627
-3583
-2763
-1912
-1972
487
4936
7503
6464
5063
9142
16625
14374
2714
-1713
11377
23533
14854
-2823
-9540
-3818
1742
6812
12613
7462
-12782
-28718
-18985
5180
12988
-2410
-17649
-15915
-8292
-7840
-9732
-5624
-2062
-7942
-15651
-15845
-11512
-10848
-11371
-5481
2643
2614
-7043
-15259
-13542
-2893
9111
14120
10320
3096
111
2865
8325
15310
20280
17171
6014
-2151
1226
9685
12012
7460
5428
5720
-399
-11043
-13077
-1972
7991
5545
-3020
-6352
-4858
-4783
-3338
4645
12796
10223
747
476
9729
14345
10872
9437
13464
14133
9660
5437
2848
-21
-244
4080
5423
-1515
-11625
-14417
-8721
-3275
-3917
-8619
-12800
-15670
-15715
-10555
-4148
-3855
-8393
-8501
-3679
-141
-408
-446
1919
2293
518
-424
2758
9607
13244
14978
17148
13070
1521
-4158
11411
31082
26779
3058
-12727
-8119
3073
10157
13332
9226
-6902
-25353
-24763
-4051
10387
-831
-21107
-24076
-13690
-9013
-12677
-11867
-7342
-10003
-16295
-16815
-12987
-14245
-18279
-14237
-1478
6600
185
-12081
-16436
-8327
3198
9457
11470
10314
5761
761
1723
11444
21468
21118
10837
2076
3366
9566
10438
6689
7245
9658
5776
-3075
-7083
-2296
2724
2573
1139
2539
2695
-2634
-7167
-1740
9695
13766
12375
8459
4311
2672
4770
13105
18461
17191
7990
-678
654
4660
3939
-201
104
-653
-8206
-14620
-13561
-8971
-8674
-11595
-12632
-9631
-9403
-15095
-16816
-10489
-1931
-1210
-4751
-5161
-3148
-1554
-674
2684
6767
7789
3316
2464
10530
22249
21032
4490
-6508
3607
25850
31514
14676
-6251
-12544
-4386
7904
19703
20484
961
-25593
-30774
-6659
16599
9973
-14622
-25012
-16902
-10121
-12309
-12846
-6795
-6656
-13435
-15679
-11148
-11141
-19620
-21133
-7224
8999
7372
-10206
-21771
-14358
2930
12831
11649
6501
995
-3021
-1165
8895
19977
20723
9946
-233
1546
9179
10314
5219
5125
10714
9437
-920
-8510
-5156
2911
6576
5699
3988
234
-5761
-7446
671
11080
13494
9493
4843
4068
5152
6993
10454
14834
15644
8436
1225
1822
6104
5918
3359
2872
-204
-7749
-12682
-10498
-6648
-6253
-9258
-12355
-13526
-14442
-14758
-11807
-5972
-3521
-6973
-10297
-8587
-2443
614
-1011
-2112
23
4463
4306
4194
8811
18516
22356
8276
-7686
-5347
17182
32679
22086
1373
-8843
-4778
3833
13569
19700
10107
-13265
-28096
-15762
7352
11566
-5089
-18548
-15699
-9892
-11168
-13480
-9529
-6080
-9986
-13623
-11102
-8991
-15435
-21418
-13137
3521
9627
-2552
-16682
-16590
-5157
5778
9819
10360
8088
2292
-2635
787
12716
19821
13973
3450
2521
9198
9197
1825
405
9462
14049
4861
-7206
-8652
-2207
1390
3042
7352
9268
580
-11515
-9552
5423
16761
13538
3874
1817
4168
4853
6197
13052
17336
7763
-3296
-326
10332
10345
813
-3636
-1003
82
-4544
-7747
-6952
-5953
-9247
-12824
-10030
-7103
-9120
-12569
-10987
-6423
-5153
-6074
-4890
-1283
-927
-3454
-4029
-1886
910
1598
4230
8211
13158
15365
6449
-6275
-6378
13045
29815
22441
1865
-10389
-6393
4926
16392
22590
14431
-7363
-25061
-18494
3731
13155
-563
-16264
-15230
-8157
-9352
-14496
-12000
-6192
-7166
-11031
-11617
-12257
-18405
-22838
-14835
734
7886
-1393
-14677
-16906
-7628
3814
9447
10403
7822
2960
601
4624
13610
18971
15478
7852
5689
9734
10750
5894
3073
7400
10968
5994
-3213
-6357
-2475
73
-642
578
4385
2475
-6121
-8767
833
11388
10294
2563
349
4054
4052
1732
7360
15622
10944
-2885
-5489
5132
10717
4844
-1341
-2125
-2505
-5436
-6416
-2741
703
-2375
-9414
-11729
-8423
-6168
-6454
-6070
-5637
-6247
-6533
-4224
-76
3039
3214
-937
-4898
-3627
1162
3573
3513
7001
13794
12748
-2381
-14725
-5632
18418
29403
14959
-6857
-15354
-8650
4185
19034
26290
12560
-15559
-28632
-10855
14148
15629
-3244
-16051
-12804
-7172
-9255
-11277
-6430
-3038
-7978
-13387
-12466
-12347
-19504
-23815
-13039
4190
7219
-7866
-22482
-20231
-4922
8226
11300
7508
2489
-848
258
7726
18204
21949
14752
7282
8895
13427
10628
3838
4795
12637
13548
2876
-7642
-7507
-1265
1845
2626
5154
3938
-5428
-12869
-6138
9732
15765
7282
-1896
-1060
2725
2255
5668
13538
12605
-945
-8509
554
10638
8139
-1084
-3982
-2328
-3134
-6340
-5960
-905
-506
-5568
-8173
-4328
-2024
-5301
-6993
-4589
-1496
-1877
-3216
-2209
1419
5724
4968
127
-3256
-1390
1943
1705
2042
7800
14956
8505
-11189
-19853
-3244
21553
23203
2689
-14354
-16285
-9309
966
15935
21984
4287
-23247
-28301
-3749
17920
11461
-8142
-13876
-6716
-5204
-10379
-8108
660
1002
-7484
-10654
-7003
-9822
-20802
-22330
-5888
10613
6458
-13676
-24867
-16121
178
8132
6892
4620
2252
-1091
-679
8809
20380
21410
12057
6290
11734
17190
11961
3721
5984
14305
12724
505
-7425
-4575
-245
-327
1344
6180
4559
-6100
-13402
-5108
9790
12653
4510
-658
1247
91
-1317
6658
14568
7816
-5791
-5605
4268
6369
-1931
-6661
-2614
1433
-1224
-7164
-6544
-3568
-4571
-6530
-2736
2420
-1969
-8406
-6692
470
3556
1524
145
1078
3033
3873
3803
2387
3282
5282
2731
-3194
-4502
4756
15361
11627
-6355
-18926
-10187
10173
17591
6131
-10086
-17293
-15406
-5214
11680
19707
5262
-20374
-27660
-8678
12318
11577
-3539
-11143
-7528
-4704
-7098
-6064
-59
1180
-3847
-6533
-5152
-8032
-16875
-18800
-6490
7620
6136
-8917
-19168
-14218
-2553
2674
2786
4427
5334
840
-3879
1510
14918
21915
16531
9078
8881
11641
9091
4893
9258
17822
14916
-74
-10017
-5393
2137
2983
2736
6099
4600
-5281
-11624
-4361
9887
11976
3680
-294
3012
3182
-221
4201
10283
6313
-2949
-2495
4600
3646
-4384
-9145
-5034
349
-277
-4261
-6041
-5847
-8008
-7019
-583
3369
-1640
-9241
-8331
-1209
3955
4287
3278
2891
3159
2365
1052
2684
5631
7321
4148
-3770
-8891
-3745
9940
19015
8580
-14047
-24025
-9106
14471
20349
4996
-16238
-26834
-19960
1768
23515
21680
-5728
-30493
-25225
2323
18770
10059
-5143
-8979
-5793
-4776
-4320
459
3503
-1614
-6009
-3457
-2615
-11844
-21923
-16108
2256
11790
2301
-13504
-19050
-12928
-5149
900
8340
12016
3848
-9273
-10157
5819
22286
22915
12095
5249
6106
6165
2957
5364
15609
19509
7911
-6701
-9599
-3632
877
2829
7135
9688
1417
-11531
-13850
239
15228
14201
4794
287
588
-1927
795
11886
15216
4201
-5672
-1346
4090
45
-5547
-3095
2626
1753
-5061
-9392
-5541
-1589
-2672
-2489
979
528
-7892
-11267
-2496
7460
7299
589
-1224
1729
2790
2092
3326
5617
4586
-377
-3771
-5798
-5442
-478
7330
13696
7147
-11527
-22966
-13276
10855
21320
7030
-16395
-29412
-21222
-111
18901
19718
490
-21951
-26466
-8403
12620
16660
4393
-6709
-8036
-4451
-1774
-736
995
1633
-303
-4054
-9185
-14345
-17548
-14294
-1913
11268
10406
-7329
-24261
-23490
-6161
11252
17266
13076
1828
-9420
-11420
2165
23330
31366
17533
-2334
-7254
1249
7680
8194
10821
15051
8611
-6837
-14263
-5971
5346
7299
4302
4020
2112
-6542
-13345
-6041
13101
21638
12871
-431
-5371
-1927
4530
14311
17546
8425
-2763
-5081
-121
2816
2944
2618
495
-2747
-4847
-4262
-2386
-2339
-4562
-3615
-256
-1323
-6816
-9145
-3200
2369
2895
1546
-430
-2919
-4782
-332
6804
7963
567
-6958
-7392
-3446
978
766
-1581
-775
5914
8706
-4080
-18170
-14419
6070
16652
5509
-12370
-22631
-18664
-5122
13064
22210
8020
-20230
-32231
-11133
19410
25278
5535
-9628
-7009
-1752
-2970
-2108
5135
6351
-4806
-14826
-12725
-6666
-8207
-10910
-3444
7563
5234
-11684
-22100
-13433
3766
13337
12472
8574
2550
-5022
-5075
9009
25953
25162
5606
-10428
-7052
5296
9596
6950
7738
8800
-100
-11780
-9658
2898
7206
-36
-2446
4895
4822
-7038
-13714
534
19656
17127
2743
-2169
3710
3088
1674
11630
18242
8392
-6042
-3971
6208
7818
296
-3814
641
3819
81
-6522
-5022
-1923
-4602
-5144
-800
842
-7068
-12362
-5727
3410
5046
-403
-5105
-7390
-4635
2802
5840
2135
-5122
-6439
-519
2791
1235
-5499
-10425
-3650
12928
23152
6229
-23719
-31085
-4298
26000
25001
-1779
-24988
-27854
-13558
9153
26549
20900
-8617
-32046
-20320
13815
29257
12515
-8217
-9217
-630
79
-3711
-1384
862
-5933
-12329
-6943
780
-6812
-21600
-18671
2352
15001
2947
-16530
-19920
-7904
5051
12144
15562
12861
864
-10094
-5169
13905
24316
12633
-5345
-8517
2031
7674
3164
1351
7159
8094
-2566
-10541
-4716
4385
2966
-1988
3505
10167
2291
-12816
-10262
11581
23031
12913
-1631
-3286
458
3306
11102
17919
13097
-1276
-7254
484
9407
9075
2669
-833
-963
-994
-2107
-991
-494
-4837
-7621
-4714
-1102
-3830
-8412
-7089
-2794
-998
-3155
-5257
-6227
-5653
-2412
1425
1686
-1110
-2455
-1536
558
-1124
-3344
-4813
-5568
-3608
4579
16820
12437
-13312
-30907
-14820
19901
29231
6138
-18892
-25689
-15381
2311
23824
31421
10097
-23232
-29511
626
29780
25725
-34
-12831
-7294
-2289
-3741
-2822
1718
-118
-8238
-11356
-7405
-6943
-13510
-14396
-2610
9528
5592
-11797
-21061
-11904
5640
15321
13505
6691
-2469
-9975
-8406
6349
21701
19597
968
-13010
-6976
6235
9232
4141
3730
6470
857
-8145
-7126
2733
6662
1301
-426
4649
4534
-5153
-8976
3873
16876
11057
-1394
330
8437
6416
1793
8934
16497
8663
-2569
-733
8433
9120
1600
-551
5126
6688
-1678
-8874
-5552
-412
-2646
-5718
-3285
-2844
-9393
-13038
-6758
544
-1323
-7836
-8887
-3091
2534
2074
-1307
-3541
-1140
1663
1740
822
-2793
-5062
-6508
-3398
702
1239
4518
6096
-2115
-16832
-18495
1302
17970
13454
-3898
-15099
-13696
-4136
11610
24121
19908
-3299
-21262
-11992
13160
23995
9156
-7644
-9036
-2648
-893
-4320
-4616
-3635
-4808
-6682
-6674
-5935
-9662
-14844
-12745
872
11854
4459
-12967
-19780
-6796
9669
13605
7112
107
-2297
-3206
183
10211
17958
11401
-4276
-7724
4550
12943
5607
-2769
2205
8758
3563
-6874
-7615
-1257
1064
577
3400
5086
-3485
-12993
-5367
14460
19029
5037
-4355
2104
9236
7478
7860
13054
11877
2377
-1971
5230
12824
8743
-420
-1848
3503
3347
-4289
-8193
-5566
-2923
-3716
-4683
-5949
-11336
-14999
-10066
45
4486
-467
-7826
-10506
-5583
3215
8379
5278
-1488
-5521
-5094
42
5381
5495
-1495
-7094
-6838
-6511
-4335
4593
13614
3566
-18705
-23165
-1474
19997
16376
-1721
-12723
-11437
-4785
5781
19775
21581
1987
-19825
-15047
10943
22478
7177
-10222
-8842
-179
7
-5758
-6202
-2639
-4124
-9020
-8867
-3046
-3127
-12045
-16130
-6440
5843
4190
-8315
-14087
-5709
6665
10135
5844
3129
3968
2987
1062
6341
15609
14567
1231
-6143
2682
12406
7783
-2996
-3483
2379
169
-7815
-8182
-571
1435
-4702
-6601
273
4067
743
98
4847
7311
5511
8161
12882
10356
4460
6158
12850
11346
4156
3949
10710
10679
-19
-5926
818
7468
904
-9783
-9162
-3029
-4637
-10556
-8215
-2598
-5245
-11538
-9186
208
2324
-3848
-7327
-2941
2735
3597
1574
5
-196
681
2266
3928
3570
1263
-1908
-5505
-6878
-6717
-5348
-2253
5538
11473
764
-20287
-26415
-4179
22935
22834
-1345
-22080
-20846
-4472
14148
25748
20950
-841
-22590
-18404
8022
24355
11539
-10501
-13509
-1340
4636
-2820
-9823
-9183
-6300
-4125
-2387
-2999
-11410
-21103
-16748
1702
15137
7160
-11107
-15610
-1609
12986
13035
7090
5542
6140
3387
1967
9232
15175
7996
-5395
-5744
6829
9785
-4282
-14953
-5710
7279
2787
-11234
-13525
-3716
1100
-702
1151
7019
4683
-2653
734
11157
16544
11448
7265
7387
7793
9236
10318
10744
6925
3795
4773
7557
6328
-683
-4041
-921
2200
-1751
-6378
-6005
-6281
-7672
-6933
-2950
-4013
-10289
-9955
-1744
3877
-715
-7123
-6666
-393
4993
5948
4964
1221
-1491
-843
2419
6655
5253
-1184
-8192
-9549
-6353
-2939
-2886
-5887
-3580
2734
2673
-11547
-23225
-12171
11919
21224
5856
-12515
-17009
-8462
6305
20654
24817
8970
-16857
-24718
-3314
22115
20997
-116
-12017
-7692
-4676
-9397
-8383
250
2650
-5199
-11845
-10228
-7897
-10091
-8655
2708
13115
8180
-6418
-11155
-551
10513
12666
11081
9518
4042
-5068
-7498
2481
14179
12222
-1856
-10487
-5376
93
-5037
-8933
-141
8305
484
-13091
-12330
-214
5561
3960
5564
9332
4229
-5335
-1285
12970
19264
11805
4495
4333
4524
4880
8742
14165
12920
5232
-196
733
3951
3446
1767
2262
1877
-3815
-9691
-8165
-2763
534
-1262
-6201
-11139
-12500
-5862
3623
7196
1247
-6957
-7250
58
7273
9086
7037
2469
-2207
-2007
2390
5620
3009
-2697
-5865
-7566
-7173
-7876
-8748
-9906
-10155
-3059
4650
557
-16734
-24895
-6619
16995
18259
-900
-15309
-14198
-5459
7977
21365
21793
578
-22795
-20087
6554
25227
14124
-6846
-12729
-5101
-554
-3014
-1723
1717
192
-5649
-7009
-1926
-274
-4719
-7701
54
11902
11142
-2818
-13114
-5332
8688
11437
4412
-615
-418
-3985
-7819
-1526
10271
9984
-4831
-12541
-3962
5613
803
-7185
-1734
6936
3804
-6666
-5946
4779
7419
581
-1446
6457
8340
561
-1369
7229
13576
8833
3462
5094
9146
10245
7373
4841
4214
4872
4566
4729
6404
4782
-1111
-6916
-6317
-1474
1874
576
-4939
-8473
-8065
-5364
-2896
681
6259
6373
-735
-7199
-3610
5838
9986
7587
4264
3539
1337
-1472
-869
2307
3182
-2897
-8514
-7575
-6711
-11631
-16443
-11677
-4357
-6471
-13994
-10619
2431
852
-17207
-22443
-1070
18908
9012
-12577
-16085
-4231
2279
6001
16571
19353
1068
-20756
-13475
15791
28301
11368
-7218
-5137
3152
1331
-4313
-307
6854
2862
-6403
-8419
-2515
-960
-7030
-8074
1432
10500
5422
-8215
-13081
-5203
3827
4520
3187
3771
840
-6858
-8796
3523
16137
11480
-5093
-11941
-3691
3353
1948
1795
6777
4865
-6676
-11026
-1540
7034
1882
-4785
501
8162
3961
-3826
5518
16644
9101
-4649
-731
14811
13968
2874
-14
6088
7377
1883
1705
7804
9746
-2197
-12784
-6049
8114
9145
-1171
-4028
-1729
-1889
-2533
2687
9116
6527
-492
-4041
1082
8122
8034
2157
-874
3414
5162
877
-4452
-3944
-769
-2618
-7711
-10156
-8992
-7407
-10836
-14719
-13034
-9918
-10688
-17446
-18436
-12439
256
7089
-3490
-19914
-22553
-801
17710
14951
1148
-10058
-11923
-5535
14104
31623
26948
684
-20313
-9303
18370
31398
14757
-7363
-10565
-2489
1347
-1808
965
4256
-53
-6903
-8035
-2592
-4133
-9520
-6657
6757
15771
4553
-14010
-18821
-4747
10098
11475
7149
1484
-5119
-12906
-9586
9094
21641
11306
-11959
-16927
-2222
6931
531
-4333
3926
6008
-6219
-15193
-7265
5198
4425
1274
5557
8646
-1249
-12675
-1365
15531
15902
2202
-1552
4933
3150
2193
7525
14087
8017
-2139
-1658
5852
11400
6969
4821
7015
7345
2298
-584
6291
8706
6305
4416
5177
2767
-3479
-1266
4803
6706
573
-3878
-2488
-2339
-2309
-2441
-1111
-6259
-14652
-14558
-7757
-3307
-9076
-14506
-13441
-11165
-10099
-12514
-12546
-12490
-12553
-9541
-5810
-3014
-5209
-2846
34
-4456
-12003
-8562
9061
16272
4938
-7705
-5149
5728
11793
15998
17781
11419
-3906
-11678
2535
21151
20654
1278
-10522
-4099
4543
4578
1724
4815
5357
-139
-4122
-966
5032
2381
-3988
-4052
2890
6089
-2753
-12027
-9383
2026
6574
-661
-7099
-5811
-2280
-5004
-4506
4893
8740
-3481
-18039
-11692
5103
6414
-8240
-13988
-2286
4880
-3330
-12050
-5491
6320
4711
-3938
-3529
5616
7984
-244
79
10651
15480
8556
2333
5550
10059
14840
15695
11361
7019
9085
15197
14007
9827
7178
7882
8295
8010
8824
7469
4940
-1217
-3532
1440
4579
148
-7318
-6652
-3246
-4871
-9179
-9011
-5137
-6625
-10533
-12180
-9861
-9293
-10829
-8330
-5015
-4880
-9798
-11643
-8660
-4796
-2276
-3488
-6288
-13229
-16084
-14628
-10211
-4727
-5484
-8312
-10281
-4988
-3324
-9297
-10541
664
12868
9413
805
-1826
1989
6431
13774
23741
23881
9747
-6126
-4197
15162
29233
23167
6336
-1334
2596
7380
9943
12236
12518
4892
-5226
-7254
477
6215
2
-8827
-9670
-4106
-3759
-11020
-13932
-9139
-3463
-4776
-8981
-9265
-8954
-11577
-13632
-6788
1406
-2928
-16098
-20606
-9270
1430
45
-5837
-5502
-1647
-1309
-148
5228
10180
7629
2000
4553
11676
13434
7871
8149
16631
18312
12199
8511
11684
11503
10298
14427
17848
14213
7338
7078
10271
11947
9992
7307
6399
3847
-516
-3822
-1101
2260
-124
-4975
-8199
-6903
-4365
-2503
-2739
-5654
-8889
-10085
-7296
-4131
-3033
-4739
-7097
-8433
-10048
-9052
-6551
-5088
-6467
-10276
-12863
-13897
-14267
-13395
-10105
-9823
-15055
-19611
-19833
-15040
-11360
-8186
-6035
-6269
-2800
-716
-486
-2209
1300
11627
17689
17157
9567
5104
8496
17621
27540
29411
22605
8853
1388
8679
22810
27205
15760
5072
1794
4141
6203
6911
6863
-192
-8231
-10522
-5026
-1233
-6830
-14724
-17695
-12956
-10440
-11818
-13830
-16428
-17366
-17698
-12543
-7057
-6993
-10584
-13920
-10224
-4792
-2508
-5567
-6418
611
6827
6291
712
1112
5857
7329
6844
7969
11589
9852
4684
3900
9948
14744
11722
7095
7308
12349
11230
7191
7737
12700
14018
10410
10721
11170
8042
4426
7309
14219
14829
8000
850
-470
2535
5638
7404
7102
2402
-5867
-8651
-4215
697
197
-4377
-7730
-10734
-12716
-12484
-10793
-10005
-10179
-9242
-10053
-14723
-19808
-18894
-12906
-8807
-9697
-13789
-16359
-16050
-13748
-10722
-9746
-9353
-10025
-11933
-13928
-13411
-7909
-1714
821
-1455
-3310
-1704
6348
15084
13643
5850
3076
14739
26166
25614
17982
11308
11572
15417
25154
31236
23654
5971
-3475
6680
20703
21894
8481
-1622
-1924
-597
-1100
-2579
-2216
-6232
-12309
-12287
-9019
-11111
-20867
-23563
-14691
-5381
-7372
-17826
-23010
-20782
-13645
-6689
-1566
-23
-5935
-11649
-11320
-2695
6483
7226
2418
-1131
1932
5055
3662
1263
4043
10187
9231
2997
-835
2492
7170
6612
5800
8053
11488
8239
1537
2856
13563
20057
13594
8866
13787
17754
13571
11780
18056
20254
15056
10267
10882
11170
6730
2786
2594
3844
1852
-2572
-4259
-5207
-8983
-11340
-9072
-8737
-13709
-16145
-12759
-10805
-15271
-18789
-15727
-12437
-13142
-13892
-11195
-9265
-12408
-16347
-14493
-9055
-7606
-10086
-10615
-8566
-8885
-12415
-11383
-6038
-1725
-1160
-3847
-5234
-5604
-2349
3473
5837
4416
-228
24
6881
13201
17038
15098
10999
4947
5602
17691
26606
22274
8126
1290
6305
15461
22021
20088
12400
2655
657
6276
12414
12362
3658
-2000
-4436
-3689
-2861
-3348
-5350
-11748
-13256
-9784
-6507
-11241
-19036
-17451
-11024
-6522
-10448
-14564
-14551
-14348
-11990
-8161
-2866
-3839
-9308
-10039
-5021
1543
1423
-1260
-3617
-3027
1132
4245
6452
5504
5737
6886
7868
9834
10644
11624
10089
9622
12104
16373
17911
13690
10667
12872
20471
19407
10212
7155
12730
16196
9958
6819
7435
4437
-42
589
5963
6169
892
-6021
-8411
-5620
-3861
-5064
-7210
-7274
-9785
-12943
-12992
-11228
-9577
-9871
-10145
-11915
-13430
-12707
-11974
-11892
-11801
-9613
-9205
-11844
-14709
-13800
-10055
-9087
-8260
-5679
-3725
-7650
-12636
-9013
173
4590
978
-2551
-2870
-1757
636
4261
8343
7699
3303
-416
1882
8420
9919
5892
4880
15610
22439
13008
-917
-982
13814
23366
22337
15543
6299
-2080
-1756
14819
29493
23369
-776
-15435
-6229
8034
10935
3496
-1247
-5801
-12503
-13343
-5625
854
-6911
-16683
-15451
-8439
-8122
-15537
-16743
-11844
-7345
-7030
-8497
-10444
-14997
-15440
-9380
447
4419
-2470
-10260
-10175
-139
8202
7533
2463
257
3396
5756
8259
11744
15162
14184
8563
7687
12473
17060
13658
8211
10698
16826
16552
7472
4501
10570
14179
11069
6366
6234
3449
-413
823
6598
8868
1216
-6463
-6830
533
4252
-385
-6374
-8835
-7271
-6583
-5049
-3959
-5363
-8834
-12105
-11285
-8705
-6522
-8531
-12714
-13690
-11138
-9190
-12718
-15800
-13934
-9523
-8808
-12099
-12708
-11328
-10368
-9722
-5741
-893
-2159
-6932
-7783
-952
4991
4809
2625
2437
4692
4965
7170
11232
12209
9488
6262
8562
12042
12310
9248
6302
8836
11507
11832
9778
6611
4734
3065
5088
5857
4373
2424
53
-2642
-4737
971
7362
6107
-2047
-7193
-3404
1623
4062
2827
2570
2050
-1015
-2283
-740
2717
502
-4463
-6261
-6986
-8368
-11653
-11360
-9459
-9397
-10982
-13776
-13918
-13625
-11938
-8909
-5414
-3999
-6888
-6551
-1564
5363
8060
6059
5823
7199
10023
10882
11128
12722
13964
13166
10188
11306
14438
13953
9130
5912
8459
10006
7623
4117
3716
3791
472
-1905
-485
3759
3872
-1089
-4455
-2950
1410
1666
360
1571
3602
1655
-3473
-3609
775
4215
985
-5650
-8711
-7830
-7162
-10327
-11631
-9730
-9263
-14036
-19805
-18396
-13439
-11446
-14529
-15530
-11288
-8552
-11034
-13803
-8837
-830
2284
-47
-1112
2632
5899
7426
9966
14874
16060
11654
7817
9592
15526
16896
12110
6248
4589
5023
2790
-744
-3003
-3152
-4992
-7587
-8271
-6859
-6966
-9846
-9600
-4262
1786
2
-5622
-6916
-898
6119
7772
7884
7986
6882
4033
6995
16308
19622
11974
2422
3375
10055
11359
7006
3628
3592
1175
-2766
-3456
-855
-2088
-9096
-12595
-9812
-7060
-10368
-14145
-12753
-9767
-8838
-10037
-9679
-8839
-8831
-7322
-3264
1172
1680
-295
55
3914
8200
9132
8082
6015
4935
6827
9958
11154
8749
6785
6127
5659
4975
4176
3697
2244
2145
2295
79
-1606
-384
1480
1180
1340
2472
2145
694
515
2316
3277
3108
1211
-1647
-3534
-2949
-1118
-1469
-3168
-5625
-6874
-6129
-5602
-6436
-6708
-5141
-3515
-3440
-4099
-3309
-2944
-3425
-2070
833
2645
1419
-861
-745
2578
5215
3315
-1716
-4233
-2032
254
-209
-2156
-3985
-4343
-3383
-2491
-2864
-4100
-4557
-4770
-4343
-3984
-3515
-3239
-2971
-2017
-2713
-2211
-2160
-3293
-3289
-2207
-496
-904
1210
3194
1779
-901
-182
6412
8788
6131
1671
2564
8508
11081
10726
8879
8604
6552
6419
12317
16809
14166
4625
964
5466
10923
11210
5267
485
-2478
-1711
541
1273
-1766
-8013
-9579
-8078
-6813
-8889
-11179
-10471
-10399
-9879
-9510
-8587
-9471
-10475
-7176
-2876
-820
-3372
-4939
-2703
659
2836
1573
508
74
109
487
1921
3968
2524
67
-549
1369
1889
-109
-750
-779
548
1888
2521
2394
2593
4699
5047
5827
7840
9608
8387
7102
10241
12855
12341
10254
10754
11462
9619
7713
7827
8980
6764
2253
-470
-367
-1205
-5383
-7908
-6416
-5737
-10443
-15880
-15401
-11396
-9652
-12156
-14778
-14701
-12803
-10614
-8717
-6979
-6328
-7647
-9685
-8259
-2703
2275
1991
-2038
-3763
-1082
2314
2178
227
-179
814
604
-685
-325
189
-1481
-3298
-2276
-1297
-3476
-6461
-6246
-2796
91
-128
-2955
-4249
-1453
2081
4604
6200
6820
4746
4688
10488
16143
15719
11809
12158
15909
19134
20116
18520
15408
13100
14594
17828
18146
13741
6739
2536
2837
5348
4788
-391
-7014
-11355
-11785
-11397
-12579
-16062
-19279
-20370
-20692
-21106
-21216
-20020
-18988
-18973
-18710
-17413
-15408
-13759
-11437
-7946
-4117
-1803
-2619
-4380
-3291
1983
7397
8948
7773
6587
6271
6691
9487
14614
17702
15688
10603
8586
10684
13555
15188
15314
14244
10478
7253
7457
10762
12681
11155
9135
7392
6438
5098
5574
7082
7540
5993
3432
2093
671
-881
-2640
-2792
-2011
-3841
-8502
-12664
-12035
-9500
-10067
-13388
-15428
-14655
-15009
-15958
-14991
-12263
-11715
-14840
-16111
-13061
-8401
-7252
-8038
-7003
-5394
-5681
-6672
-3890
273
959
-1161
-1680
547
924
-960
-1123
2184
3865
215
-3392
-1748
2742
4195
3067
3839
5571
4465
2222
4164
9984
11957
8740
6526
9735
12818
10502
7561
9799
14652
13820
9681
8347
10134
10140
9708
12797
15304
12261
4020
20
4272
10886
9275
-234
-6494
-6312
-5525
-7874
-7948
-6535
-10262
-18486
-21898
-17020
-12744
-14412
-18556
-19183
-17237
-16240
-15354
-13297
-9799
-7617
-7116
-6229
-4205
-2324
-2308
-217
4795
8192
6224
2801
4224
8528
10890
10818
10966
10782
9309
9090
11420
13254
12511
11141
10747
10886
10703
10090
9432
9691
10850
10561
9489
8576
6468
4085
4940
8453
7726
2679
-908
-626
566
657
167
-2046
-5275
-7807
-8033
-8062
-8968
-10054
-11411
-13634
-16570
-16755
-14273
-12600
-14123
-16605
-16248
-14159
-12603
-12098
-10909
-8863
-8133
-8254
-7560
-5270
-3562
-2838
-1276
1047
1908
505
85
2232
4720
5205
4735
4452
3291
1614
1967
4775
7028
6518
4382
3295
4658
7497
8832
7921
7651
8865
9423
8039
8239
11489
13456
11003
6807
6629
8925
8661
5516
4320
6234
5160
-307
-5167
-3821
-1159
-3410
-8612
-10126
-8022
-9722
-13569
-13027
-8143
-7155
-10658
-11968
-9309
-6996
-6150
-4619
-2439
-1485
-2320
-2851
-1382
2295
4616
3527
1399
1964
4447
4810
3633
3836
5837
6541
4779
2744
1862
2922
4733
5757
5415
4371
3597
2833
4225
7237
9086
8397
7043
6941
6064
5646
6710
8580
8350
5813
3909
2834
2624
1662
958
878
-186
-2882
-6291
-6504
-5259
-5221
-7662
-10319
-10226
-9788
-10645
-12486
-11925
-10358
-10418
-11088
-11131
-9493
-8122
-7311
-7321
-6570
-4611
-3964
-4423
-4207
-1942
8
264
-283
-573
567
2072
3020
3048
2529
1845
944
1217
3149
5649
5952
3838
2225
3232
5733
7070
6994
6549
6455
6688
6734
6475
6875
8104
7920
5361
3070
3554
4572
3163
564
-19
1038
594
-1733
-3640
-3487
-3082
-3975
-5283
-5495
-5295
-6632
-8384
-7758
-4885
-3488
-4822
-6073
-5987
-6050
-6223
-4508
-2088
-2039
-4233
-5108
-4166
-2649
-1960
-1670
-1524
-1558
-1863
-2456
-1526
139
1746
1483
1095
1195
1931
2873
4002
6232
7757
7928
6866
7471
9834
11783
11836
10930
11747
13341
13444
11733
11124
12557
12925
11606
10002
9221
8140
6797
6417
5640
3991
1097
-1101
-2195
-2411
-2790
-4912
-7410
-9555
-9829
-9537
-9398
-10258
-12476
-13795
-13904
-12495
-11661
-11835
-12896
-13938
-13359
-12615
-12213
-12655
-11850
-9876
-8143
-7363
-7877
-8026
-7501
-5421
-2876
-1050
-433
-1312
-1689
-271
3201
5574
5431
4458
4202
4887
5825
7829
9732
9714
7729
6237
7680
10248
10693
8431
7119
8760
10792
10166
7001
4652
5391
7964
8587
6221
3438
2290
1815
1324
1810
2822
1729
-2282
-5503
-4841
-1778
-648
-2694
-5296
-6369
-6091
-5757
-5308
-4668
-4674
-6057
-7788
-7732
-6294
-5455
-5926
-6548
-6546
-6766
-7308
-7484
-5744
-2968
-1757
-3006
-4231
-3467
-2419
-1889
-396
2689
4474
2718
-282
-210
3711
7120
6816
4893
4396
5021
4951
4740
5465
7126
8132
7770
7304
7158
6715
6364
7904
10062
10039
8137
6737
6397
5937
6002
6765
6873
4312
753
-576
1135
2370
680
-1446
-2085
-2157
-3988
-5504
-4654
-2970
-3741
-6331
-6803
-6174
-6623
-6986
-4710
-2455
-3963
-6860
-7927
-6140
-3863
-2754
-3647
-5319
-5769
-6409
-6956
-6101
-3602
-3172
-5971
-8270
-7931
-5459
-3945
-3195
-2492
-2385
-4008
-5592
-3495
-67
1102
1
-349
351
379
612
1853
4397
5815
4977
3486
3562
5158
5677
6238
7619
8329
6284
3325
3180
5106
6462
5403
3556
2286
1454
844
277
757
1581
1126
-1181
-2753
-1400
777
981
-220
-531
59
-39
-712
-911
119
1677
1971
534
-1510
-1970
-1095
-247
-90
-547
-1614
-3557
-4545
-3313
-1266
-949
-2268
-2995
-2788
-2390
-2442
-2270
-1331
-272
-89
-958
-964
600
2754
3887
3401
2744
2869
4057
4913
5259
5678
5478
4340
3066
3637
4496
4427
3475
2580
2056
1105
388
-589
-1075
-1354
-1761
-2531
-3235
-3427
-3865
-3861
-3035
-1845
-1568
-2537
-3531
-3462
-1283
1240
1560
31
-974
81
707
801
1148
1898
1489
-366
-982
-541
437
116
-491
-926
-1482
-2126
-2690
-1614
-1312
-2351
-3608
-3032
-2174
-3229
-3791
-2565
-671
-828
-1956
-2358
-1764
-381
731
1403
801
-712
-1813
-386
2967
3813
1382
-475
474
1382
836
760
1539
1637
140
-1576
-1955
-1196
-1178
-2590
-2956
-1466
-1240
-3992
-6257
-4341
-317
1047
-1201
-3312
-2742
-1519
-1117
-598
1520
3030
1189
-1512
-1238
1918
3139
2300
2468
3453
2809
776
1386
4380
6430
5431
3055
2748
3664
4224
4186
5420
6818
5296
2389
889
2403
3885
4140
3941
3420
2536
748
273
1354
2678
2704
1416
164
-1242
-1707
-836
803
1476
136
-1911
-3441
-3069
-1566
-707
-1134
-2007
-2088
-2362
-3188
-3253
-1562
255
-257
-1704
-2072
-1340
-1348
-1900
-1164
-25
-671
-3521
-5439
-4561
-2263
-1505
-3391
-5794
-7042
-7137
-6597
-4977
-3295
-3992
-6605
-7841
-5904
-2839
-1327
-1914
-3086
-2865
-1604
-45
1689
2890
2848
2330
3005
4054
5287
6255
6526
6010
5829
6826
7053
6233
5080
5239
6643
7681
6672
3970
2829
3407
4276
4324
3761
2626
427
-903
-73
1857
1966
-359
-2620
-3070
-2246
-2054
-2588
-2859
-2833
-3024
-3895
-4538
-4738
-5024
-5275
-4888
-4486
-5816
-7957
-8624
-7394
-5942
-5357
-5552
-6198
-6629
-6407
-5491
-3959
-2341
-1698
-1816
-1354
218
2120
3243
3510
3571
4661
6287
6778
6035
5881
7620
9186
9151
8073
7276
6928
6709
7353
7708
6889
5212
4351
4833
5045
4312
2681
1848
2106
2531
2465
2054
1838
1196
534
542
1367
1719
563
-706
-481
426
-131
-1827
-2880
-2825
-2521
-2457
-3024
-4259
-5264
-5246
-4779
-5256
-6431
-7534
-8203
-8800
-9106
-8382
-7747
-8663
-10724
-11114
-9154
-7235
-6973
-7490
-6876
-5574
-4706
-4139
-2829
-876
168
576
1300
2524
3552
4513
5882
7015
7741
7808
7740
7947
8793
9884
9903
8921
7342
6796
7492
8264
7565
5601
4537
4144
4076
3623
2898
1690
468
447
503
-5
-1470
-2402
-2028
-1354
-1122
-2104
-2489
-2575
-2868
-2958
-2408
-1596
-3064
-4760
-4948
-3539
-2801
-4265
-5878
-7135
-6241
-5111
-4598
-4918
-5903
-6146
-5924
-4046
-3145
-3494
-3530
-2122
-139
-150
-258
253
1249
1642
2217
4287
5620
5298
3415
3032
4984
7281
7807
6172
5180
5051
5135
4821
5120
6255
6143
4392
2190
1990
3306
3724
2856
2375
3209
2587
106
-1028
964
3340
2610
270
-963
-760
-976
-1395
-457
692
125
-2237
-3875
-3443
-2288
-2119
-3019
-3621
-4222
-5522
-7087
-7384
-6110
-5182
-5537
-7260
-9585
-10774
-9407
-6681
-5423
-6082
-7083
-7124
-6374
-5080
-3151
-933
346
68
-180
806
2558
3801
4563
5617
6456
5909
4306
3837
5352
7418
8187
7163
5555
4427
4724
6535
7804
7308
5701
4541
4075
4042
4492
4840
4786
3763
2912
2758
2848
2922
2541
2385
2417
2214
718
-933
-1126
-919
-1394
-2569
-3006
-3580
-5394
-7172
-7394
-6194
-6092
-7648
-9506
-9707
-8918
-9048
-8972
-7999
-6934
-7473
-8466
-7752
-5502
-3245
-2575
-2357
-2077
-1877
-1193
498
2943
4341
4310
3285
2799
4319
6730
8424
8199
7137
6383
6236
6750
7340
8198
7824
5891
4088
4257
5453
5306
4563
4036
3785
3197
2610
2230
1474
931
1131
1783
1308
-585
-2124
-2030
-641
121
-459
-1634
-2646
-3609
-4223
-2995
-1153
-1604
-4367
-6003
-5146
-4011
-3967
-4504
-4874
-5487
-6587
-7382
-6954
-5596
-5099
-5687
-5914
-5479
-5347
-5211
-3583
-1803
-1669
-2254
-1582
-30
745
1369
2611
3889
3889
3302
3874
5099
5632
5456
5964
6592
6020
5068
4994
5476
5161
4673
4625
4002
2339
1070
1685
2949
3089
1537
-728
-1925
-1114
758
1416
227
-1291
-1622
-988
-701
-958
-881
-254
-166
-952
-1357
-1029
-1093
-1771
-1663
-612
-622
-2441
-4045
-3778
-2717
-2359
-2299
-2289
-3438
-5571
-5747
-2691
255
-200
-2785
-4008
-2868
-767
965
1713
1332
230
-224
1066
3401
4714
4478
3939
3768
3736
4110
4933
5060
4506
4404
4715
3943
2226
1418
1902
2398
1544
-24
-1133
-1543
-1951
-2665
-2724
-2542
-2938
-3958
-4585
-4492
-4436
-4217
-3830
-3398
-3541
-4129
-4234
-3629
-2189
-949
-455
-966
-1618
-1035
182
1211
1433
1702
1642
791
200
589
1976
2291
1125
-421
-689
314
531
90
56
907
826
-33
220
1246
1779
1401
1937
3089
3308
2305
1529
2558
4049
4533
3704
3070
3109
2728
2367
2882
3942
3138
391
-1338
-450
1203
823
-903
-2092
-2337
-2551
-2940
-2646
-2058
-2347
-3573
-4133
-3304
-2471
-2741
-3297
-2788
-1668
-1421
-2176
-2674
-2092
-1159
-931
-1123
-1237
-1686
-2810
-3348
-2270
-983
-1171
-2392
-2914
-2418
-1499
-710
-482
-612
-575
1
697
1372
2122
2824
3429
3870
4143
4186
4466
5183
5818
5990
5839
5585
4844
3892
3775
4725
5265
3963
1902
1052
1683
2147
1417
306
-494
-1081
-1981
-2729
-2648
-2336
-2722
-3961
-4657
-4304
-3783
-3836
-4258
-4172
-3831
-3584
-3833
-4417
-4607
-4152
-3310
-3068
-3286
-3435
-3368
-3143
-2669
-1746
-1180
-1229
-1448
-1218
-513
138
470
404
451
805
1094
1165
1475
2101
2400
2359
2527
2992
3470
4001
4343
4095
3890
4486
5213
5050
4379
4272
4684
4893
4591
4037
3814
3777
3554
3150
2977
2724
1742
918
931
1200
387
-898
-1377
-1474
-1815
-2768
-3394
-3800
-4125
-4574
-5295
-5523
-5685
-5770
-6185
-6308
-6162
-6316
-6235
-5873
-4933
-4308
-3919
-3796
-3878
-3345
-2324
-1001
-375
-341
-682
-729
287
1509
2051
1830
1908
1904
1492
1807
3283
4426
3807
2660
2527
3572
4592
4832
4715
5075
5562
4917
3952
4459
5995
6175
4876
4025
4050
3844
3207
3018
3091
2577
1295
40
-309
27
-141
-1175
-1853
-1667
-1866
-3062
-3955
-3482
-2544
-2502
-3485
-4818
-5430
-4937
-3985
-3730
-4315
-4982
-5556
-5706
-5312
-4441
-3954
-4262
-4660
-4734
-4236
-3748
-3380
-3130
-2923
-2599
-2362
-1789
-1409
-1394
-1209
-388
589
563
471
1091
2032
2471
2664
3619
4441
4566
4348
4862
6088
6567
6382
6229
6709
6960
6498
6139
5965
6018
5964
5918
5434
4146
3035
2827
3539
3687
2578
1221
661
670
47
-657
-713
-709
-1401
-2436
-2819
-2792
-2839
-3307
-4017
-4373
-4564
-5165
-6321
-6869
-6268
-5638
-5950
-6966
-7391
-6916
-6217
-5910
-5735
-5017
-4414
-4463
-4414
-3218
-1839
-1728
-1877
-1016
361
864
912
1414
1946
2307
2845
3718
3977
3416
3145
3865
5148
5610
4972
4398
4915
5881
5986
5697
5804
5904
5501
5281
5720
5826
5205
4452
4152
4113
3768
3031
2231
1945
1774
1041
-8
-787
-1234
-1608
-1876
-2455
-3677
-5014
-5649
-5506
-5305
-5641
-6631
-7710
-8223
-8046
-7481
-6917
-6709
-6988
-7237
-6717
-5255
-3767
-3374
-3776
-3469
-1753
8
409
-59
38
1203
2421
2829
2638
2521
2653
2925
3443
3794
3396
2371
1745
2132
2967
3174
2158
823
462
1260
2018
1926
1508
1305
1328
1337
1728
2683
3385
3090
2381
2747
3937
4247
3124
2204
2939
4166
3973
2246
844
761
1120
1008
481
-189
-1345
-2635
-3013
-2302
-1779
-2634
-4105
-4648
-3887
-3036
-3027
-3377
-3476
-3262
-2762
-1872
-1109
-1128
-1600
-1555
-583
562
977
576
191
385
801
1100
1318
1295
858
571
959
1450
1181
419
230
817
1341
1246
910
766
727
917
1603
2323
2140
1330
1315
2260
2848
2284
1514
1651
2200
1941
748
47
404
531
-521
-1787
-1947
-1720
-2345
-3532
-4005
-3671
-3767
-4588
-5208
-4889
-4403
-4573
-4853
-4456
-3630
-3380
-3525
-3140
-2107
-1307
-1239
-1142
-505
310
717
836
1072
1359
1660
2008
2195
2009
1909
2260
2536
2349
2191
2333
2102
1392
1324
2140
2428
1479
431
420
978
1259
1118
833
545
220
278
951
1716
1647
891
707
1384
1988
1813
1538
1768
2002
1680
1144
1192
1548
1299
369
-123
301
499
-296
-1272
-1259
-685
-704
-1455
-2151
-2143
-1821
-1613
-1395
-1131
-1408
-2325
-2531
-1380
-126
-126
-868
-1184
-988
-547
36
582
729
497
204
184
653
1200
1328
1307
1702
1984
1348
581
1019
2318
2852
2207
1365
1009
1031
1298
1805
2017
1424
358
-208
91
574
475
-170
-621
-652
-753
-1235
-1639
-1616
-1618
-1924
-2250
-2332
-2558
-3058
-3230
-2787
-2293
-2515
-3180
-3492
-3164
-2608
-2355
-2399
-2659
-2887
-2734
-2097
-1359
-1172
-1449
-1628
-1335
-768
-253
107
138
44
225
782
1190
1133
992
1152
1709
2172
1991
1237
898
1599
2430
2522
2147
1848
1386
986
1550
2659
2967
1999
898
792
1693
2717
2687
1886
1436
1651
1869
1947
2300
2300
1596
1083
1485
1989
1668
897
335
294
485
307
-559
-1550
-1925
-1906
-1987
-2372
-3053
-3721
-3926
-3611
-3323
-3460
-3783
-3991
-3727
-3019
-2383
-2191
-2065
-1328
-395
273
602
1011
1698
2542
3494
3856
3707
3573
4035
4793
5168
5214
4732
4207
4023
4490
4957
4550
3495
2218
1799
2124
2440
1751
284
-732
-1179
-1227
-1423
-1636
-2220
-3021
-3436
-3490
-3369
-3683
-4011
-4241
-4296
-4220
-4249
-4268
-4433
-4479
-4387
-3960
-3515
-3662
-4118
-4008
-3036
-2450
-2763
-3068
-2719
-2328
-2279
-1917
-1379
-1434
-1984
-1968
-1199
-599
-576
-794
-707
-399
-143
122
629
1285
1397
1243
1758
2928
3531
3160
3128
4026
5029
5178
4913
4990
5407
5753
5711
5801
6077
6030
5271
4633
5047
5623
5191
3925
3239
3277
3051
2230
1333
993
733
-5
-1025
-1576
-1648
-2205
-3334
-4029
-3854
-3710
-4197
-4820
-5095
-5229
-5405
-5317
-4924
-4687
-4929
-5267
-5122
-4634
-4299
-4182
-3973
-3675
-3470
-3195
-2739
-2280
-1891
-1377
-754
-302
53
649
1378
1969
2388
2910
3600
4028
4057
4102
4723
5499
5537
5052
5015
5534
5604
5093
4940
5294
5173
4199
3391
3485
3805
3338
2341
1710
1490
1069
408
100
147
-155
-1035
-1806
-1892
-1701
-1889
-2380
-2756
-3049
-3418
-3621
-3565
-3651
-4126
-4607
-4702
-4623
-4732
-5000
-5193
-5275
-5364
-5399
-5225
-5008
-5138
-5456
-5284
-4528
-4046
-4299
-4533
-3967
-2910
-2160
-1848
-1606
-1206
-532
553
1967
3087
3379
3251
3711
5083
6539
7157
6931
6562
6577
7008
7490
7558
7053
6291
5776
5546
5271
4698
3884
3106
2667
2646
2528
1689
409
-285
-32
347
126
-468
-1054
-1632
-2030
-1840
-1286
-1303
-2171
-2945
-2849
-2403
-2496
-3036
-3307
-3167
-3095
-3291
-3492
-3614
-3784
-3864
-3596
-3157
-3145
-3641
-4000
-3699
-2887
-2185
-1992
-2118
-2083
-1566
-702
156
767
1110
1357
1731
2323
2916
3310
3562
3878
4288
4437
4155
3872
4099
4614
4691
4234
3770
3425
2948
2565
2732
3008
2500
1278
378
308
398
50
-447
-682
-943
-1572
-2117
-2043
-1638
-1650
-2130
-2437
-2370
-2265
-2331
-2399
-2396
-2503
-2709
-2871
-3004
-3192
-3289
-3152
-3051
-3295
-3667
-3643
-3276
-3061
-3002
-2591
-1893
-1730
-2238
-2293
-1129
297
594
-54
-272
447
1346
1822
2119
2482
2644
2555
2737
3385
3924
3904
3667
3722
3922
3816
3424
3162
3138
3055
2673
2077
1499
1055
804
779
773
403
-370
-942
-744
-42
292
-161
-860
-1039
-599
-128
-30
-163
-395
-789
-1164
-1062
-646
-734
-1453
-1946
-1708
-1479
-2034
-2896
-3050
-2441
-1998
-2302
-2997
-3451
-3445
-2998
-2267
-1759
-1904
-2464
-2565
-1766
-620
16
88
251
746
1247
1590
2098
2914
3511
3527
3417
3704
4143
4208
4038
4178
4608
4693
4100
3262
2820
3012
3446
3468
2737
1566
785
836
1132
902
240
-316
-718
-1298
-1837
-1802
-1516
-1792
-2550
-2967
-2811
-2718
-3048
-3248
-2931
-2615
-2762
-3084
-3151
-2982
-2801
-2503
-2020
-1826
-2155
-2504
-2339
-1685
-1089
-949
-1068
-1149
-1043
-725
-384
-150
15
117
240
482
779
986
1007
1068
1492
1989
2026
1751
1689
1997
2289
2268
2129
2031
1814
1446
1296
1360
1298
955
427
63
-146
-391
-485
-509
-730
-1005
-1169
-1192
-1160
-1231
-1189
-913
-784
-819
-825
-830
-797
-723
-521
-159
-168
-656
-930
-697
-311
-255
-576
-757
-722
-765
-699
-422
-287
-458
-669
-437
197
515
332
218
540
1077
1353
1402
1668
2000
1939
1732
1963
2651
3115
2828
2293
2275
2677
2922
2793
2656
2688
2493
1981
1709
1909
2046
1668
1040
661
491
208
-137
-345
-567
-1042
-1608
-1858
-1830
-2079
-2662
-2982
-2805
-2702
-3061
-3411
-3261
-2914
-2968
-3247
-3145
-2628
-2277
-2400
-2548
-2293
-1837
-1638
-1684
-1544
-1161
-949
-1029
-1003
-660
-320
-335
-467
-206
360
650
505
426
793
1321
1607
1811
2183
2471
2469
2530
3011
3593
3708
3469
3504
3862
3894
3397
2990
3064
3142
2730
2060
1507
942
217
-305
-359
-464
-1231
-2380
-3059
-2977
-2844
-3200
-3703
-3839
-3730
-3811
-3999
-3916
-3620
-3460
-3452
-3353
-3119
-2961
-2958
-2832
-2374
-1904
-1871
-2112
-2023
-1522
-1089
-929
-771
-440
-75
94
107
262
705
1276
1679
1824
1869
1984
2316
2857
3330
3519
3596
3813
4108
4267
4402
4751
5168
5271
4952
4584
4593
4873
4945
4616
4119
3784
3599
3340
2946
2472
2021
1649
1312
927
438
-60
-503
-882
-1174
-1433
-1794
-2328
-2849
-3093
-3088
-3186
-3601
-4095
-4336
-4380
-4472
-4626
-4642
-4575
-4696
-4871
-4725
-4248
-3932
-3997
-3992
-3538
-2881
-2517
-2419
-2177
-1682
-1200
-938
-742
-464
-167
61
274
548
743
795
866
1118
1451
1569
1483
1504
1755
2046
2194
2267
2355
2396
2295
2219
2407
2732
2781
2380
1893
1752
1900
1934
1669
1342
1121
843
378
3
-2
81
-186
-766
-1125
-1105
-1160
-1501
-1747
-1570
-1383
-1708
-2277
-2365
-1866
-1467
-1638
-2002
-1981
-1722
-1647
-1664
-1355
-798
-622
-969
-1167
-722
-12
282
154
134
476
881
983
862
946
1419
1953
2094
1766
1465
1692
2340
2841
2805
2487
2355
2473
2627
2739
2861
2916
2749
2454
2265
2245
2242
2149
2024
1828
1557
1335
1210
1089
852
601
456
304
34
-279
-494
-690
-991
-1306
-1506
-1667
-1930
-2230
-2438
-2553
-2661
-2785
-2937
-3106
-3131
-2920
-2690
-2773
-3056
-3036
-2625
-2298
-2307
-2282
-2020
-1857
-1935
-1895
-1494
-1082
-1025
-1115
-1051
-901
-781
-508
-61
172
19
-92
197
599
749
857
1221
1533
1391
1091
1243
1810
2177
2061
1757
1602
1553
1494
1500
1576
1543
1262
821
447
293
317
367
261
-101
-529
-767
-788
-774
-849
-941
-958
-970
-1085
-1269
-1331
-1126
-856
-769
-812
-813
-748
-769
-766
-440
54
176
-209
-489
-205
337
558
423
328
392
482
591
838
1089
1068
920
1002
1373
1655
1571
1411
1519
1844
1987
1839
1744
1885
2038
1915
1714
1745
1876
1746
1446
1456
1678
1548
984
659
991
1398
1237
717
417
428
509
632
800
772
353
-114
-174
62
141
-111
-470
-744
-976
-1227
-1480
-1713
-1936
-2091
-2211
-2429
-2821
-3215
-3304
-3112
-2940
-2979
-3147
-3297
-3326
-3191
-2885
-2538
-2356
-2372
-2440
-2366
-2062
-1610
-1242
-1127
-1172
-1090
-761
-386
-147
32
304
592
745
764
789
972
1299
1570
1621
1481
1349
1347
1376
1404
1545
1748
1702
1290
967
1152
1577
1653
1330
1124
1240
1323
1137
945
975
1041
941
761
691
626
352
22
-28
201
331
103
-305
-551
-529
-330
-131
-110
-289
-434
-325
-114
-85
-223
-183
150
453
411
132
-6
130
388
596
718
681
411
81
40
439
908
907
407
-61
42
566
862
664
337
317
525
621
543
499
567
565
498
543
642
549
296
251
544
743
481
85
59
312
323
-10
-269
-225
-179
-450
-824
-966
-983
-1173
-1488
-1634
-1625
-1794
-2208
-2474
-2324
-2057
-2123
-2504
-2747
-2544
-2101
-1820
-1818
-1920
-1853
-1470
-910
-463
-361
-466
-384
70
672
1060
1105
1012
1040
1232
1507
1770
1882
1801
1596
1447
1494
1625
1650
1494
1274
1129
1022
886
735
632
584
525
355
84
-153
-227
-156
-118
-266
-571
-826
-842
-687
-594
-709
-928
-1041
-960
-826
-839
-940
-938
-741
-554
-607
-826
-917
-711
-393
-249
-340
-502
-576
-531
-357
-84
126
109
-88
-124
194
667
920
852
765
965
1378
1658
1668
1561
1622
1895
2101
2096
1944
1840
1874
1913
1841
1735
1662
1559
1369
1166
1064
1042
945
701
479
382
285
136
-52
-210
-364
-543
-652
-686
-799
-1098
-1405
-1470
-1394
-1476
-1747
-1959
-2004
-2046
-2261
-2459
-2406
-2208
-2146
-2297
-2433
-2356
-2118
-1930
-1805
-1638
-1451
-1295
-1204
-1057
-770
-431
-161
-34
28
138
324
526
714
889
1029
1104
1099
1128
1266
1449
1581
1595
1566
1608
1672
1675
1634
1655
1762
1809
1659
1442
1386
1471
1493
1324
1103
989
897
744
602
539
420
148
-115
-194
-168
-275
-557
-801
-887
-933
-1058
-1171
-1236
-1366
-1590
-1693
-1577
-1495
-1690
-1974
-1945
-1625
-1444
-1597
-1767
-1646
-1357
-1176
-1111
-972
-778
-691
-626
-394
-48
144
158
294
641
939
981
966
1166
1463
1630
1693
1825
1975
1952
1860
1930
2146
2210
2015
1821
1809
1805
1638
1442
1350
1281
1064
763
589
493
305
48
-90
-93
-183
-469
-771
-898
-897
-926
-1003
-1075
-1212
-1470
-1711
-1719
-1524
-1387
-1462
-1670
-1812
-1793
-1678
-1528
-1401
-1346
-1360
-1347
-1229
-1065
-930
-828
-706
-541
-378
-264
-201
-149
-38
152
342
428
404
401
518
682
779
850
1009
1174
1195
1129
1174
1437
1727
1749
1625
1631
1775
1863
1797
1733
1801
1829
1637
1396
1338
1379
1300
1040
742
553
444
300
99
-173
-484
-746
-911
-1033
-1272
-1621
-1889
-2037
-2140
-2335
-2586
-2694
-2685
-2755
-2862
-2893
-2817
-2707
-2689
-2637
-2356
-2028
-1894
-1919
-1816
-1386
-864
-567
-458
-275
51
366
594
855
1217
1523
1675
1739
1891
2179
2430
2572
2682
2775
2861
2920
2949
3024
3122
3121
3053
2954
2819
2682
2552
2392
2246
2027
1708
1331
1019
826
611
277
-144
-474
-680
-920
-1268
-1605
-1769
-1841
-2041
-2379
-2624
-2629
-2554
-2613
-2785
-2840
-2721
-2611
-2582
-2507
-2288
-2001
-1862
-1836
-1649
-1277
-900
-692
-577
-363
-70
178
319
477
701
934
1064
1083
1092
1144
1278
1412
1469
1445
1384
1395
1445
1426
1365
1363
1452
1519
1437
1235
1145
1258
1382
1336
1142
992
951
911
788
590
425
331
218
18
-256
-534
-726
-842
-947
-1126
-1378
-1612
-1781
-1875
-1958
-2023
-2066
-2135
-2218
-2260
-2206
-2083
-1976
-1916
-1821
-1663
-1499
-1353
-1192
-971
-745
-561
-382
-154
95
286
402
554
776
1006
1197
1311
1379
1461
1577
1741
1895
1952
1925
1894
1906
1937
1931
1875
1822
1767
1646
1483
1347
1272
1223
1107
900
675
497
395
309
199
37
-175
-346
-477
-586
-705
-835
-916
-958
-1040
-1203
-1351
-1391
-1341
-1286
-1314
-1369
-1364
-1333
-1289
-1213
-1088
-948
-872
-851
-774
-598
-420
-297
-212
-99
18
98
161
264
416
561
604
579
607
679
759
817
863
907
919
891
884
936
1028
1062
1013
962
950
968
940
869
797
706
584
436
307
189
49
-148
-366
-579
-785
-983
-1146
-1262
-1408
-1604
-1779
-1874
-1906
-1931
-1975
-1996
-1969
-1940
-1928
-1847
-1656
-1426
-1239
-1139
-1040
-857
-607
-346
-99
135
335
467
565
705
905
1101
1232
1308
1359
1381
1359
1344
1398
1494
1583
1560
1458
1380
1367
1416
1463
1481
1483
1457
1379
1285
1234
1261
1319
1321
1229
1050
869
758
747
731
630
440
194
-23
-218
-375
-470
-553
-705
-988
-1292
-1492
-1558
-1571
-1653
-1773
-1887
-2040
-2174
-2160
-2012
-1843
-1811
-1883
-1841
-1657
-1448
-1271
-1084
-835
-596
-456
-338
-122
169
451
651
786
888
989
1112
1263
1408
1486
1473
1432
1430
1397
1343
1327
1344
1318
1161
952
814
772
728
661
572
436
257
85
1
-14
-51
-178
-297
-380
-507
-672
-779
-737
-696
-831
-1048
-1161
-1140
-1141
-1273
-1341
-1247
-1181
-1242
-1347
-1299
-1101
-984
-974
-913
-736
-560
-503
-462
-302
-67
87
140
226
362
478
514
572
702
800
812
779
789
849
872
840
835
849
817
763
723
749
779
728
681
691
720
729
699
689
700
695
678
665
669
649
609
547
486
462
423
353
257
150
83
3
-100
-206
-285
-327
-406
-547
-657
-693
-724
-813
-910
-945
-923
-962
-1046
-1054
-993
-936
-925
-915
-848
-778
-754
-701
-585
-500
-489
-483
-382
-217
-114
-110
-110
-20
99
153
178
251
347
380
358
364
447
546
552
515
523
573
602
570
543
581
615
546
474
459
464
473
440
384
330
275
226
189
160
116
48
-27
-88
-131
-188
-248
-281
-298
-343
-411
-454
-452
-431
-431
-455
-481
-451
-419
-422
-438
-414
-347
-292
-287
-293
-251
-198
-147
-114
-91
-62
-42
-22
15
52
91
123
137
160
162
162
179
204
236
247
233
219
218
237
284
303
289
284
298
322
343
345
339
351
364
359
325
293
280
280
262
214
171
143
115
78
38
26
-1
-62
-129
-168
-149
-139
-172
-219
-256
-256
-280
-312
-302
-271
-254
-280
-301
-298
-291
-283
-289
-284
-269
-266
-270
-265
-255
-235
-213
-211
-199
-189
-180
-151
-116
-97
-106
-136
-127
-76
-33
-3
-4
-4
21
61
100
139
151
149
172
206
250
271
267
269
273
294
301
283
261
256
271
271
254
224
185
159
151
147
130
97
71
52
34
27
22
6
-16
-40
-40
-25
-30
-42
-74
-99
-91
-76
-72
-93
-127
-137
-112
-81
-80
-110
-141
-151
-128
-106
-103
-111
-119
-117
-93
-76
-84
-97
-89
-64
-50
-50
-53
-41
-12
17
26
27
36
58
90
109
108
102
92
103
113
101
88
78
75
85
96
80
56
56
60
70
58
43
42
35
24
19
21
9
-16
-42
-54
-54
-59
-60
-62
-77
-90
-92
-106
-108
-108
-118
-113
-118
-120
-119
-124
-104
-91
-91
-112
-115
-88
-72
-57
-60
-68
-63
-39
-17
-24
-23
6
34
49
32
14
37
80
111
110
103
116
120
110
119
142
156
142
109
109
118
134
136
101
95
99
92
81
63
63
53
34
29
24
21
7
-13
-14
-16
-15
-27
-40
-40
-35
-34
-51
-47
-50
-53
-55
-67
-64
-74
-86
-74
-63
-75
-89
-93
-78
-68
-65
-63
-55
-44
-47
-42
-30
-19
-24
-29
-14
-2
-2
-10
-5
21
42
35
27
31
45
49
47
45
47
40
33
32
30
35
31
17
6
8
16
10
-4
-11
3
11
-10
-23
-8
0
-12
-30
-31
-32
-29
-36
-44
-30
-41
-49
-46
-46
-42
-61
-67
-62
-64
-66
-63
-64
-58
-46
-51
-44
-27
-21
-12
-8
2
17
33
51
60
77
101
110
121
134
143
146
146
154
160
155
141
132
144
132
107
92
82
77
58
23
17
14
3
-6
-16
-23
-40
-53
-50
-57
-69
-94
-116
-115
-118
-142
-157
-147
-132
-147
-175
-173
-151
-126
-122
-135
-122
-94
-80
-67
-62
-46
-13
-3
-9
9
34
61
80
86
105
110
102
108
126
150
150
138
127
124
137
161
154
134
132
137
129
103
84
94
95
82
66
35
11
0
-19
-35
-48
-71
-96
-118
-148
-155
-148
-146
-155
-183
-194
-195
-189
-169
-166
-168
-172
-159
-149
-134
-120
-114
-85
-71
-68
-56
-40
-11
9
11
12
17
25
45
61
70
76
81
77
89
99
91
93
100
109
103
102
115
122
133
137
126
122
128
118
115
119
125
123
97
81
64
54
46
26
10
-13
-22
-29
-36
-45
-59
-60
-61
-75
-91
-96
-90
-98
-109
-119
-123
-118
-115
-118
-121
-108
-100
-108
-98
-77
-60
-59
-60
-40
-28
-26
-18
-10
1
11
11
17
29
40
45
53
67
79
89
90
94
105
108
114
104
104
115
100
94
99
111
109
89
87
92
92
80
48
35
28
14
9
5
-5
-18
-33
-40
-53
-67
-83
-99
-106
-107
-111
-115
-120
-123
-125
-119
-114
-116
-117
-133
-129
-112
-106
-97
-89
-80
-71
-78
-81
-58
-45
-44
-34
-14
-4
4
19
31
53
65
78
85
96
107
106
116
129
141
144
134
135
140
144
144
129
132
130
116
106
96
90
86
81
64
50
34
18
6
-12
-26
-39
-54
-67
-85
-91
-98
-101
-103
-116
-111
-113
-108
-110
-110
-100
-106
-103
-96
-89
-91
-90
-78
-74
-79
-70
-50
-43
-30
-25
-17
-6
-11
-9
-5
6
20
12
10
30
34
43
58
62
66
74
80
87
90
94
102
101
110
103
99
101
101
101
94
93
86
75
68
52
37
40
22
9
8
-1
-4
-23
-28
-36
-53
-60
-67
-76
-81
-82
-85
-85
-91
-97
-107
-107
-96
-102
-105
-99
-94
-87
-86
-76
-53
-40
-50
-48
-35
-29
-20
-4
3
4
20
22
33
41
37
46
46
49
59
56
54
55
65
74
74
69
64
60
50
50
56
49
30
29
36
30
27
27
7
-2
-1
-18
-21
-23
-23
-19
-29
-36
-36
-27
-32
-35
-25
-29
-22
-15
-16
-16
-27
-29
-23
-16
-20
-20
-26
-24
-15
-18
-23
-23
-12
-8
-7
2
-1
17
29
16
12
12
21
21
14
31
41
42
41
43
53
59
57
40
47
52
52
50
42
44
38
35
33
29
20
10
6
5
1
-19
-34
-41
-35
-31
-38
-48
-52
-45
-50
-62
-55
-44
-46
-50
-51
-51
-48
-33
-26
-25
-29
-23
-26
-41
-38
-37
-34
-35
-19
-14
-14
-2
-5
-2
6
9
7
13
19
17
24
33
23
22
28
31
20
24
35
29
35
42
29
22
25
20
17
11
3
-6
-19
-24
-15
-1
-2
-20
-21
-12
-9
-8
-16
-20
-26
-32
-34
-32
-27
-26
-22
-9
-2
-4
-9
-3
5
4
7
11
4
-3
7
10
17
22
7
4
14
19
24
21
17
22
26
32
45
47
44
46
50
52
49
46
37
37
51
63
57
51
47
44
41
24
18
20
17
17
14
9
-10
-25
-28
-31
-32
-38
-45
-56
-60
-58
-53
-53
-56
-63
-62
-55
-56
-56
-66
-64
-52
-52
-50
-48
-38
-37
-27
-19
-22
-20
-27
-26
-18
-5
-6
-20
-3
10
5
10
16
12
16
24
33
42
47
40
40
50
46
41
40
32
33
31
31
28
21
25
20
14
11
2
-7
-5
-9
-19
-26
-30
-27
-31
-29
-25
-27
-37
-34
-38
-44
-47
-48
-45
-49
-43
-39
-40
-38
-22
-27
-31
-24
-23
-7
-2
-6
5
11
7
7
4
14
32
33
39
47
48
59
65
77
96
95
91
89
93
102
107
110
103
103
98
92
88
67
67
67
53
42
41
28
12
10
-1
-8
-7
-21
-35
-33
-45
-52
-64
-82
-78
-79
-76
-84
-92
-84
-90
-102
-97
-92
-89
-90
-86
-79
-71
-81
-86
-70
-71
-68
-61
-60
-53
-52
-55
-48
-37
-39
-38
-28
-16
-9
-7
1
6
13
20
29
38
39
41
45
54
59
60
58
60
63
57
66
74
63
54
68
69
57
59
65
62
55
46
33
33
25
10
7
0
-6
-8
-16
-14
-11
-31
-41
-37
-30
-30
-29
-31
-38
-39
-40
-30
-24
-26
-31
-25
-25
-27
-23
-22
-21
-25
-12
-1
-8
0
7
9
24
23
21
31
34
35
36
42
58
59
63
62
57
55
54
60
58
49
44
42
35
41
39
25
37
44
22
17
10
7
5
8
10
-5
-10
-12
-22
-19
-19
-30
-43
-44
-44
-55
-61
-67
-66
-65
-72
-84
-88
-92
-99
-97
-90
-81
-80
-93
-96
-81
-63
-60
-61
-62
-68
-55
-52
-49
-43
-41
-28
-7
5
14
21
25
40
45
48
51
45
56
68
65
68
75
71
57
66
80
88
85
68
64
71
83
79
69
67
56
46
45
42
42
17
3
16
21
7
-5
-2
-4
-4
-7
-6
-18
-26
-22
-22
-15
-25
-30
-38
-40
-24
-24
-34
-45
-42
-37
-27
-26
-27
-23
-28
-27
-12
0
-14
-18
-22
-30
-9
-8
-8
8
11
13
17
17
11
8
13
27
26
12
5
12
12
23
20
17
26
27
22
24
36
39
39
32
35
32
28
29
20
16
17
3
-8
0
-10
-21
-21
-24
-26
-32
-50
-50
-50
-59
-59
-65
-67
-60
-58
-53
-60
-68
-71
-67
-57
-53
-48
-50
-42
-33
-32
-24
-22
-19
-8
-3
-3
4
-1
-2
2
18
28
13
22
27
24
33
34
37
47
49
41
44
54
65
56
52
55
49
59
49
53
62
47
45
38
38
42
36
32
31
33
41
22
22
28
17
20
18
8
1
-5
-5
-7
-17
-23
-32
-40
-40
-38
-33
-34
-45
-38
-38
-34
-22
-15
-28
-32
-23
-29
-15
-19
-25
-8
-5
-2
-10
-11
-2
2
2
1
0
-5
-1
5
4
15
10
4
4
-10
4
-3
-5
2
-7
-18
-19
-13
-16
-14
-18
-27
-22
-19
-21
-25
-25
-23
-25
-27
-26
-25
-9
-8
-8
1
-1
-7
-9
3
1
-3
-1
0
7
4
-1
4
13
16
21
31
29
27
20
27
33
27
20
25
32
26
27
32
25
21
17
20
28
27
39
30
26
27
29
25
15
14
12
8
7
6
-1
-6
-6
-17
-27
-34
-39
-39
-40
-45
-42
-41
-40
-37
-33
-29
-21
-27
-38
-32
-22
-25
-21
-18
-18
-13
-10
-9
-4
-5
-2
8
7
14
13
22
32
22
26
28
26
25
29
31
30
32
36
40
35
32
37
46
35
25
26
24
17
15
14
1
-4
-5
-6
-2
-3
-13
-18
-19
-34
-38
-32
-30
-32
-41
-42
-38
-39
-41
-46
-48
-48
-42
-35
-38
-43
-35
-30
-27
-22
-22
-11
-3
5
10
13
22
10
6
15
18
27
22
20
35
32
30
33
33
34
42
40
35
30
21
28
33
28
21
15
21
30
21
18
19
18
17
9
5
5
5
-4
-5
3
-6
-11
-14
-17
-11
-15
-31
-26
-23
-41
-41
-39
-42
-40
-37
-35
-36
-37
-31
-28
-31
-36
-34
-27
-29
-20
-23
-27
-15
-17
-9
-4
-5
-4
5
15
21
29
28
37
37
37
36
41
44
35
46
41
41
50
48
51
49
45
55
51
41
52
36
36
25
20
18
4
1
-8
-4
-9
-17
-26
-31
-31
-39
-36
-36
-41
-41
-46
-51
-43
-39
-46
-53
-51
-52
-52
-50
-46
-38
-35
-28
-28
-29
-18
-21
-21
-14
-22
-20
-17
-11
5
10
12
16
6
2
10
3
14
26
25
33
40
46
54
65
50
42
50
52
58
50
48
57
61
61
56
48
42
43
39
34
36
25
20
18
11
7
0
-8
-22
-34
-40
-54
-59
-54
-61
-64
-70
-62
-56
-65
-67
-72
-61
-47
-53
-63
-64
-56
-42
-33
-35
-33
-27
-31
-28
-18
-19
-7
-9
6
15
7
16
15
17
28
35
27
24
30
31
36
48
45
45
41
39
55
57
49
55
42
39
51
39
38
48
47
40
48
43
26
25
22
13
11
9
3
-2
-7
-6
-15
-18
-18
-30
-27
-30
-31
-28
-38
-34
-37
-47
-35
-27
-32
-34
-42
-45
-44
-48
-41
-47
-44
-32
-31
-20
-27
-22
-7
-2
4
-7
2
13
11
19
14
19
25
23
34
34
30
27
23
30
28
26
25
19
18
18
17
12
10
-3
-2
5
6
4
7
7
4
8
10
9
0
-3
-1
-7
-5
-2
-20
-28
-21
-25
-26
-18
-12
-8
-13
-9
-16
-21
-19
-28
-24
-22
-17
-10
-13
-22
-23
-19
-17
-11
-7
-10
-7
5
9
18
18
9
8
10
15
23
26
16
21
22
21
25
20
19
20
22
26
23
23
28
29
28
30
21
20
29
32
30
25
18
20
25
13
4
18
3
-10
-10
-25
-19
-25
-38
-40
-39
-31
-36
-31
-25
-31
-30
-30
-28
-32
-37
-30
-35
-30
-24
-38
-39
-31
-26
-16
-18
-20
-10
-3
8
12
15
18
18
23
19
18
21
28
28
28
23
16
31
26
19
21
18
20
19
21
14
18
9
5
9
4
3
0
-6
3
9
2
2
-11
-1
4
-9
-7
-11
-11
-8
-15
-11
-7
-11
-6
-5
-6
-2
-10
-12
1
-7
-2
9
2
1
-5
-12
-13
-3
-6
-5
-11
0
11
-6
9
12
5
-1
-2
1
-8
-3
-8
-12
-14
-8
-15
-25
-10
-7
-4
3
-5
3
8
9
16
12
4
5
16
2
-9
-1
-3
-13
-11
-8
-11
-6
2
6
13
13
11
9
-2
-5
-4
-5
1
2
0
8
6
9
4
1
-1
-8
1
6
11
13
13
27
21
22
37
31
34
25
17
28
19
9
14
17
11
-3
-8
-1
-11
-13
-1
-13
-7
-3
-9
0
-13
-24
-8
-18
-19
-15
-22
-25
-28
-27
-23
-21
-19
-14
-22
-20
-16
-27
-24
-26
-24
-20
-19
-10
-10
-7
-9
-8
-1
2
-5
-11
-5
-13
-5
8
8
5
10
8
8
12
13
19
12
12
15
19
24
28
25
24
29
26
31
25
26
28
18
23
20
10
10
16
11
7
10
9
5
11
23
21
13
6
6
5
3
3
-1
-10
-14
-13
-19
-23
-29
-31
-34
-36
-35
-35
