SAMPLES:
14886
BITSPERSAMPLE:
16
CHANNELS:
1
SAMPLERATE:
16000
NORMALIZED:
FALSE
133
110
96
92
80
58
32
6
-9
-6
1
5
1
-4
-3
4
17
26
33
33
11
-2
-18
-29
-29
-44
-57
-49
-38
-39
-18
-1
2
-7
-7
-19
-25
-36
-49
-61
-83
-79
-68
-42
-25
2
45
60
56
56
71
76
77
67
48
41
24
21
24
8
17
19
19
21
-1
-8
-16
-39
-59
-72
-87
-109
-127
-152
-169
-180
-185
-178
-173
-163
-146
-148
-141
-113
-103
-109
-113
-112
-101
-100
-97
-96
-91
-71
-21
35
71
107
117
128
140
142
168
185
180
185
188
186
193
197
209
234
237
237
251
235
205
174
137
120
105
93
101
85
65
46
27
19
4
8
15
6
-10
-20
-41
-52
-65
-85
-110
-146
-174
-197
-193
-182
-147
-116
-98
-90
-112
-132
-143
-158
-167
-144
-146
-128
-92
-86
-63
-66
-76
-71
-67
-60
-64
-46
-30
-34
-31
-22
-8
1
8
3
-10
-13
-13
-18
-13
5
23
70
116
129
150
163
133
95
60
46
49
49
55
74
69
66
66
38
35
14
5
22
25
36
37
24
15
9
13
18
19
32
44
29
32
11
-17
-32
-35
4
11
16
14
6
12
7
-6
-25
-25
-22
-27
-23
-7
8
26
22
9
-3
-9
-3
5
22
44
59
53
54
43
29
28
11
14
19
3
8
11
10
1
-27
-31
-42
-59
-63
-78
-87
-87
-96
-90
-99
-112
-103
-119
-124
-114
-96
-54
-52
-64
-54
-69
-79
-80
-82
-86
-104
-104
-78
-57
-32
-1
38
72
71
83
75
72
77
76
94
94
106
111
102
112
121
119
120
128
135
131
134
145
141
145
147
128
104
86
91
88
74
76
58
48
43
34
38
21
-13
-38
-53
-73
-102
-144
-171
-177
-173
-166
-155
-118
-113
-112
-103
-129
-145
-164
-177
-174
-158
-143
-136
-103
-78
-58
-27
-13
-7
-4
-7
-13
-29
-22
6
17
26
54
61
72
94
96
101
109
109
111
110
109
127
122
105
105
91
74
59
48
42
27
24
29
44
51
50
54
28
17
8
-33
-52
-53
-67
-64
-38
-22
-28
-49
-66
-81
-108
-111
-109
-100
-88
-74
-37
-23
-19
-13
19
48
53
61
70
79
87
93
85
58
28
27
33
24
17
27
28
27
45
75
86
69
51
52
49
20
8
-11
-32
-21
-17
-27
-29
-29
-48
-47
-57
-67
-76
-95
-95
-110
-117
-108
-110
-120
-122
-116
-118
-98
-79
-75
-76
-93
-95
-82
-51
-17
2
29
55
57
57
51
53
77
83
74
59
39
33
37
41
63
79
78
72
81
100
121
122
104
101
90
76
62
54
55
53
42
37
41
49
53
63
52
29
26
8
-5
-10
-16
-18
-22
-30
-35
-36
-48
-49
-38
-40
-61
-72
-64
-81
-91
-75
-73
-72
-47
-29
-35
-37
-44
-57
-62
-74
-91
-84
-76
-50
-12
6
35
40
35
38
3
-15
-16
-28
-23
-26
-30
-9
15
31
31
30
17
18
22
29
34
9
11
3
-12
-8
2
1
-3
-7
-22
-16
-12
-3
14
13
18
24
17
20
11
7
16
17
35
58
73
80
95
101
83
63
40
31
8
-11
-10
-19
-4
7
20
36
41
69
87
88
75
60
46
45
40
25
21
2
-7
-2
2
-17
-46
-64
-81
-86
-86
-75
-60
-58
-58
-59
-69
-74
-72
-82
-99
-86
-81
-93
-80
-99
-111
-110
-126
-119
-117
-112
-92
-85
-74
-58
-40
-22
-5
4
-8
-7
-3
-3
7
19
37
54
68
69
69
87
114
143
163
164
164
148
136
116
103
111
104
109
105
112
129
122
102
101
102
101
107
107
115
106
77
56
24
-4
-23
-46
-52
-43
-37
-38
-44
-48
-59
-83
-100
-100
-117
-134
-144
-179
-187
-169
-157
-142
-125
-103
-102
-98
-83
-77
-71
-82
-84
-74
-58
-42
-33
-14
-10
-10
-7
-7
8
-2
-12
-2
5
28
40
53
76
78
70
67
62
60
55
30
14
5
2
16
16
-6
-10
-1
13
31
39
56
64
67
67
59
47
34
34
34
35
39
36
23
21
20
8
7
7
-15
-23
-10
7
23
27
34
34
45
33
6
-1
-4
-8
-4
-10
-31
-21
-12
1
19
10
19
30
24
25
20
23
30
35
31
7
-9
-34
-54
-54
-49
-43
-45
-30
-13
-18
-28
-33
-13
34
45
38
32
7
-8
-12
-29
-44
-50
-61
-87
-80
-75
-70
-56
-52
-48
-72
-75
-73
-59
-37
-29
-22
-16
-16
-27
-48
-70
-61
-52
-39
-3
17
38
59
50
63
78
69
68
60
43
47
60
61
63
76
85
85
73
68
63
42
21
8
12
4
-5
-27
-20
2
-6
-1
-1
1
-14
-43
-44
-46
-53
-53
-48
-31
-14
-8
-17
-17
-13
-11
1
5
11
-2
-16
-6
-6
14
55
72
75
92
87
69
59
46
20
7
19
28
36
42
38
46
51
51
42
33
43
49
49
48
32
18
-4
-15
-23
-49
-62
-61
-60
-63
-49
-58
-78
-89
-102
-106
-130
-150
-161
-169
-152
-116
-90
-66
-42
-38
-29
-18
-30
-32
-40
-67
-62
-63
-69
-54
-33
-13
-6
-2
3
12
31
31
42
42
43
40
30
44
45
75
108
152
191
205
209
184
166
143
116
98
91
77
63
57
57
58
41
42
43
39
42
44
39
14
-2
-8
-24
-26
-30
-42
-53
-65
-80
-96
-113
-117
-124
-135
-131
-121
-105
-93
-98
-101
-81
-63
-49
-32
-13
-3
-1
6
-2
-9
-3
3
-4
10
31
41
63
75
81
83
72
71
51
31
16
2
-2
-4
-1
-11
-10
-3
13
20
26
24
8
-10
-35
-34
-37
-45
-45
-49
-60
-69
-60
-57
-52
-40
-41
-37
-32
-25
-10
3
6
3
13
7
0
-2
6
23
21
22
21
24
28
27
25
30
32
15
8
-1
-16
-17
-8
5
26
33
31
22
1
-18
0
23
34
70
90
102
104
93
89
83
81
80
66
60
57
59
59
50
48
45
40
35
16
-7
-22
-28
-19
-17
-29
-42
-57
-80
-83
-87
-78
-71
-67
-57
-66
-66
-63
-44
-30
-47
-69
-87
-95
-94
-98
-102
-108
-115
-103
-95
-95
-74
-69
-73
-78
-73
-53
-43
-31
-29
-18
-3
17
41
51
61
71
66
71
83
86
88
98
105
90
88
79
60
64
58
59
65
43
56
63
56
58
45
47
73
97
101
96
88
67
44
41
12
7
13
10
24
32
29
26
10
-23
-22
-38
-42
-38
-33
-31
-41
-23
-30
-56
-62
-55
-67
-86
-96
-95
-95
-69
-44
-40
-29
-28
-26
-36
-40
-27
-36
-54
-56
-68
-48
-45
-55
-47
-54
-31
-13
-1
26
50
55
48
49
51
46
33
25
30
34
22
22
33
37
40
47
40
15
-1
-28
-57
-57
-38
-17
-15
-26
-44
-47
-27
7
33
50
45
22
-5
-23
-28
-23
-13
-26
-13
10
26
54
77
100
109
104
101
92
72
78
90
73
66
51
39
37
24
6
6
-8
-20
-27
-38
-38
-56
-75
-79
-72
-82
-88
-90
-92
-89
-89
-85
-81
-64
-61
-58
-62
-76
-80
-90
-89
-82
-71
-39
-9
2
22
26
41
64
80
78
73
69
79
104
101
120
124
107
109
97
69
56
47
37
34
46
64
62
50
58
36
1
11
4
-25
-31
-47
-55
-45
-51
-51
-61
-59
-64
-64
-29
-21
-24
-19
-12
-9
-11
-25
-54
-66
-77
-96
-113
-111
-102
-87
-53
-29
3
30
37
23
17
0
-6
1
-3
18
23
30
35
46
60
42
45
55
56
48
40
41
40
41
24
4
-8
-19
-22
-26
-23
-1
11
12
8
-19
-35
-39
-38
-23
-24
-35
-23
-7
-2
-3
-7
-32
-40
-41
-50
-33
-33
-38
-29
-27
-43
-44
-27
-4
15
13
25
55
62
79
99
108
112
118
118
119
130
118
123
124
127
112
84
76
66
61
42
35
36
24
18
15
2
-12
-41
-54
-66
-78
-56
-45
-43
-51
-54
-63
-80
-75
-75
-91
-111
-140
-160
-180
-197
-194
-177
-159
-143
-138
-130
-129
-118
-115
-107
-73
-65
-53
-47
-37
-15
9
36
30
13
2
31
49
34
30
22
49
93
120
133
141
152
162
175
165
156
153
131
124
111
106
79
63
78
80
75
52
41
39
50
67
90
116
113
110
105
80
45
26
27
24
9
-5
-12
-4
-3
-20
-7
-4
-19
-36
-61
-87
-133
-159
-160
-153
-148
-159
-158
-152
-131
-134
-139
-136
-151
-143
-139
-139
-114
-104
-93
-87
-86
-62
-56
-47
-38
-45
-24
-22
-24
10
35
57
87
82
76
88
89
83
80
93
90
94
113
129
148
149
149
149
157
147
125
118
93
87
83
62
60
40
14
-1
-27
-52
-62
-48
-47
-61
-61
-61
-42
-45
-55
-62
-62
-65
-81
-81
-89
-85
-79
-59
-32
-29
-27
-20
-23
-15
-16
-16
1
12
18
2
-4
3
-2
1
2
-15
-2
4
9
46
41
39
39
40
43
29
37
47
39
26
14
6
9
14
8
-1
-10
-49
-78
-66
-69
-59
-46
-54
-53
-25
-11
-1
15
0
-7
-21
-31
-30
-25
-2
23
50
55
43
27
18
24
44
79
88
91
73
78
99
91
89
77
53
28
23
17
16
21
5
12
8
-15
-28
-60
-66
-69
-80
-69
-68
-70
-68
-64
-68
-68
-51
-56
-69
-78
-74
-55
-51
-42
-36
-48
-48
-62
-72
-60
-57
-44
-38
-37
-26
1
2
-7
-7
6
27
55
76
61
65
75
61
72
88
81
61
55
68
67
66
56
37
25
31
41
41
36
42
49
55
67
68
65
47
38
45
63
85
76
63
53
24
-11
-23
-20
-25
-44
-54
-66
-83
-67
-49
-43
-32
-30
-39
-54
-60
-65
-81
-77
-73
-77
-80
-96
-102
-109
-108
-100
-96
-79
-71
-58
-41
-34
-27
-17
-5
12
30
39
52
73
82
75
75
86
72
61
50
36
65
76
73
63
27
31
16
-5
-7
-31
-38
-41
-45
-53
-58
-42
-23
5
33
42
30
-1
-6
7
19
34
45
45
17
14
4
-7
2
-5
-14
-11
-9
15
37
29
38
43
64
73
58
59
49
44
37
12
-15
-4
9
-5
10
19
23
42
43
46
50
44
44
38
18
9
11
-13
-46
-83
-102
-123
-118
-97
-92
-75
-67
-62
-55
-47
-35
-32
-36
-40
-60
-72
-72
-86
-90
-84
-73
-61
-44
-31
-39
-34
-45
-57
-51
-52
-38
-21
-16
-25
-46
-52
-50
-47
-45
-38
-8
7
29
51
77
101
127
145
135
122
108
88
94
111
113
103
92
114
117
124
129
126
153
160
127
110
109
103
92
73
58
45
50
41
29
24
20
4
8
-8
-22
-27
-53
-42
-49
-55
-69
-105
-103
-104
-111
-115
-110
-116
-128
-119
-100
-85
-77
-76
-74
-91
-100
-88
-94
-111
-101
-97
-95
-84
-92
-84
-63
-38
-17
0
24
23
1
-8
-24
-31
-34
-70
-88
-95
-90
-69
-37
-23
-12
2
15
26
35
50
55
46
36
30
20
38
61
86
131
171
192
182
151
137
134
125
117
115
105
82
84
73
57
67
44
29
22
31
49
46
44
48
58
64
58
43
42
53
40
42
43
19
14
-12
-45
-44
-41
-37
-45
-50
-61
-77
-86
-74
-60
-67
-78
-89
-90
-95
-94
-97
-105
-101
-94
-78
-62
-64
-45
-47
-74
-80
-98
-105
-112
-110
-116
-115
-79
-72
-80
-74
-63
-61
-56
-31
-16
7
23
11
9
15
31
49
54
46
42
32
25
34
38
57
88
103
108
136
151
157
172
165
141
137
134
147
140
124
126
105
85
65
62
56
48
45
27
30
31
13
4
-9
-23
-26
-35
-46
-63
-89
-107
-116
-134
-134
-118
-90
-73
-72
-65
-77
-77
-75
-79
-81
-71
-55
-61
-58
-52
-54
-52
-47
-33
-39
-43
-36
-47
-40
-18
-24
-24
-5
12
24
40
45
40
23
2
-1
-21
-20
-11
-15
-10
-11
0
35
55
54
52
51
51
52
54
34
4
-8
3
17
55
87
90
97
95
88
79
75
68
52
45
55
54
64
65
57
61
58
70
68
63
56
31
13
-10
-25
-37
-46
-45
-31
-8
1
-5
-22
-38
-38
-42
-44
-45
-46
-49
-54
-49
-54
-62
-73
-101
-139
-145
-136
-117
-95
-74
-56
-56
-52
-50
-54
-63
-78
-81
-84
-89
-97
-93
-89
-81
-61
-53
-31
-18
-11
-2
-3
3
1
17
21
22
31
27
48
60
61
52
52
66
91
126
155
170
161
166
170
162
160
147
126
133
128
112
109
83
70
66
53
43
53
61
65
66
51
34
27
22
9
2
-7
-24
-34
-41
-70
-85
-82
-88
-90
-83
-72
-63
-48
-52
-58
-63
-96
-111
-106
-115
-103
-97
-100
-98
-113
-144
-137
-122
-119
-114
-103
-74
-57
-42
-39
-34
-33
-29
-17
-4
5
1
8
5
10
14
22
26
27
52
45
48
61
58
84
104
99
102
87
64
53
48
81
105
121
145
144
147
129
101
93
81
68
53
55
31
13
-2
-22
-27
-78
-112
-114
-113
-95
-90
-76
-70
-66
-45
-48
-55
-77
-92
-94
-106
-81
-59
-59
-53
-42
-43
-37
-6
26
34
29
29
40
60
53
40
41
56
43
63
94
99
133
151
142
137
100
71
43
1
-12
-17
-39
-48
-48
-63
-68
-64
-71
-75
-79
-83
-84
-91
-77
-63
-59
-39
-25
-42
-54
-52
-53
-39
-43
-50
-36
-24
-38
-51
-34
-45
-52
-53
-34
16
39
53
72
89
88
100
103
108
107
100
103
91
89
72
72
81
83
84
82
82
58
53
41
11
7
7
-6
-4
15
30
34
34
24
9
-23
-46
-52
-58
-48
-57
-50
-38
-41
-32
-29
-49
-61
-59
-74
-101
-108
-96
-99
-114
-126
-116
-123
-142
-143
-132
-127
-118
-87
-66
-65
-43
-25
-9
15
36
53
62
71
66
67
64
64
82
87
97
108
100
111
114
97
99
106
111
97
83
69
51
27
12
21
-2
-29
-22
-34
-33
-4
3
22
21
17
6
0
8
-11
-9
-15
-42
-66
-56
-42
-39
-35
-31
-5
9
27
48
58
65
63
44
27
20
25
28
24
32
42
54
69
74
74
57
42
41
31
15
-20
-42
-56
-71
-69
-75
-79
-77
-76
-75
-63
-70
-71
-95
-106
-86
-90
-79
-68
-64
-50
-59
-48
-31
-41
-42
-30
-20
-2
14
6
9
7
-13
-29
-32
-42
-55
-68
-64
-40
-33
-3
8
5
14
13
36
45
23
20
25
44
67
66
81
79
80
87
89
91
85
72
54
63
51
38
42
37
47
57
63
71
69
60
61
72
67
58
63
65
68
69
56
41
23
5
-9
-25
-51
-55
-53
-55
-41
-40
-45
-55
-75
-90
-98
-95
-92
-97
-88
-83
-71
-69
-77
-59
-69
-80
-70
-72
-66
-62
-70
-72
-69
-75
-58
-45
-40
-25
-1
8
2
25
49
63
71
77
93
85
78
86
76
71
91
92
86
96
98
81
71
47
30
33
36
32
24
29
16
0
-12
-26
-38
-36
-21
-9
-8
-2
-10
-16
-18
-26
-34
-40
-31
-37
-44
-48
-37
-26
-27
-20
-15
-15
-11
-8
-8
3
2
-6
4
7
-5
-12
-19
-29
-49
-57
-55
-52
-38
-43
-59
-72
-77
-66
-67
-64
-46
-22
-1
12
27
39
37
31
32
23
26
35
29
45
54
38
20
-21
-34
-27
-18
7
9
17
40
65
81
84
93
91
89
99
98
120
139
128
133
112
79
66
41
39
51
46
51
42
45
58
52
16
-6
-6
-18
-14
-13
-12
-9
-25
-27
-21
-33
-48
-73
-97
-118
-132
-141
-143
-134
-123
-120
-138
-147
-169
-189
-176
-168
-156
-146
-136
-122
-98
-94
-101
-93
-96
-78
-51
-41
-38
-27
-13
16
28
17
23
38
63
92
102
115
109
95
104
102
111
136
150
173
178
163
175
170
153
155
143
135
142
133
129
112
69
38
24
26
14
5
11
22
54
68
50
52
34
0
-10
-23
-32
-39
-76
-95
-100
-113
-102
-96
-90
-86
-99
-111
-121
-140
-139
-121
-100
-77
-58
-38
-23
-19
-25
-42
-48
-38
-28
8
25
21
31
20
7
1
-11
0
9
12
23
25
22
23
32
52
58
39
20
2
-10
-4
-4
-19
-23
-23
-36
-51
-62
-56
-49
-63
-84
-83
-70
-66
-51
-48
-55
-55
-64
-66
-60
-58
-34
-18
-13
5
-3
0
18
25
5
15
33
47
83
103
112
103
102
92
84
114
141
174
183
180
185
184
193
185
186
191
146
106
79
38
0
-29
-29
-20
-28
-18
-3
-1
15
21
6
-3
-14
-36
-51
-68
-88
-84
-85
-94
-101
-123
-119
-105
-102
-81
-84
-97
-105
-141
-154
-165
-187
-186
-170
-153
-130
-90
-60
-44
-25
-10
-1
5
-1
5
9
-3
-10
-15
-13
-16
-17
-4
3
6
8
10
10
12
18
9
17
26
12
-4
-5
7
9
10
2
0
11
12
16
41
67
88
92
88
90
100
107
113
114
112
111
106
104
93
81
79
85
101
90
79
96
105
104
115
112
108
115
107
106
95
74
53
27
20
9
-7
-40
-55
-70
-103
-115
-136
-138
-128
-110
-100
-97
-107
-122
-127
-133
-118
-100
-106
-108
-108
-118
-99
-98
-99
-76
-82
-67
-39
-49
-53
-57
-58
-59
-72
-84
-76
-70
-60
-59
-63
-62
-57
-34
-14
14
25
27
46
43
41
39
34
44
45
37
44
60
68
58
57
68
62
45
33
51
61
73
95
103
120
134
140
157
173
177
176
160
151
125
70
45
42
43
26
-3
-7
-9
-20
-25
-11
-5
-13
-14
-36
-47
-41
-58
-75
-78
-79
-93
-103
-118
-128
-133
-142
-126
-110
-117
-101
-82
-73
-59
-43
-16
-14
-29
-43
-26
-4
13
27
36
43
56
68
71
92
104
117
130
123
108
80
66
51
20
-3
-17
-23
-25
-12
12
2
-9
-4
-14
-26
-40
-33
-39
-54
-50
-61
-75
-98
-111
-141
-174
-183
-192
-175
-149
-120
-96
-82
-70
-48
-11
9
24
43
43
42
55
68
88
114
148
164
155
147
129
121
141
152
158
161
154
149
136
123
116
122
119
111
113
100
66
46
22
-8
-20
-38
-59
-72
-103
-118
-116
-132
-138
-144
-137
-117
-95
-90
-101
-103
-115
-119
-107
-99
-101
-96
-80
-76
-71
-47
-30
-26
-38
-36
-34
-45
-27
-7
19
30
20
36
52
48
56
59
31
20
17
33
53
52
46
51
62
68
82
102
92
71
64
34
8
-4
-6
-5
1
18
27
35
43
51
42
23
33
34
24
32
20
11
2
-7
-14
-20
-20
-36
-53
-56
-51
-28
6
25
38
40
13
-8
-22
-33
-31
-33
-22
-20
-11
-6
-19
-10
-3
-3
-11
-18
-28
-20
-2
-10
-22
-45
-48
-54
-74
-84
-96
-84
-72
-68
-58
-53
-56
-78
-79
-64
-49
-27
-10
14
12
-3
-19
-35
-56
-70
-47
-19
7
19
46
89
109
115
109
103
104
90
80
84
78
73
78
77
83
87
87
126
139
158
177
146
129
113
105
101
70
46
27
7
-9
-13
-17
-7
15
5
3
6
-14
-38
-61
-80
-88
-85
-76
-61
-34
-41
-71
-78
-96
-114
-134
-157
-166
-159
-147
-139
-124
-122
-119
-105
-118
-136
-145
-157
-157
-138
-119
-117
-109
-92
-69
-36
11
35
46
62
76
90
93
80
70
67
56
46
33
32
39
53
73
101
128
129
124
125
118
128
149
149
154
153
139
131
120
112
111
84
71
67
42
42
24
13
7
-12
-12
-8
-25
-23
0
22
29
29
20
-4
-29
-54
-65
-60
-46
-31
-9
0
6
2
-6
0
-8
-32
-46
-54
-85
-119
-147
-147
-129
-109
-77
-69
-58
-64
-69
-54
-47
-28
3
19
-3
-40
-69
-81
-68
-51
-43
-42
-53
-54
-68
-79
-72
-74
-74
-75
-72
-61
-42
-17
5
21
26
35
45
66
76
87
98
83
78
43
27
22
20
40
53
60
58
54
59
72
72
68
65
66
68
66
51
53
47
37
28
15
26
24
21
20
19
35
52
37
34
37
60
74
63
76
76
79
78
66
50
29
9
-7
1
21
30
20
-4
-28
-47
-57
-50
-46
-34
-34
-32
-35
-56
-51
-52
-61
-44
-42
-46
-38
-55
-61
-53
-68
-75
-79
-88
-96
-104
-115
-137
-157
-176
-188
-166
-139
-119
-95
-78
-69
-51
-22
-10
-9
-5
-5
6
22
22
13
20
33
34
29
19
24
35
18
20
29
24
53
63
62
56
39
47
67
101
152
167
165
163
140
115
103
105
104
105
86
58
37
26
61
76
79
73
71
85
78
71
67
69
60
45
32
11
-13
1
8
9
12
-5
-17
-23
-34
-48
-39
-31
-29
-21
-19
-34
-54
-69
-76
-81
-74
-80
-96
-91
-87
-85
-88
-110
-140
-153
-166
-170
-167
-153
-122
-104
-106
-91
-71
-60
-79
-125
-156
-164
-153
-129
-97
-79
-53
-38
-42
-37
-47
-39
-17
-6
21
59
95
120
134
140
132
123
109
120
127
138
177
189
201
215
236
248
240
225
206
204
200
185
175
174
178
156
139
117
63
51
45
35
28
0
-29
-50
-76
-110
-125
-133
-149
-160
-166
-172
-159
-143
-141
-151
-173
-195
-210
-221
-212
-209
-200
-186
-158
-118
-116
-105
-88
-74
-67
-49
-28
-19
1
22
40
58
62
64
60
41
42
50
60
81
110
127
129
119
101
98
89
70
55
45
49
52
49
50
45
38
47
47
35
25
13
16
-1
-5
7
16
40
59
76
100
96
81
68
40
29
2
-7
-5
-18
-25
-42
-49
-48
-50
-60
-73
-56
-59
-58
-56
-67
-62
-64
-61
-82
-104
-110
-111
-102
-86
-68
-54
-52
-53
-55
-61
-60
-64
-61
-62
-46
-25
-17
8
13
42
77
93
110
113
110
102
106
107
100
86
77
79
77
71
60
34
30
35
23
15
19
-3
-36
-48
-62
-56
-38
-40
-43
-44
-61
-67
-75
-89
-82
-80
-49
-24
-19
3
20
25
37
49
66
80
72
73
67
99
156
171
188
204
209
299
326
320
313
270
213
131
83
21
-51
-91
-98
-94
-124
-96
-165
-239
-299
-459
-480
-656
-654
-707
-896
-1111
-1111
-975
-721
-86
716
492
-1054
-1520
-869
698
381
225
373
-225
-933
-2034
-221
742
-213
-1445
-1616
-897
-1590
-1453
-450
-537
-1054
-2311
-1839
-1672
-2113
-2011
-1479
-2337
-2885
-2111
-2447
-3137
-2857
-1573
-1503
-3929
-5488
-4050
-6274
-7871
-4071
7738
15439
13849
13277
11106
7269
2286
8820
26474
31044
16256
135
7574
26431
32445
23863
13831
10440
6366
2782
3991
6161
-321
-13426
-18657
-12606
-4160
-5410
-13581
-18268
-19897
-20239
-20696
-18539
-13931
-12514
-15178
-14526
-9446
-4553
-5857
-10650
-10053
-4884
1163
3796
4175
1512
-3713
-7670
-5877
-1828
-1197
-4328
-7585
-6472
-6299
-7776
-8890
-7552
-5830
-6858
-8028
-5336
-63
2537
2134
3828
9196
13709
14758
14790
16872
18663
18813
20015
23802
25770
21405
14840
11872
12043
11839
9190
7112
4904
47
-4994
-7272
-5919
-5777
-6713
-8111
-8848
-10357
-12593
-11283
-8450
-4512
-2324
-948
-142
-493
1611
4585
6953
6770
6338
8865
10936
9968
6690
4678
3225
2234
-139
-1145
-2878
-6396
-9258
-12255
-13286
-14732
-16352
-18577
-20715
-20817
-19922
-21834
-24196
-26006
-23141
-16444
-10549
-274
3456
6134
13380
16181
14383
3038
4397
20974
32257
25435
7640
8426
22702
29748
22120
11684
8736
5271
-169
230
6383
3636
-9058
-17590
-15323
-6448
-5505
-9230
-10297
-11791
-14342
-18025
-18469
-12927
-8246
-7084
-7165
-6555
-2593
-1704
-3925
-4142
-1019
4832
8541
9148
7957
3105
-1542
-882
2348
3809
1164
-1108
1127
151
-5145
-8616
-6107
-289
480
-2500
-3784
-1815
-737
-1190
-376
3522
7274
8145
8082
8836
10307
10505
10277
12443
15614
15462
13976
13712
14485
14659
10769
8913
9749
7206
2872
-2239
-2234
-1471
-4930
-8735
-11500
-10238
-9118
-11412
-13136
-14100
-12142
-8599
-7972
-8760
-8594
-6764
-4279
-2710
-2268
212
1551
1306
-85
-1815
-1917
-1672
-1199
-3378
-7292
-10962
-14524
-13543
-7751
1007
7124
5663
1771
-2842
-5638
-9048
-1325
13926
18028
7834
-5158
2683
21777
29648
20718
10689
9639
10164
8774
8064
6818
1623
-7682
-10149
-4603
266
-3212
-12246
-17823
-19979
-18444
-16304
-12661
-9895
-10336
-13923
-14672
-11254
-4314
-1925
-4780
-4817
-923
3777
4293
2163
871
1223
1490
2862
4044
2847
-1209
-3324
-617
1792
2072
930
-193
-384
-2528
-4057
-1680
4519
10619
13738
14679
15619
17861
18414
18163
19540
23272
26166
25575
23209
20503
17639
13798
11434
11669
11686
8824
3557
-2726
-9290
-13591
-16054
-16313
-16148
-17511
-18522
-20092
-22121
-23240
-22942
-19851
-15109
-9789
-5970
-5975
-7394
-6379
-2187
2236
3942
4139
4579
3953
887
-2465
-3598
-1868
-2470
-9580
-14634
-18718
-22960
-23414
-21062
-7352
5159
4097
-2169
-10422
-9391
-5270
6557
21741
22157
11198
1645
9630
26006
32429
24990
15794
13383
14802
15964
14173
11145
5190
-2510
-3695
-1197
2098
349
-7543
-14375
-19104
-19362
-15881
-12219
-10191
-9687
-11820
-12409
-11015
-7980
-6149
-7280
-5639
-341
4190
4581
266
-3218
-3455
-2834
129
3107
2824
-394
-4176
-4339
-2605
-2767
-3078
-2758
-2088
-3515
-6045
-6277
-3283
-98
2481
5276
8627
12015
11966
10282
11114
14415
19232
21434
21057
20885
19092
17611
15312
14251
14972
13319
11611
8196
2761
-2837
-7082
-7543
-6431
-6696
-9734
-13233
-16006
-17892
-18210
-17654
-15326
-12506
-9765
-9563
-10814
-9527
-5396
-768
544
-657
-302
2026
2674
3528
3973
2613
2243
-3505
-8196
-9163
-6635
5684
11795
10875
134
-11797
-12203
-7872
4186
7914
994
-8960
-11325
2300
16181
17757
6963
-173
477
5116
10087
10143
8817
1833
-3987
-1743
4167
9961
7821
390
-6095
-10592
-11104
-8515
-6006
-4321
-4113
-4660
-4494
-5623
-7448
-10235
-12014
-8081
-938
4265
3149
-4203
-11700
-14592
-13444
-8883
-4553
-3593
-5641
-9001
-10141
-9600
-7660
-4531
-1247
227
-153
-512
914
4046
6162
8564
12645
17958
22772
23399
20836
18657
19192
23319
28582
30462
28978
23499
14599
9566
7590
9831
11484
7421
542
-7876
-12749
-13900
-12388
-10248
-12473
-15298
-15386
-13025
-9863
-9990
-11467
-9366
-4964
-1670
550
689
145
-1087
-2616
-1026
1979
3165
2196
-929
-5293
-8011
-10683
-10995
-12869
-14576
-10810
-1369
7059
5720
-5796
-17815
-17962
-7554
8850
13598
3095
-9963
-9801
7126
22352
23743
13785
4766
3699
6200
9870
11914
8427
557
-5444
-4862
1047
6932
5597
-350
-9505
-17238
-18738
-16352
-11138
-7180
-6686
-6426
-6590
-7155
-7957
-11276
-12240
-6559
3572
11809
12623
6934
-713
-6566
-7750
-4479
945
4216
2454
-2326
-6727
-9236
-8856
-6549
-4799
-4490
-4845
-4320
-2815
-990
-208
338
1882
6891
13380
17595
16495
12570
10700
14844
22424
28899
32478
27171
19195
12036
10664
14612
16889
15902
9831
2869
-2749
-4236
-2240
-3520
-9199
-14728
-15653
-12572
-9380
-9509
-10529
-10877
-12332
-11374
-7875
-4181
-2131
-3319
-4627
-4918
-4499
-2629
-266
1049
-423
-5249
-8542
-10791
-9590
-8283
-5237
2011
8651
13737
1967
-14054
-20200
-6756
14487
13679
-3354
-17735
-8750
10725
18976
13296
1290
-3410
-2814
1638
5890
5712
1669
-5947
-8133
-6882
-1962
3044
3466
80
-7696
-13162
-13175
-7972
-2547
328
372
2548
5194
5131
690
-5859
-6760
-302
9477
16127
15461
6873
-4714
-12681
-12612
-7298
-2482
-1232
-2900
-5434
-8867
-12726
-11786
-6798
-1519
-1343
-4829
-5660
-1748
3142
3787
3104
5260
12091
18832
19591
14892
9139
7735
12720
19522
26772
27399
21020
12555
4352
4851
7719
7777
4286
-3580
-8617
-9244
-5044
-2531
-7880
-16476
-21588
-16665
-8814
-5282
-6417
-7269
-6402
-4979
-2391
-32
3396
5366
6586
7184
5783
3744
2930
2397
2936
1287
-2319
-3330
-7748
-12243
-13970
-13492
-904
15760
16784
-1272
-26640
-29239
-1620
22164
13895
-13380
-22508
-3650
19477
22980
8932
-2454
-3840
-227
5322
9015
6240
-2188
-9276
-11607
-7183
-1404
1994
3547
-1752
-10264
-17219
-18202
-10266
-2462
-766
-34
1044
3723
4926
-2101
-9117
-7720
1146
11972
16796
13365
5007
-4520
-9996
-9268
-4632
-223
643
247
-1199
-6426
-11313
-10363
-3230
3575
2229
-3629
-4294
837
4706
3690
1284
5697
14499
19150
16709
10456
6921
8740
11929
17650
23676
22196
15666
3469
-3090
267
6021
9631
4845
-4499
-11852
-10882
-4834
-3257
-8458
-14747
-15485
-11025
-7194
-6889
-6444
-4661
-3961
-2809
-1897
-689
1716
2879
3698
3075
1494
1797
1189
-570
-1869
-4663
-5924
-8386
-11925
-13374
-10753
-6247
4316
17072
11951
-6696
-25939
-17238
15800
32529
15554
-14775
-17604
6500
29205
29257
12060
1222
400
4803
7747
7892
4352
-3023
-8054
-11391
-8421
-4173
-1758
-2408
-9866
-17407
-20086
-15934
-7086
-2397
-4798
-5420
-2002
4420
6794
-205
-7389
-5055
3940
12582
14901
9962
2180
-7138
-13395
-12468
-6685
-1778
-2288
-6454
-10523
-15364
-16821
-12633
-5776
-2139
-5580
-10430
-7763
691
5858
5851
4370
9135
18720
23731
21456
15531
12662
15592
20402
27506
31076
26892
16817
3862
0
2975
7202
8909
4779
-3498
-10956
-11545
-7745
-6223
-10854
-15262
-13777
-9123
-6542
-6111
-4292
-3042
-3416
-1993
1762
4935
3740
336
-267
1188
2568
2607
2392
1465
-445
-3846
-8170
-11275
-15130
-15785
-11882
-6924
6246
15974
7452
-12279
-29694
-16192
16480
30586
12340
-15403
-16298
6188
27878
27020
12267
2737
1638
4733
6008
6224
2348
-2745
-6799
-10874
-9287
-7237
-5827
-7094
-14894
-21439
-22353
-16985
-8077
-4579
-6605
-6869
-4352
1139
3604
-1456
-6075
-2403
6371
15012
16645
10834
2627
-5872
-11131
-9896
-4589
-739
-1041
-4595
-8475
-12594
-14106
-10250
-3536
52
-2273
-6992
-4327
2953
7362
7415
6508
12623
23017
27791
24249
16799
14068
17018
23829
31578
31819
27702
16962
7543
4402
4153
7134
8760
6034
-3429
-11147
-12015
-10074
-10585
-15670
-17710
-13377
-9736
-10040
-11062
-10446
-10617
-9727
-6689
-835
3115
1580
-767
-1675
-2379
-3470
-3645
-2000
2499
1759
-3147
-9632
-17083
-18892
-17107
-11471
-2659
11236
14443
-826
-22387
-31657
-6603
23438
27184
3712
-15959
-6616
16211
30423
21188
7432
3604
7639
14525
14458
8089
-1507
-6346
-6501
-4043
-691
48
-36
-6360
-17065
-24686
-24241
-13906
-4599
-3228
-5961
-6422
-2870
1338
-943
-7060
-6875
1635
12521
18678
16771
8999
614
-6577
-8986
-5373
-359
2387
1160
-2675
-8858
-14765
-15279
-9691
-2535
-1136
-5017
-7820
-4376
164
1195
-274
2168
11630
20902
22371
16114
10765
11208
16016
22328
28269
30056
26297
17240
7596
4474
5818
9669
11075
5862
-2674
-7457
-5326
-4215
-9214
-15720
-16213
-10386
-6472
-7196
-8389
-8440
-10010
-12236
-10195
-5330
-990
-402
-1646
-2030
-3934
-6807
-8926
-7113
-1593
688
-1235
-7527
-14563
-15892
-14333
-7739
3401
17167
16135
-777
-20473
-22554
3438
23145
18471
-3333
-12963
2068
22891
29273
14812
1544
-300
6363
13437
11927
5218
-3301
-6732
-7110
-5399
-3050
-2313
-2046
-7052
-14509
-20868
-20459
-12080
-5457
-3563
-3473
-1828
1551
2853
-2346
-8492
-6652
2523
13111
18150
14430
5573
-3034
-9751
-11779
-8877
-4355
-1074
-1384
-4957
-11763
-17431
-17602
-11323
-3884
-1942
-4891
-5579
-868
3529
3746
1406
4738
15143
24287
24698
18619
14580
15389
22091
25631
24755
24029
21956
20247
12945
3940
697
4085
6992
2755
-3313
-5727
-5727
-8902
-14134
-14847
-11144
-7137
-6419
-5657
-3715
-3973
-5915
-8701
-7743
-4906
-1822
624
635
-1091
-3773
-8003
-11166
-9537
-6591
-2723
-4717
-12933
-17564
-19679
-13868
-5196
10070
16694
5171
-12958
-24906
-3638
21353
25526
4904
-13920
-4270
17696
32632
23140
5635
-2405
687
10961
14821
11371
949
-7031
-8646
-6422
-1167
109
501
-3532
-11520
-19265
-21570
-14191
-5507
-2793
-5552
-6674
-2988
3635
2847
-5103
-8962
-3537
8211
16655
15944
8531
355
-6659
-10286
-9562
-6714
-3531
-2321
-3628
-8941
-15954
-18247
-14431
-7606
-5227
-7274
-8540
-3358
2111
3031
93
-62
8712
18460
22013
17732
13173
14320
18816
23492
23652
22025
21421
19546
16270
9659
4851
5839
8284
6058
118
-1284
871
363
-6411
-12215
-10258
-5477
-3533
-4649
-2769
-299
-1271
-5135
-7058
-5374
-3355
-2040
-1818
-2211
-3202
-5354
-9792
-11827
-11562
-8708
-6158
-11438
-16955
-20704
-17750
-10104
-2405
10624
8992
-2590
-18668
-19713
5176
23448
20838
-2432
-12810
1032
22744
32458
19513
5047
-1557
3846
12249
13747
8879
-2203
-6965
-7977
-5134
-1278
-677
-1235
-7224
-15362
-20396
-17545
-8930
-2447
-3253
-5995
-4295
1780
6729
3252
-4463
-5424
3081
13533
19096
16145
8431
-6
-8156
-11780
-9131
-4429
-2412
-4851
-9266
-13383
-16379
-17035
-14434
-10488
-8260
-8141
-7308
-2471
1568
2132
-600
505
9610
20053
23417
18262
12836
12972
18643
22966
22270
20177
18669
16940
12794
5175
210
1059
3977
2795
-787
-2221
-2231
-4002
-9631
-12188
-9464
-4234
-1262
844
3132
2324
-837
-3559
-1445
2148
3461
2802
2599
2531
491
-4143
-8557
-8838
-6704
-5664
-8142
-13989
-18195
-18413
-18944
-17398
-10434
5401
13367
1546
-20153
-29396
-6787
20487
25779
4992
-12761
-4346
17816
32563
23812
7404
-898
2945
12184
14862
9715
524
-5045
-6614
-6100
-4349
-2660
-583
-3475
-12218
-20814
-22251
-13693
-4164
-1392
-4851
-6788
-2623
3199
3122
-3332
-5756
728
11616
18638
16750
9183
121
-6816
-9514
-7210
-3318
-1496
-2129
-4647
-9206
-14588
-17812
-14789
-7497
-3751
-5747
-8545
-5148
1018
3353
-205
-874
7305
18393
21468
16189
10908
12012
16850
19420
19747
19222
20100
16491
9515
3242
976
4845
7507
5058
-219
-2284
-202
-363
-4195
-8724
-8432
-3718
529
3045
3388
1177
-2806
-4052
-2420
-527
-238
-557
924
870
-4616
-10694
-13288
-10006
-6310
-7129
-10770
-15802
-18505
-18279
-17438
-18222
-13429
-1597
14416
14324
-5315
-24290
-18148
12281
30774
20497
-4098
-9037
9806
29355
29890
13569
595
-245
6611
11048
7825
1995
-3382
-5826
-7970
-9238
-6864
-2625
399
-4652
-15291
-22362
-18430
-6474
1903
1293
-3766
-3130
3076
6589
2339
-3740
-1976
7191
15841
16919
11157
2119
-5688
-10642
-10676
-6854
-3456
-2097
-3660
-7448
-13311
-18251
-17163
-9705
-3196
-3841
-8326
-8459
-1671
4000
2993
-243
3319
12943
19431
18142
13464
11367
12641
15328
16996
21356
22758
17804
8806
1098
681
4784
8694
7526
2053
-3612
-5587
-3029
-900
-3510
-7591
-8651
-3847
2375
5081
2506
-2533
-4927
-4407
-1618
190
1623
3038
2757
-1751
-8967
-11428
-6882
-1157
-1381
-8288
-14784
-15989
-13347
-12332
-14795
-18360
-17217
-3493
14688
19209
158
-24865
-26499
1521
28690
26329
3167
-10594
936
21426
28357
19056
6482
1094
2256
5171
6966
6252
2940
-3348
-10132
-13140
-8788
68
5747
1199
-12160
-22832
-20617
-6270
6463
7828
216
-5066
-2605
2491
1835
-2788
-2440
3649
10924
12404
6842
-1797
-9153
-13112
-12114
-7227
-3171
-1349
-2277
-6258
-12323
-17809
-16227
-7734
66
-187
-5848
-7593
-1636
5132
5091
1396
2799
11565
20635
20679
12873
5621
6061
14867
23065
26142
20764
12089
6447
4009
5334
7365
10647
11501
6283
-2266
-6315
-1178
3984
1917
-6105
-8965
-2214
4606
4193
-3020
-8263
-8400
-5986
-4079
-3379
-1989
-1099
-4164
-10957
-15969
-13529
-5185
-106
-4241
-12313
-16148
-14139
-10733
-12069
-13907
-14732
-12649
-6446
4696
18539
18000
1115
-18677
-18062
5920
28687
29282
7438
-9138
-4434
14331
26067
18739
3881
-6140
-4151
4150
8875
5487
-3821
-10258
-11269
-7437
-2449
1277
2865
-1595
-10479
-17368
-13998
-1183
9857
9551
583
-6251
-4501
2681
5166
1708
-980
1562
6695
7475
1220
-7697
-12219
-10821
-6279
-2987
-3445
-5880
-7473
-8136
-9411
-10923
-9529
-3979
343
-647
-5079
-5607
22
5427
5241
2680
5830
13215
16557
10690
3203
3655
13667
22697
22574
15897
7977
6431
7021
8364
8692
8859
9701
6923
2313
-2251
-1843
1630
2031
-1451
-5023
-3984
-327
422
-3825
-9475
-10623
-7765
-3996
-2351
-3411
-5364
-8610
-11060
-11443
-8109
-3045
-1427
-4123
-8256
-9347
-8104
-7237
-7599
-8124
-6053
-3664
-3190
-1375
6992
15748
13239
-2081
-17667
-10043
15201
30489
19343
-5674
-15139
-888
19615
22664
7955
-6825
-9547
-306
7597
5170
-4190
-10376
-8076
-3172
-747
-1278
517
2997
346
-7568
-12598
-6532
6368
13096
7797
-1985
-6607
-1374
5035
3851
-2276
-5322
-2049
2745
1681
-6633
-13583
-14071
-9327
-5119
-6054
-9473
-10092
-6647
-4051
-5835
-9136
-7284
-1024
2716
434
-3036
-657
5657
9481
7945
5427
6585
10467
11979
9838
8542
10631
17698
20278
15738
8153
4295
9190
13444
12596
7548
5842
7509
7547
3729
-1137
-296
2740
2557
-1643
-5750
-5254
-3211
-3243
-6469
-9236
-8327
-6707
-6360
-7355
-8696
-9917
-11718
-11849
-9137
-4987
-3077
-4675
-7660
-8616
-7805
-7391
-5878
-4559
-2541
-1612
-2173
-4108
-2282
8722
18284
16959
206
-15406
-7241
15833
28686
14753
-8643
-14230
1983
19624
17487
2559
-8065
-6238
761
2013
-1646
-5125
-3874
-2435
-4051
-4572
-1280
4559
5667
-481
-8247
-9467
-2171
7237
10124
5365
-2023
-5059
-898
2970
553
-5517
-7618
-3973
772
-594
-7679
-12764
-13484
-11109
-8783
-8504
-8758
-6985
-4304
-3044
-5677
-9722
-8606
-2720
3021
3222
149
1016
6514
10319
7342
2094
2940
11585
19198
18418
12144
10715
16030
19405
16747
10144
10406
15871
17545
12331
4802
3595
7216
10326
7096
1127
-1726
-1531
-843
-4041
-9568
-10917
-7476
-3368
-4557
-9947
-14033
-13824
-10966
-9064
-8627
-9246
-9182
-8234
-6367
-4783
-4136
-4892
-5353
-5231
-4836
-3991
-2501
-777
-862
-3141
-7231
-8006
-231
14869
22450
12124
-10651
-23172
-7825
17652
26410
8760
-13746
-15729
1317
17723
16072
2793
-7721
-7936
-360
5349
5904
1873
-1462
-2440
-1770
1269
5069
9389
9486
2774
-6482
-10970
-4899
6096
11223
6187
-4064
-9592
-7052
-3220
-4853
-8912
-9203
-4237
925
-791
-8603
-15173
-15427
-10717
-5543
-4503
-4938
-3105
-560
-1293
-6947
-10944
-6544
3141
8420
5684
356
-64
3448
4190
860
520
7912
17923
20154
12431
3926
5172
15519
22797
21345
14413
12192
15258
15355
9861
4111
6504
13499
15816
8652
-1322
-4783
-3690
-4098
-8745
-12637
-9790
-3408
-1694
-8777
-17841
-20798
-16063
-8869
-5758
-6134
-7920
-8814
-8675
-7890
-6252
-4504
-2642
-1278
-589
-826
-1816
-2254
-2090
-4324
-5354
-4103
-1053
4156
9636
13233
8034
-6461
-20363
-13663
10312
25522
15276
-11164
-21758
-6804
15960
22114
8816
-4890
-6675
2541
9858
8692
3066
325
3099
5662
6211
5624
6593
7600
3128
-5086
-11077
-6772
4615
10830
4655
-9822
-18539
-14299
-4602
-2675
-7820
-11233
-7672
-2014
-4162
-12578
-17546
-14036
-5705
-542
-1963
-5774
-6904
-4546
-3008
-4594
-7015
-4148
3636
8584
5026
-3887
-7970
-3002
5365
9036
8315
9044
12869
14345
9944
4982
7923
20266
29300
26841
15532
7828
11054
16025
15673
10328
9210
13549
15658
9101
-2784
-8945
-8090
-4996
-4540
-6001
-5634
-4905
-7824
-15456
-21903
-20839
-12784
-3787
-900
-4766
-10603
-13058
-10295
-5903
-2684
-1872
-410
1998
2609
551
-4598
-7256
-7022
-3556
-334
967
737
-3981
-5746
200
7496
7778
-4487
-16528
-9455
10271
19247
4891
-14660
-16208
3466
22500
20909
6467
-3761
-1608
5683
9508
8572
6795
8891
10190
6772
407
-2784
2047
7877
6277
-3506
-12199
-9234
103
2269
-6580
-17513
-18505
-7919
514
-3492
-12393
-14665
-8993
-4267
-7427
-12568
-9685
-1467
1419
-4284
-12604
-13436
-5404
2226
2887
-2693
-6353
-3307
2038
1919
-3478
-6370
-1314
7692
11770
8572
4672
6706
12525
15154
12963
12479
18337
27176
27883
18984
10512
10747
17951
21112
16593
11576
11299
10950
5044
-4773
-9358
-5354
-908
-2780
-8655
-11465
-9963
-9811
-15189
-21144
-19536
-9580
-250
-242
-8083
-15406
-15209
-8968
-3161
-192
1491
3120
2669
-1476
-6255
-6398
-1689
2857
3146
-1405
-3884
-3659
-6133
-10601
-15202
-7836
11627
20698
7869
-19118
-29786
-8946
19406
24981
4102
-13088
-7792
12978
24759
16974
4774
-940
4127
12149
16484
15491
9563
2903
-3209
-5091
-1926
5087
10923
7505
-5023
-18172
-20620
-11718
-1691
-1317
-9114
-14667
-13010
-6833
-5543
-11187
-15598
-13024
-6527
-1705
-1602
-4201
-5605
-7791
-10508
-9951
-5775
878
4671
1786
-3985
-8394
-7522
-1630
3431
3925
1086
-1308
1100
6233
9712
10505
11107
13707
16603
17462
17513
19577
22175
23753
20614
17147
16486
17476
18738
15653
10779
6218
4401
2898
118
-3650
-7331
-7922
-8412
-8807
-9830
-12191
-14703
-17754
-17699
-13823
-8506
-5439
-7503
-11574
-14095
-12052
-6511
-290
3848
2935
-1667
-6113
-5574
-276
5341
6595
2634
-2816
-4219
-3906
-5250
-7226
-10932
-10547
-6347
-4697
997
9239
9560
-12
-16910
-18094
3995
26985
26216
1929
-15905
-9002
16162
31700
26298
11611
2200
5763
12402
14394
9343
3290
1876
1043
-995
-4059
-3678
-646
-2990
-12359
-21624
-20499
-9164
-94
-4356
-16885
-23409
-17984
-6350
-2579
-9090
-13682
-11578
-6783
-5101
-8167
-8841
-3187
916
-809
-5679
-8984
-4731
2706
5938
2955
-3557
-5509
329
7277
8004
2619
-831
4992
14586
17953
14233
11195
14844
21510
22391
18555
17601
21176
25016
21395
13785
10750
13566
16845
12436
2373
-3710
-1755
2802
2217
-4967
-11400
-12014
-10480
-9552
-10475
-11700
-11883
-13522
-14714
-13559
-11029
-8961
-9463
-10403
-8941
-5148
-1743
-1004
-2821
-4286
-3062
-285
2782
3418
2385
545
-2233
-4734
-7930
-8744
-8026
-5771
-4966
-7272
-9230
-10564
-8200
95
10906
13589
3838
-13721
-17565
1699
23146
25257
5653
-9006
-1362
19917
32556
24875
9309
946
5135
13153
14523
8742
2839
1785
1087
-2191
-6309
-7204
-3642
-2859
-8282
-15953
-17659
-11111
-5132
-6952
-14578
-19435
-15135
-5602
-2430
-8288
-15681
-17816
-12435
-4740
-1358
-1969
-3357
-4446
-3703
-2673
-2789
-1529
1405
4509
4892
2129
1341
5441
9547
8091
2420
1174
9315
19653
22436
16141
9232
9555
14697
17227
15572
12956
14239
16986
14881
8510
2208
1240
3944
5260
3385
796
-181
-717
-3920
-10249
-13349
-9588
-1995
1768
-3710
-12417
-15814
-13254
-9820
-9535
-9529
-5870
-1459
-1285
-5774
-9273
-7258
-1616
1986
2205
1606
2174
3804
2696
-607
-3418
-3687
-1137
194
-893
-3478
-5076
-6042
-6466
-6869
-7721
-5966
-5711
-649
8401
10419
2898
-13687
-17477
420
22852
28609
12216
-4454
-4539
12319
26576
26278
16432
5490
3607
7004
10157
7268
-580
-5507
-7326
-6660
-7545
-8984
-7160
-5751
-9314
-18380
-24430
-20327
-9991
-4840
-10378
-18850
-20648
-13449
-7363
-8929
-12985
-12660
-6624
-34
2067
201
-979
-784
1770
5231
6258
6513
7422
9179
10448
7755
4287
6145
12082
15986
12788
6376
6040
13064
18174
15065
7780
5810
11362
15786
12788
5878
3747
8256
11945
9844
4008
31
14
208
-436
-167
2079
3760
1621
-3873
-8617
-9296
-7648
-6319
-6733
-8004
-8867
-10238
-11214
-10936
-9314
-7057
-5650
-4330
-2860
-1618
-1694
-2054
-1965
-1343
570
3958
7217
7088
2196
-3639
-5551
-3770
-1727
-2922
-4276
-3734
-4782
-8701
-14247
-15398
-9945
-5624
-7246
-9377
895
15152
17603
361
-18780
-11311
13798
32132
24384
3684
-3715
7851
23636
23057
10912
1390
2084
8234
8824
3005
-4402
-6533
-6324
-9520
-14223
-14507
-6380
1179
-2890
-17800
-29653
-25599
-11284
-2012
-5084
-12492
-13028
-5788
-1828
-7224
-13108
-10365
520
10175
11780
8032
5199
3650
1757
1929
4872
9312
12142
11163
8431
5477
3216
3367
6186
9162
9038
5914
3725
4398
5631
4781
2731
3817
8235
11567
9916
5572
2952
3456
4870
5415
6319
8050
9101
6882
2912
-613
-1476
250
1811
466
-3637
-6796
-6688
-4806
-6201
-11013
-14137
-11528
-5478
-2087
-3693
-7219
-8107
-5393
-2000
-407
-477
14
1947
2971
2076
-784
-2716
-2344
-1371
-1136
-2348
-4437
-6663
-8317
-9436
-9947
-9195
-8157
-6345
-5242
-7010
-7938
-8695
-7571
-6068
1224
12911
18737
12866
-3450
-7040
6308
22357
23331
9195
-20
4560
17206
21046
13947
4037
-2005
-889
1232
2496
114
-4532
-8378
-11891
-12689
-10799
-5562
-398
-912
-8536
-17776
-19119
-12036
-3317
3
-1697
-3298
-2396
-1792
-4284
-5203
-1415
4795
7917
6067
3546
4006
5252
3592
1347
1267
3591
5936
5874
4628
2107
-2255
-5676
-4087
2405
7867
6018
-640
-4343
-1568
4082
6744
6194
6306
7617
8342
7381
5749
5964
6727
6791
6190
6294
7382
7936
6202
2270
-1601
-3447
-1404
1828
3291
1006
-4652
-9256
-9382
-5397
-1289
-1011
-4058
-5727
-4194
-1349
-670
-1456
-1235
-822
-1601
-3027
-2772
-598
242
-2515
-6285
-7483
-5458
-2628
-1794
-3441
-5940
-7696
-7177
-6293
-5856
-5831
-6424
-5565
-5070
-5365
-5019
-4404
-3563
-2813
-3298
3710
12957
15847
6656
-10266
-11651
3839
23008
23617
7308
-6043
-3658
10687
16966
12046
2130
-2115
1030
3583
3610
-1031
-4124
-4354
-4032
-3830
-4639
-2407
672
375
-5504
-12282
-12492
-5836
1349
1456
-3113
-6965
-6353
-3236
-3268
-4813
-3746
37
2387
1343
-1529
-1261
1353
1089
-1819
-4766
-4149
142
3529
3826
1604
-1200
-1097
1813
4430
4763
2930
2865
5877
9458
10648
9639
8308
7731
7235
7391
9121
10650
10398
7680
5522
5657
7444
8406
7890
5699
2708
1718
2719
5272
4068
-1490
-6761
-6555
-1488
1803
-1417
-8406
-12349
-11583
-7185
-4055
-3264
-4122
-6046
-8377
-10272
-9892
-6515
-1392
842
-1568
-6668
-9432
-7896
-4357
-2571
-3333
-4909
-4734
-3595
-4075
-6170
-7751
-7002
-4510
-4626
-6696
-6757
-5064
-2164
-3877
-7139
-6950
-3753
2019
8607
9567
7368
1575
-1946
5301
14243
19110
14864
8398
6354
10384
15661
15825
13572
8847
6729
6058
5261
4936
3012
3094
1228
-1350
-2703
-2807
-1628
-3822
-8264
-12932
-13678
-11392
-9729
-10167
-12259
-13125
-13282
-12418
-11677
-11278
-9121
-6685
-4925
-3104
-1686
-1060
-212
-237
153
2904
5161
6536
6011
4066
3848
5086
7039
8347
8019
7392
7970
8902
9159
8412
7469
8194
9288
9642
9817
9327
9784
9984
9296
9010
8737
9134
9662
8966
6133
3536
2843
4355
4488
-138
-5724
-8480
-6054
-3034
-4481
-8768
-11935
-11077
-8336
-7936
-10127
-11047
-9430
-6191
-5591
-8226
-10287
-9596
-6883
-5372
-6583
-8814
-8659
-6813
-4954
-5449
-7147
-6957
-5036
-3470
-3945
-5424
-5566
-3881
-4287
-5736
-5830
-2994
1387
3165
88
-3111
-2811
790
5141
6469
4854
7553
14181
17372
14550
5346
4518
13917
23510
22981
13165
7758
10734
18022
19029
13907
8452
5399
4365
2154
884
-829
-3218
-6918
-11902
-14570
-15347
-14783
-14819
-16867
-18094
-18449
-17624
-16219
-16289
-16806
-15381
-12586
-9936
-7140
-6164
-5223
-3673
-2899
-1401
1638
5591
8276
7440
4444
3963
6676
9254
9062
6411
5664
7356
9276
9896
9184
8774
9090
9788
10630
11904
12371
12307
10945
8540
7838
9675
12409
14039
11674
7749
5127
3903
5100
6119
6233
3964
11
-2804
-3174
-2871
-4154
-6351
-7903
-7259
-7048
-8586
-10953
-13231
-13514
-13520
-13652
-12603
-11545
-10404
-11140
-13406
-14420
-12544
-8879
-5611
-4787
-5901
-6158
-5912
-4728
-3171
-2314
-1764
-1486
-1960
-1664
-717
380
1709
2127
2136
2591
3605
4620
4492
3137
2964
4030
5725
6863
6948
7169
8039
7633
7156
9129
12651
17003
16287
11973
7584
7396
10178
11322
10051
4819
315
-1548
-305
1590
-611
-6329
-12743
-14013
-11446
-9552
-9831
-12752
-13804
-14145
-14292
-14498
-13544
-10008
-7650
-8145
-10919
-11391
-8183
-4182
-2710
-3952
-3123
569
3981
4040
947
-485
2503
7542
10012
9129
7781
8336
10046
9322
7258
7088
9892
12376
11575
9176
8553
10357
10614
7986
5367
6481
10278
12635
10575
6538
4038
4778
7312
8200
6834
3779
1554
180
-1728
-4491
-6129
-4581
-2421
-3429
-7968
-12078
-11855
-9348
-9250
-12322
-14082
-11582
-8119
-7852
-10939
-12625
-10621
-7215
-5971
-6364
-5509
-3100
-1605
-3563
-6494
-7352
-4535
-377
1288
80
-2140
-2635
-457
2129
3100
2835
3366
4670
6168
6101
5228
5930
6646
7646
6186
5124
6831
8003
8551
4352
217
613
2449
5854
6126
3057
357
-2255
-3604
-4182
-4619
-3307
1154
2592
-658
-6359
-11023
-8460
-4264
-1811
-2089
-4444
-5314
-5035
-4222
-3642
-3483
-2649
-712
1020
1412
1147
286
101
-626
-1320
379
2912
5249
4880
2188
-68
-842
-216
1573
3100
4116
5381
4802
2802
284
-1961
-652
2331
4001
4692
3957
2806
2884
2594
3381
5640
6961
7515
6931
6563
7168
7003
5297
3534
2913
3790
3426
799
-2402
-4849
-5394
-5842
-6225
-5679
-4068
-3617
-6012
-10024
-12385
-9681
-4644
-1431
-2039
-5842
-7717
-6190
-3476
-1313
-1371
-1031
578
1429
1200
22
112
1108
938
-1020
-2293
-896
1830
3330
1654
44
381
1720
1461
-471
-516
3119
7248
7563
4058
65
434
3410
5888
6617
5328
4385
3936
2389
370
-1073
-752
1299
2119
1048
-1632
-3331
-4122
-4677
-5648
-6572
-6804
-7027
-7529
-8471
-9614
-10773
-11099
-11536
-9769
-7922
-5499
-3724
-3819
-4896
-5657
-3463
-675
2786
3758
5018
6818
7196
6727
4978
6790
10441
12472
11670
9389
9454
10488
9283
5256
3016
5228
8614
9207
4911
460
-1155
31
1357
338
-1051
-2147
-1963
-1210
-1283
-2570
-4229
-5391
-5167
-2921
-1004
-742
-2089
-3619
-3238
-2040
-1254
-981
-991
-1198
-1956
-3001
-2918
-1345
81
857
-241
-2851
-4666
-4601
-2131
117
-802
-3177
-3732
-1220
2067
2635
495
-1439
-904
2250
5470
6633
6232
4774
3867
3174
3000
4008
6020
7029
5303
2873
1696
3389
4803
3923
1457
-235
199
888
866
-66
-645
-1120
-1960
-3446
-3937
-2251
-168
115
-2224
-5319
-5883
-4164
-2783
-2575
-3808
-4250
-4002
-4076
-5052
-6572
-6618
-5114
-3282
-3245
-5165
-6913
-6758
-4804
-4615
-4930
-3853
-2073
246
-2363
-6204
-6964
-4168
-844
-768
-1693
-1577
1174
1216
-725
-2188
-1025
4272
7384
8337
6335
3884
4567
5459
7664
8861
9887
12283
13833
13671
10972
9040
8946
10740
11591
10244
8208
5116
3144
730
-1855
-3298
-3895
-3188
-3735
-6378
-9776
-11546
-11588
-9737
-7521
-7071
-6571
-7258
-7337
-6039
-5300
-5267
-4910
-2471
811
2758
2015
334
-902
-887
223
1927
4295
4982
3707
1044
-1376
-1400
-281
616
479
-810
-1497
-794
103
311
27
36
1826
3788
5801
6956
6200
4983
3404
3924
6050
8533
9471
8051
5764
3915
3663
4451
5537
4967
3168
1183
-10
-81
-536
-2652
-5311
-6934
-7490
-7305
-7934
-8731
-9346
-10206
-11792
-12600
-11020
-7569
-4075
-2713
-3081
-3678
-3964
-4035
-2403
116
3269
4788
3389
1253
-138
699
1807
1344
-272
-1139
12
1578
591
-2682
-5150
-5407
-3684
-3262
-4620
-4664
-4263
-2687
-3488
-5492
-5194
-3071
1657
3789
3451
2044
2255
4745
6952
8441
7605
8875
10539
11159
9898
6951
7469
8464
9276
7495
4752
5374
5670
4759
1161
-2609
-3039
-1459
529
-381
-2824
-5498
-6397
-5714
-5922
-5914
-5992
-4679
-3657
-4327
-5014
-4931
-2862
-1083
-1037
-2028
-1862
190
2060
2050
-221
-692
1370
3494
3766
1910
1845
4130
5135
3469
686
-41
2030
3492
2860
928
-414
30
210
-637
-1244
-480
1948
3559
2547
-79
-995
1133
4673
6542
5487
3350
1191
1353
2253
2781
2732
1461
429
-670
-1489
-2233
-3253
-4503
-5576
-6065
-5713
-4711
-3986
-4239
-4933
-5838
-6263
-5521
-4159
-2328
-1259
-1230
-2109
-3251
-3519
-2415
-933
262
359
-727
-1639
-2104
-1706
-1045
-569
-86
190
403
147
-1291
-2998
-3255
-1298
926
801
-1729
-3533
-3417
-1868
-1204
-2192
-2924
-2857
-2216
-2066
-1334
-163
1667
2583
2195
2359
2844
4417
4798
3788
3289
4727
7565
8077
6539
3284
1621
2658
4111
4506
2473
1052
580
1161
760
-1329
-1895
-828
971
1477
792
-1
13
253
-80
785
2713
4354
4576
4020
3915
3885
4595
4865
4134
3684
3459
3434
3448
3077
1898
941
147
-310
-522
-695
-693
-1678
-2609
-3356
-4142
-4773
-5635
-5735
-4966
-4321
-3893
-3328
-2992
-2716
-2619
-2889
-2607
-1584
-308
312
-76
-1066
-1843
-1600
-1477
-1504
-1379
-952
-223
-450
-1069
-1674
-1274
-186
688
704
-564
-1728
-1868
-507
6
-667
-1543
-1705
-691
-191
-372
-958
-698
-210
-374
-466
227
1520
1758
317
-1272
-1310
40
1444
1714
1615
1483
486
-1098
-1486
205
2580
2488
-10
-2073
-2107
-336
173
-932
-2247
-2872
-2294
-1643
-1623
-1579
-1533
-1655
-2038
-2749
-2067
-954
-147
-325
-1921
-2359
-1774
-766
-657
-1467
-1898
-1231
1033
2065
1469
260
354
2352
2472
1192
179
2337
6425
7267
4871
1778
1752
3986
6056
6219
5473
5720
5901
5660
4551
4330
5400
6780
6900
4914
3214
3258
4527
4709
3816
2764
2555
2494
1927
1013
139
132
-20
-517
-1484
-2534
-2731
-2383
-2161
-3525
-5380
-5870
-5041
-3517
-3643
-4783
-6120
-6741
-6479
-5591
-4284
-3796
-4050
-5187
-5554
-5208
-4697
-4128
-4257
-4023
-3591
-2927
-2442
-2409
-2452
-2402
-2097
-1695
-1215
-682
67
557
459
-259
-859
-262
956
2244
2833
2357
1925
1799
2212
2858
2966
3064
3705
4622
4762
3172
791
-33
1434
3653
4112
1968
-696
-1793
-1069
23
-149
-738
-682
-327
-526
-1776
-3058
-3074
-2007
-915
-177
-290
-959
-2038
-3153
-3290
-2222
-411
532
6
-1240
-1475
-8
1282
1641
1200
1512
2838
3140
2337
859
788
2334
3331
3130
1385
180
253
466
495
-216
90
1129
741
-602
-2504
-2265
-453
979
1151
-188
-687
-527
744
2118
2753
2856
2380
2334
2940
4274
5463
5697
4561
3170
2760
3170
3835
3588
2915
2493
1544
312
-527
-325
248
-529
-2546
-3723
-2851
-1356
-1287
-3015
-4334
-4278
-2884
-1847
-1609
-1496
-1898
-1998
-2351
-2102
-682
1171
2154
1367
-285
-1260
-355
865
1621
1325
502
-47
-704
-1368
-2106
-2539
-2840
-2938
-3201
-3882
-4422
-4654
-5020
-5829
-6633
-6187
-4262
-2957
-3388
-4957
-5344
-3936
-2547
-2212
-2195
-1139
231
776
373
550
1495
2236
1766
855
1267
2458
3023
2341
1383
1353
1982
1327
-20
-321
1474
3720
3501
1035
-780
358
3095
4843
4117
3131
3678
5046
5773
4837
3747
4289
5713
6395
5663
4053
3430
3803
3854
2755
1008
227
1040
1940
1049
-1537
-4015
-4243
-3082
-2332
-2571
-3337
-3275
-3271
-3747
-4298
-4061
-2760
-1956
-2104
-2917
-3132
-2806
-2470
-2128
-1622
-615
-267
-936
-1926
-2191
-1200
-33
611
828
839
944
849
856
1271
1775
2087
1888
1603
1644
2063
2538
2898
2907
2498
2308
2240
2763
3430
3666
3801
3634
3588
3161
2216
1521
1737
2784
3361
2400
619
-600
-1024
-1229
-1648
-1668
-839
-421
-1691
-3798
-5058
-4353
-3009
-3126
-4203
-4870
-4234
-3368
-4240
-6123
-7253
-6451
-4492
-3439
-3510
-4250
-4961
-5395
-5656
-5242
-4279
-3189
-2505
-2469
-2748
-3048
-3015
-2458
-1491
-313
1048
2177
2508
1731
697
952
2639
4550
5045
4542
4342
4736
4720
3673
2720
3158
4852
5786
5549
4566
3944
3723
2872
2537
3459
5871
7702
6795
3816
1231
1224
2939
4280
3715
2200
876
-27
-641
-1450
-1754
-1873
-2346
-3254
-4095
-3863
-2976
-2679
-3774
-5311
-5606
-3949
-1679
-1098
-2329
-4100
-4383
-2866
-1220
-207
-162
-98
143
30
-257
-166
1186
2941
3767
2894
1439
1131
1964
2945
2841
2283
2119
2236
2010
885
-135
-395
83
509
348
-141
-804
-1276
-1600
-1443
-859
-160
286
252
252
427
740
890
1083
1541
2095
2277
1659
976
629
880
1038
518
-162
-926
-1195
-1704
-2613
-3357
-3675
-3150
-3049
-3519
-4376
-4710
-4226
-3925
-3833
-4026
-3265
-2121
-1628
-2034
-2677
-1638
151
1167
435
-857
-443
1220
2432
1802
362
-70
805
1789
1484
372
-603
-620
-205
-176
-340
-742
-743
-725
-771
-654
-469
-28
109
107
-46
265
1138
2159
2835
2500
1990
1514
1650
2175
2713
3255
3154
2572
1669
1058
852
795
840
1015
1033
431
-708
-1552
-1324
-596
-194
-575
-876
-423
393
845
454
69
356
1377
2481
3165
3569
3684
3413
2585
1899
2148
3313
4427
4085
2543
837
-46
6
30
-204
-517
-565
-617
-1372
-2696
-3667
-3493
-2509
-1579
-1247
-1265
-1378
-1764
-2131
-2034
-1283
-214
353
494
492
396
378
115
-230
-608
-927
-639
-117
15
-673
-1914
-2781
-2900
-2612
-2378
-2459
-2862
-3274
-3439
-3403
-3290
-3358
-3272
-2545
-1686
-1057
-1167
-1613
-1400
-641
446
980
954
1081
1737
2608
2751
2132
1260
1216
1688
1994
1751
887
439
287
249
-111
-616
-636
-378
-442
-1254
-1748
-1292
-93
539
98
-211
160
1016
1242
801
670
1301
2314
2815
2674
2198
1920
1953
2089
2141
1913
1751
1604
1000
-327
-1873
-2306
-1178
196
143
-1419
-3070
-3401
-2593
-1872
-1508
-1277
-756
15
385
516
591
646
1034
1773
2852
4001
4327
3642
2584
1862
2146
3029
3551
3494
2781
1946
1494
1062
538
-133
-714
-595
-151
-96
-555
-1394
-1854
-1731
-1729
-1862
-1960
-1801
-1334
-1293
-1695
-1908
-1686
-1010
-435
-422
-620
-797
-797
-350
156
411
245
-324
-419
65
499
421
-443
-1276
-1420
-1095
-630
-622
-1298
-2221
-2677
-2066
-749
8
-459
-1375
-1538
-585
331
250
-287
-318
551
1481
1653
1348
894
292
-601
-1277
-984
8
702
51
-1354
-2347
-2484
-2192
-2286
-2438
-2365
-1863
-1443
-1474
-1597
-1406
-721
-384
-223
17
803
1917
2108
1420
619
1082
2291
2832
2245
1334
1327
1643
1346
-9
-826
-14
1146
1274
49
-922
-989
-766
-929
-1088
-142
1324
1855
886
11
401
1527
2247
2136
2301
3237
4240
4000
2547
1347
1559
2865
3857
3625
2351
1450
1444
1536
832
-428
-908
-217
762
783
-151
-996
-1220
-1444
-2023
-2123
-1290
-88
264
-449
-1259
-1560
-1441
-1408
-1344
-872
-173
118
-78
-403
-788
-1252
-1840
-1886
-1135
-53
688
511
-341
-1427
-2128
-1904
-654
787
1371
750
-499
-1338
-1565
-1317
-803
-91
551
404
-795
-2337
-3057
-2527
-1492
-999
-1145
-1355
-1346
-1421
-1966
-2640
-2659
-1827
-659
66
11
-652
-1420
-1675
-1242
-408
327
778
848
436
-340
-1081
-946
214
1311
1108
-200
-1125
-698
270
313
-636
-1311
-615
808
1296
397
-672
-658
604
1966
2469
2453
2618
3182
3445
3061
2790
3471
4862
5819
5564
4482
3751
3575
3411
3058
2808
3062
3148
2334
786
-678
-1172
-997
-955
-1395
-1953
-2180
-2187
-2431
-3088
-3602
-3551
-2813
-1874
-1299
-1020
-1109
-1478
-1904
-1913
-1078
28
533
253
-151
-111
126
-195
-924
-1027
-310
595
742
157
-342
-748
-1364
-1939
-1725
-455
807
590
-829
-1844
-1553
-420
157
-28
33
784
1783
2001
1338
956
1491
2389
2668
2155
1829
2337
2722
1905
165
-1001
-509
559
580
-704
-2192
-2793
-2765
-2868
-3192
-3069
-2360
-1692
-1854
-2827
-3508
-3182
-1940
-733
-414
-785
-1112
-858
-319
-114
-396
-756
-807
-622
-359
-136
-83
-541
-1629
-2643
-2770
-1895
-883
-604
-1052
-1768
-2355
-2539
-1920
-469
992
1481
1075
863
1604
2827
3624
4045
4754
5764
6390
6278
5994
6128
6422
6321
5944
5816
5846
5294
3923
2549
1987
2033
1803
926
-85
-741
-1154
-1689
-2339
-2746
-2740
-2488
-2258
-2244
-2545
-3056
-3353
-3006
-2147
-1483
-1557
-2075
-2289
-1943
-1509
-1497
-1844
-2092
-2068
-1933
-1809
-1731
-1837
-2283
-2905
-3211
-2887
-2330
-2082
-2221
-2424
-2440
-2284
-1986
-1473
-866
-486
-200
405
1351
2068
1998
1610
1901
3077
4277
4645
4273
3887
3875
3853
3595
3297
3101
2986
2630
1970
1257
542
-231
-959
-1505
-1792
-1910
-2209
-2675
-3088
-3426
-3562
-3498
-3213
-2673
-2198
-2034
-2038
-1970
-1647
-1035
-460
-35
227
183
35
5
258
772
1100
877
269
-360
-583
-307
-7
14
-239
-544
-685
-857
-1197
-1311
-853
-4
510
193
-331
-104
922
1870
1997
1777
2259
3412
4095
3607
2766
2999
4394
5446
5029
3758
3062
3281
3367
2711
2024
2202
2721
2094
75
-1817
-2047
-1047
-590
-1494
-2758
-3153
-2850
-2908
-3614
-4007
-3412
-2356
-1840
-2094
-2335
-2038
-1467
-1137
-1062
-809
-216
321
319
-151
-654
-823
-679
-539
-610
-820
-1011
-1228
-1682
-2322
-2561
-1950
-962
-591
-1112
-1594
-1085
36
539
104
-146
773
2224
2755
2046
1294
1460
2117
2306
1973
1878
2172
2134
1291
239
-123
201
378
-174
-1112
-1763
-1908
-1876
-2061
-2489
-2932
-3131
-3012
-2728
-2477
-2291
-2072
-1806
-1563
-1295
-718
278
1328
1901
1956
1974
2304
2793
3136
3407
3841
4199
4003
3206
2401
2164
2345
2387
2101
1752
1441
990
263
-476
-832
-793
-574
-370
-241
-360
-894
-1609
-1911
-1473
-646
-28
197
323
467
285
-415
-1089
-839
466
1751
1798
540
-916
-1527
-1366
-1129
-1068
-878
-515
-518
-1250
-2161
-2384
-1850
-1342
-1298
-1171
-332
754
859
-308
-1521
-1351
197
1717
2042
1373
725
597
623
411
182
481
1325
1948
1652
679
-37
101
647
760
421
391
1012
1571
1140
-86
-873
-506
409
861
634
297
150
-68
-507
-836
-775
-636
-847
-1208
-1180
-814
-880
-1861
-3160
-3620
-2918
-1942
-1773
-2551
-3498
-3933
-3910
-3756
-3424
-2814
-2226
-2258
-2985
-3524
-2944
-1430
-216
-109
-529
-398
439
1154
1291
1486
2433
3672
4023
3288
2688
3296
4571
5106
4486
3714
3812
4569
4902
4258
3286
2943
3366
3878
3792
3106
2439
2241
2332
2260
1893
1634
1658
1564
927
62
-224
223
547
-104
-1358
-2049
-1810
-1453
-1741
-2357
-2468
-2063
-2038
-2882
-3831
-3724
-2507
-1420
-1535
-2519
-3188
-2836
-1889
-1289
-1335
-1513
-1320
-850
-559
-660
-892
-860
-577
-400
-491
-566
-308
96
111
-473
-1150
-1164
-449
258
326
-71
-247
48
359
200
-238
-260
402
1211
1400
836
62
-301
-93
370
712
739
444
-53
-497
-637
-430
-87
104
22
-249
-492
-525
-351
-133
-23
8
96
260
336
163
-186
-398
-203
348
920
1097
641
-192
-785
-625
166
912
1056
680
295
137
47
-110
-123
261
824
1085
874
489
216
23
-166
-145
329
980
1172
648
-61
-272
66
472
638
825
1280
1654
1356
403
-360
-106
1024
1978
1879
909
-35
-352
-236
-226
-461
-602
-420
-174
-310
-901
-1516
-1743
-1561
-1206
-807
-321
139
221
-239
-835
-861
-86
932
1387
1137
791
825
1034
892
385
101
461
1083
1241
721
-35
-560
-870
-1151
-1278
-961
-313
50
-397
-1400
-2123
-2002
-1238
-544
-323
-363
-265
-31
-54
-486
-891
-635
268
1042
1024
404
-127
-229
-184
-280
-364
-183
117
150
-214
-694
-1082
-1348
-1451
-1269
-826
-406
-356
-706
-1178
-1516
-1477
-877
96
844
906
524
420
879
1331
1351
1325
1897
2954
3495
2920
1887
1460
1843
2328
2248
1746
1313
1039
697
142
-443
-927
-1367
-1757
-1956
-1894
-1755
-1888
-2438
-3147
-3593
-3474
-2729
-1785
-1257
-1481
-2238
-2760
-2430
-1459
-529
-136
-239
-337
-131
174
333
295
315
665
1276
1756
1776
1390
1027
1032
1423
1875
2057
1941
1744
1677
1754
1926
2194
2488
2680
2682
2585
2606
2838
3083
3121
3014
3003
3142
3156
2824
2342
2059
1941
1636
1002
376
148
154
-165
-1048
-2073
-2672
-2832
-2929
-3184
-3445
-3522
-3602
-3950
-4389
-4518
-4212
-3729
-3377
-3131
-2761
-2348
-2182
-2321
-2466
-2230
-1528
-731
-321
-465
-905
-1165
-993
-578
-290
-293
-399
-405
-343
-369
-514
-599
-445
-27
507
914
994
777
557
717
1413
2330
2937
3026
2756
2446
2379
2645
3128
3594
3716
3363
2798
2415
2393
2489
2309
1770
1157
762
588
387
-7
-545
-1126
-1652
-2029
-2152
-2064
-2013
-2217
-2590
-2741
-2445
-1948
-1733
-1935
-2119
-1814
-1091
-493
-364
-538
-626
-523
-388
-237
18
310
317
-67
-464
-412
1
218
-1
-314
-255
113
333
264
244
561
976
1073
928
1022
1521
1960
1797
1227
1028
1547
2207
2162
1376
672
651
1023
1082
622
120
-5
68
-120
-613
-973
-942
-783
-866
-1192
-1384
-1252
-1043
-1065
-1316
-1473
-1310
-955
-668
-589
-644
-737
-788
-680
-297
292
699
578
92
-174
154
789
1166
1094
882
831
811
570
237
164
403
603
468
164
17
3
-156
-504
-700
-445
74
374
223
-130
-360
-379
-241
-14
277
521
601
509
329
159
53
32
126
304
431
384
130
-250
-583
-729
-618
-362
-234
-380
-695
-980
-1053
-930
-781
-693
-662
-663
-632
-576
-560
-638
-809
-932
-805
-440
-132
-160
-557
-1045
-1251
-1034
-527
-71
26
-237
-580
-706
-565
-330
-110
171
578
967
1022
694
341
352
800
1391
1786
1916
1903
1783
1532
1234
1078
1230
1596
1802
1625
1178
730
475
351
236
159
186
281
319
134
-227
-535
-623
-497
-308
-178
-127
-138
-180
-240
-292
-306
-281
-209
-143
-96
-74
-79
-88
-121
-162
-142
-24
150
252
184
20
-65
34
220
329
248
45
-136
-205
-167
-157
-230
-367
-485
-541
-617
-757
-883
-896
-810
-731
-747
-789
-752
-729
-849
-1019
-969
-592
-170
-104
-399
-645
-541
-240
-86
-178
-241
-70
184
247
135
85
188
291
252
199
328
600
738
612
406
341
429
495
463
423
460
503
460
343
175
-25
-206
-247
-64
219
329
109
-301
-587
-590
-352
-29
216
281
123
-242
-598
-648
-334
141
423
337
64
-154
-212
-186
-174
-113
75
342
447
256
-86
-296
-234
9
274
472
601
619
449
168
-6
105
444
741
785
614
392
242
153
53
-28
-28
101
257
281
163
-43
-247
-356
-310
-55
327
591
535
176
-199
-279
-22
341
542
506
306
69
-123
-178
-75
95
176
94
-29
-67
-23
-17
-122
-274
-348
-289
-145
23
130
39
-255
-562
-597
-277
92
144
-158
-515
-611
-456
-332
-409
-571
-600
-488
-462
-667
-932
-990
-838
-683
-693
-787
-776
-649
-604
-739
-926
-935
-698
-453
-404
-500
-589
-579
-503
-431
-369
-274
-161
-81
-45
-43
-57
-45
20
142
259
282
234
230
309
407
393
265
178
293
580
792
733
475
288
410
810
1193
1294
1113
865
827
1060
1358
1531
1466
1234
1076
1079
1145
1139
954
686
556
630
789
781
545
177
-99
-84
178
434
434
194
-6
52
263
340
206
62
134
349
461
391
319
391
452
292
-6
-135
57
308
280
-12
-240
-242
-238
-441
-729
-766
-490
-226
-289
-589
-777
-696
-523
-498
-567
-563
-452
-374
-438
-506
-455
-363
-422
-597
-688
-616
-483
-504
-642
-714
-695
-693
-763
-825
-813
-749
-762
-828
-794
-703
-681
-803
-931
-825
-502
-232
-201
-293
-287
-120
47
111
184
352
512
526
402
329
437
577
539
306
80
52
172
206
62
-113
-155
-82
-73
-196
-276
-142
132
280
165
5
86
386
585
503
332
399
747
1020
940
633
475
659
927
956
722
496
472
567
571
391
184
94
136
209
240
203
135
79
44
54
138
297
454
500
370
161
86
214
452
580
496
330
243
273
312
231
71
-1
106
278
313
142
-111
-272
-286
-246
-244
-266
-282
-362
-567
-833
-952
-805
-571
-500
-619
-772
-790
-710
-700
-746
-714
-552
-392
-429
-670
-918
-989
-871
-746
-712
-728
-751
-774
-855
-990
-1042
-941
-735
-519
-374
-294
-277
-346
-447
-438
-214
167
480
561
452
326
295
359
459
582
745
884
950
877
726
569
426
335
339
492
706
791
602
194
-162
-239
-36
246
392
387
318
215
93
3
28
200
429
554
512
346
201
138
109
94
117
183
240
194
3
-253
-443
-489
-430
-321
-228
-206
-283
-451
-618
-664
-540
-290
-65
26
9
-55
-70
4
118
248
354
428
498
563
603
583
530
452
395
405
491
578
544
343
55
-128
-104
16
77
19
-80
-146
-219
-333
-416
-341
-157
-37
-60
-104
-66
-25
-114
-308
-373
-173
107
167
-38
-305
-425
-423
-415
-414
-354
-215
-153
-239
-418
-510
-445
-289
-149
-67
0
54
66
1
-80
-71
85
320
455
419
293
200
192
224
235
234
253
249
178
48
-56
-95
-115
-155
-184
-138
-70
-98
-263
-448
-480
-334
-133
-69
-167
-287
-310
-251
-232
-276
-288
-185
-50
-7
-54
-114
-128
-117
-123
-112
-2
155
183
17
-190
-218
-35
157
173
74
26
74
93
7
-71
22
240
350
231
50
60
213
263
147
48
205
522
639
458
258
323
578
681
532
391
496
735
758
493
265
292
434
389
114
-71
52
305
333
32
-260
-262
-82
9
-119
-250
-176
10
24
-219
-467
-457
-263
-142
-195
-294
-283
-226
-291
-483
-594
-472
-234
-117
-253
-485
-588
-541
-467
-459
-460
-364
-190
-115
-237
-423
-490
-357
-138
3
53
68
70
13
-99
-174
-117
44
187
241
212
132
20
-81
-106
-9
161
284
250
101
-22
-67
-63
-39
7
79
139
114
-2
-134
-147
-16
148
221
156
54
7
20
33
36
79
180
231
118
-94
-195
-79
111
170
75
-20
19
115
83
-57
-122
-15
139
145
-10
-116
-27
128
140
-12
-111
7
201
231
79
-35
53
216
200
11
-119
-27
155
176
24
-98
-50
54
38
-72
-96
42
176
119
-78
-195
-132
15
95
62
14
34
44
-27
-115
-111
-1
109
121
49
-29
-54
-28
8
29
29
13
-15
-59
-89
-45
55
139
162
123
61
3
-23
-14
43
127
154
113
36
9
38
53
32
2
17
65
71
15
-43
-19
64
85
8
-82
-84
-9
70
58
-44
-109
-90
-46
-60
-134
-156
-74
8
-15
-159
-277
-230
-96
-46
-128
-222
-209
-136
-133
-214
-272
-201
-73
-55
-179
-308
-305
-201
-128
-150
-178
-141
-86
-129
-246
-297
-194
-15
62
-37
-188
-228
-165
-126
-175
-177
-35
141
189
51
-122
-128
18
136
137
116
190
314
329
180
53
108
276
326
210
110
167
319
347
235
172
248
357
328
182
121
216
340
320
173
91
146
237
240
133
61
99
165
153
56
11
68
144
104
-18
-77
-19
82
76
-6
-66
-72
-66
-110
-153
-133
-60
-22
-76
-161
-190
-172
-156
-172
-178
-123
-74
-70
-119
-166
-176
-163
-128
-100
-68
-47
-63
-102
-138
-134
-105
-87
-95
-114
-96
-64
-46
-47
-64
-66
-28
-7
-12
-10
10
42
51
34
28
71
123
126
83
38
37
79
109
81
45
30
51
82
37
-48
-101
-98
-56
-59
-120
-154
-157
-129
-125
-158
-157
-96
-28
-29
-88
-126
-85
-1
52
38
-7
5
63
89
68
31
40
90
113
79
35
21
44
69
42
-9
-16
21
50
23
-14
-19
15
48
26
-22
-20
16
41
43
35
49
82
83
43
36
66
121
161
131
81
52
51
82
88
43
1
-6
8
29
25
-8
-10
4
8
20
33
54
77
94
98
112
150
179
191
173
160
167
173
155
117
86
63
37
9
-21
-48
-65
-87
-116
-150
-170
-178
-180
-182
-184
-191
-186
-161
-163
-186
-193
-171
-129
-97
-91
-98
-98
-103
-112
-125
-140
-127
-109
-99
-89
-89
-73
-57
-60
-67
-64
-72
-101
-134
-152
-153
-144
-138
-132
-113
-68
-1
38
53
85
126
163
180
164
136
111
89
74
67
72
88
101
92
70
69
91
107
103
90
68
39
7
-20
-34
-29
-15
-13
-14
-12
4
42
70
90
118
133
164
167
157
159
123
89
86
81
62
51
19
-8
-26
-27
1
25
39
58
83
105
126
127
113
122
168
209
225
213
198
193
190
181
166
159
162
145
89
10
-60
-83
-89
-125
-185
-267
-318
-351
-389
-419
-425
-397
-344
-312
-317
-316
-306
-293
-278
-268
-234
-192
-161
-150
-160
-165
-134
-91
-64
-43
-25
-13
4
15
27
45
58
74
67
58
48
27
19
3
-14
-11
0
-10
-37
-56
-59
-46
-27
-15
1
19
42
59
67
80
98
115
130
137
134
135
139
161
165
146
106
67
48
43
47
26
13
13
3
-17
-39
-45
-18
26
40
42
64
107
134
138
126
130
172
195
166
126
79
56
38
-6
-36
-42
-25
-30
-81
-141
-160
-145
-136
-132
-114
-86
-55
-49
-78
-77
-30
26
61
61
66
92
103
84
55
64
120
153
124
49
1
-4
-8
-43
-79
-80
-52
-50
-91
-140
-163
-135
-116
-128
-140
-143
-105
-67
-91
-113
-100
-56
-6
-13
-27
-22
-6
2
-22
-52
-44
19
69
64
46
44
79
111
113
108
128
155
158
123
71
43
59
88
77
57
41
47
43
14
-5
-13
22
52
43
8
-26
-26
-36
-55
-71
-81
-78
-88
-126
-164
-170
-153
-120
-97
-87
-84
-86
-82
-75
-73
-84
-84
-76
-75
-73
-77
-91
-74
-40
-10
17
28
37
41
45
53
67
93
118
126
137
146
155
166
174
185
184
188
190
189
190
167
147
136
118
125
132
128
110
81
60
35
14
7
4
2
-15
-42
-65
-75
-78
-86
-93
-94
-92
-89
-81
-84
-80
-80
-97
-118
-143
-162
-183
-206
-214
-205
-198
-189
-171
-140
-114
-115
-105
-98
-87
-75
-75
-60
-40
-15
5
19
35
60
78
98
114
115
111
118
127
129
137
134
137
153
162
147
123
90
56
43
41
30
7
-9
-28
-53
-74
-82
-90
-99
-93
-108
-127
-124
-120
-118
-124
-110
-89
-67
-54
-69
-93
-88
-53
-10
34
48
75
96
101
109
109
144
202
234
226
198
193
233
268
266
256
269
295
312
287
240
221
215
224
200
148
115
106
102
84
38
-9
-12
-26
-67
-128
-181
-189
-204
-236
-290
-329
-336
-339
-368
-421
-453
-468
-470
-474
-506
-503
-471
-437
-422
-434
-416
-358
-317
-316
-323
-301
-246
-180
-138
-108
-71
-2
70
113
135
160
212
249
270
269
264
271
291
313
309
306
292
279
284
262
232
213
212
234
231
202
182
173
174
171
163
164
171
164
135
93
60
50
47
48
29
9
-9
-25
-31
-43
-41
-22
-18
-19
-34
-61
-83
-99
-103
-91
-85
-84
-95
-113
-114
-121
-115
-113
-116
-103
-91
-83
-105
-128
-111
-92
-75
-69
-78
-66
-42
-45
-48
-29
-16
21
56
60
58
53
61
57
35
24
27
42
64
65
37
36
62
67
46
24
11
9
-7
-37
-51
-39
-16
-13
-19
-9
3
8
-3
-32
-55
-35
-8
-11
-27
-50
-47
-43
-51
-64
-65
-40
-20
-22
-28
-30
-17
23
63
81
90
101
115
106
85
77
105
132
132
120
83
78
92
74
44
35
56
81
62
19
-17
-29
-23
-45
-74
-85
-80
-77
-89
-95
-86
-58
-49
-74
-99
-103
-84
-74
-78
-89
-83
-44
-15
-25
-35
-22
-9
3
13
12
24
45
55
46
23
7
12
39
60
62
58
58
58
60
64
73
89
93
82
63
37
12
3
-10
-9
-8
-3
19
24
23
13
-7
-22
-36
-41
-48
-52
-53
-56
-57
-65
-70
-66
-43
-24
-18
-20
-14
-11
-22
-27
-10
17
31
14
-7
-17
-13
-19
-32
-38
-43
-43
-39
-47
-67
-65
-55
-27
-1
-2
-3
-8
-8
2
13
15
13
21
28
46
55
43
40
44
47
43
41
51
48
41
34
37
60
74
76
61
39
37
31
33
41
30
24
14
-3
-23
-26
-29
-38
-40
-55
-53
-45
-53
-49
-48
-51
-47
-55
-48
-27
-8
13
34
39
35
20
14
-11
-25
-14
-5
12
12
27
32
40
49
49
52
52
59
50
34
13
8
16
26
44
38
54
64
59
65
61
61
57
50
32
22
12
-2
-15
-41
-56
-60
-76
-93
-92
-95
-75
-67
-75
-79
-93
-102
-115
-120
-117
-129
-149
-142
-118
-91
-65
-58
-58
-60
-51
-41
-36
-19
-24
-33
-27
-26
-20
-9
5
17
34
55
77
92
96
93
82
82
101
110
117
121
115
120
116
120
129
115
108
105
96
86
61
62
77
73
66
55
39
3
-34
-61
-76
-63
-59
-66
-70
-69
-61
-53
-64
-52
-12
3
15
20
16
10
-1
-7
-1
8
6
14
15
2
-4
-11
-3
8
4
11
15
22
31
21
9
-1
-1
-6
-10
-17
-19
-24
-34
-40
-61
-62
-50
-64
-72
-56
-49
-46
-46
-60
-57
-49
-57
-57
-53
-56
-50
-51
-49
-43
-35
-23
-22
-19
-16
-16
-20
-32
-15
-8
-12
-7
-19
-14
-9
8
16
32
63
67
75
75
67
56
47
56
52
51
50
50
59
58
56
56
62
65
56
46
37
22
9
8
9
16
22
19
17
13
23
30
54
72
72
80
71
71
58
54
63
50
35
31
22
5
-10
-33
-39
-40
-52
-68
-79
-83
-93
-94
-93
-103
-116
-118
-112
-111
-99
-80
-70
-64
-57
-58
-64
-77
-88
-100
-93
-66
-50
-38
-28
-27
-28
-11
2
9
28
51
66
59
65
66
55
59
62
71
77
77
82
82
79
82
93
101
113
110
97
81
83
91
75
61
30
7
12
4
-15
-19
-15
-12
-10
-22
-44
-45
-56
-75
-86
-96
-86
-63
-47
-41
-29
-22
-23
-24
-27
-20
-11
-8
-5
-26
-30
-10
2
13
11
7
17
42
46
44
31
19
17
9
5
-12
-21
-23
-36
-46
-53
-42
-21
2
17
22
22
20
14
-9
-28
-43
-57
-58
-48
-46
-50
-44
-42
-38
-37
-35
-21
-5
-6
-13
-9
2
-4
-20
-21
-24
-7
8
1
13
33
52
67
69
60
67
75
84
103
100
103
98
79
60
53
51
42
42
37
47
53
39
46
52
47
42
28
20
23
16
-6
3
4
-4
7
-8
-5
-1
-6
1
-6
-23
-46
-56
-63
-66
-70
-83
-104
-126
-126
-130
-140
-152
-167
-155
-132
-110
-91
-86
-70
-58
-53
-35
-9
11
20
23
39
40
24
11
-13
-2
17
29
51
69
82
96
87
80
73
59
59
43
47
51
37
30
16
12
26
32
33
43
55
58
59
49
44
45
30
30
39
32
36
28
15
21
13
16
11
-7
-7
-14
-12
0
10
19
20
12
-3
-13
-30
-38
-48
-65
-54
-50
-46
-26
-26
-11
7
23
41
29
9
5
0
-7
-20
-20
-6
-2
-5
-6
-18
-19
-20
-18
6
21
24
9
-6
-11
-26
-44
-58
-67
-73
-84
-79
-69
-80
-85
-74
-59
-47
-35
-50
-59
-44
-40
-37
-36
-31
-27
-33
-39
-49
-44
-37
-38
-36
-22
6
27
38
43
53
58
64
62
53
56
68
83
92
94
102
116
132
138
136
127
131
135
123
119
123
115
93
80
69
56
69
82
75
67
55
39
38
25
7
-4
-20
-37
-52
-59
-65
-71
-74
-74
-67
-60
-56
-52
-61
-74
-77
-98
-115
-125
-133
-128
-128
-143
-166
-172
-171
-154
-122
-105
-84
-63
-48
-23
-11
-10
-17
-43
-50
-51
-56
-29
-3
10
16
6
12
29
44
58
68
80
91
96
87
76
67
52
47
38
34
38
44
66
74
72
71
72
84
90
78
69
65
68
67
58
42
20
2
-10
-11
-26
-36
-45
-40
-13
-8
-5
-6
-12
-18
-21
-8
0
-6
8
6
12
21
23
28
17
20
27
40
39
18
27
26
15
18
6
-6
-19
-32
-45
-40
-38
-34
-24
-17
-7
-36
-54
-63
-68
-57
-47
-40
-43
-51
-58
-62
-53
-41
-33
-22
-11
-2
4
-3
1
4
-13
-20
-27
-28
-31
-25
-15
-18
-11
-11
3
6
12
30
27
25
36
52
65
71
70
63
38
21
15
13
19
21
10
-6
-11
2
5
8
18
21
12
14
15
6
4
5
23
28
38
54
54
44
35
37
23
22
4
-32
-34
-32
-19
-11
-14
-26
-48
-51
-70
-79
-64
-56
-36
-23
-40
-42
-34
-36
-12
7
11
6
-6
-20
-39
-54
-67
-68
-69
-76
-56
-25
0
24
22
10
12
21
31
33
30
36
56
56
52
54
46
60
82
87
95
88
72
83
88
73
52
35
27
17
16
22
28
50
57
50
45
48
56
34
24
16
8
6
-21
-31
-48
-66
-64
-85
-96
-87
-87
-87
-89
-93
-101
-91
-75
-65
-43
-32
-34
-36
-39
-44
-48
-54
-50
-37
-26
-9
15
30
28
18
8
20
18
0
-5
-5
0
15
27
19
9
-8
-24
-18
-23
-27
-15
-5
12
27
37
45
37
24
2
-23
-38
-45
-41
-26
-11
7
31
43
38
38
45
36
18
-2
-11
-3
-12
-20
-13
-9
11
28
31
40
57
68
74
74
71
63
61
74
89
96
89
88
97
102
109
98
77
60
39
21
13
12
13
12
0
-17
-28
-24
-28
-32
-29
-34
-39
-57
-83
-85
-82
-87
-83
-82
-80
-81
-75
-68
-70
-66
-78
-96
-97
-104
-115
-133
-137
-132
-130
-119
-105
-103
-88
-73
-64
-55
-51
-33
-17
-9
5
-13
-17
6
15
15
25
33
49
65
63
57
48
53
55
61
76
96
126
147
164
165
161
152
126
121
124
125
120
126
119
106
108
114
114
110
104
90
67
46
21
8
9
-1
-3
-11
-17
-37
-53
-49
-46
-48
-65
-62
-63
-75
-80
-93
-92
-98
-108
-118
-120
-99
-86
-101
-118
-112
-101
-98
-88
-93
-85
-66
-51
-34
-21
-9
-12
-23
-27
-40
-56
-64
-60
-47
-27
-10
-6
5
16
31
47
53
50
44
46
53
59
44
32
17
5
10
22
32
26
29
28
13
5
-6
-5
-6
-9
-10
-14
-7
-13
-3
21
37
39
23
14
7
19
38
55
75
74
83
94
81
95
104
109
113
95
86
79
63
42
42
37
42
67
74
81
91
92
78
57
21
-21
-49
-82
-100
-101
-102
-98
-89
-90
-100
-95
-98
-110
-129
-147
-147
-156
-164
-157
-140
-137
-138
-124
-110
-112
-97
-65
-51
-36
-18
3
30
35
39
37
27
21
9
18
37
44
58
62
59
53
63
83
90
107
122
136
138
129
114
101
92
89
97
90
82
79
83
87
94
89
76
57
39
27
18
5
-3
-6
-17
-32
-44
-52
-63
-61
-58
-71
-87
-101
-112
-125
-121
-110
-101
-104
-112
-112
-127
-127
-116
-105
-93
-86
-82
-85
-78
-64
-45
-30
-30
-44
-42
-29
-26
-33
-26
-16
-10
12
19
31
38
57
88
107
123
124
132
134
139
142
140
135
130
114
100
101
99
93
82
74
68
63
71
74
76
83
76
62
51
48
25
1
2
-14
-24
-24
-24
-24
-19
-6
-10
-13
-29
-47
-58
-78
-78
-80
-86
-74
-61
-46
-31
-22
-18
-10
-14
-27
-48
-69
-78
-93
-85
-74
-66
-59
-70
-86
-114
-115
-119
-124
-108
-100
-95
-79
-49
-23
-17
-17
-13
-10
-16
-37
-69
-77
-87
-92
-68
-65
-53
-27
-8
18
32
39
49
64
81
79
74
69
72
78
96
116
115
121
124
111
98
102
93
85
73
54
62
87
91
85
94
90
98
101
89
96
109
116
135
145
145
142
131
132
122
98
82
62
45
43
30
17
4
-25
-57
-84
-110
-121
-128
-139
-145
-149
-153
-168
-177
-174
-176
-168
-162
-173
-165
-153
-144
-140
-145
-150
-141
-141
-149
-147
-142
-120
-104
-85
-64
-63
-50
-44
-42
-28
-17
3
22
51
89
105
105
111
118
120
119
122
109
98
106
108
109
101
94
91
73
67
69
70
63
47
26
16
-4
-22
-26
-35
-32
-34
-42
-20
-4
-4
-7
-15
-7
9
26
38
43
52
49
48
49
59
85
96
98
109
115
109
102
91
96
93
78
71
68
59
56
50
31
6
-20
-34
-49
-49
-45
-40
-41
-55
-72
-74
-84
-97
-103
-129
-147
-165
-167
-159
-152
-146
-139
-137
-138
-140
-138
-127
-117
-95
-74
-59
-47
-40
-32
-20
-19
-25
-33
-44
-40
-33
-19
8
27
39
48
67
85
100
118
115
128
126
90
75
61
61
68
61
77
81
73
88
85
87
111
120
119
107
99
91
73
66
70
62
54
41
52
57
47
44
27
32
37
35
40
44
43
19
-10
-40
-81
-108
-125
-126
-118
-108
-114
-117
-117
-117
-111
-102
-91
-98
-97
-104
-108
-113
-117
-119
-124
-117
-127
-127
-109
-91
-83
-68
-47
-22
12
27
30
39
50
55
70
86
89
82
74
80
85
87
101
105
96
104
108
117
122
105
91
73
65
64
77
87
76
75
82
74
58
42
27
19
0
-4
-4
-14
-21
-27
-31
-50
-78
-87
-105
-113
-112
-113
-111
-107
-86
-67
-52
-40
-34
-24
-14
-21
-5
11
15
13
-1
-8
-16
-25
-29
-22
0
19
25
21
21
22
17
2
-10
15
30
40
56
59
83
97
93
85
72
44
13
-22
-29
-33
-39
-42
-52
-62
-71
-78
-73
-62
-77
-73
-73
-73
-57
-48
-29
-18
-3
-3
-8
-3
7
15
16
30
36
40
48
43
39
45
43
35
43
40
42
53
46
46
41
22
27
34
32
34
29
34
46
61
73
62
40
18
