SAMPLES:
17874
BITSPERSAMPLE:
16
CHANNELS:
1
SAMPLERATE:
16000
NORMALIZED:
FALSE
17
20
33
27
5
4
8
-1
-7
-6
-12
-8
1
-1
12
1
-4
2
-4
-3
-8
-5
-5
-12
-10
-23
-24
-22
-26
-16
-22
-22
-14
-19
-14
-12
-7
1
2
-1
8
10
-3
-2
-6
-9
-7
-14
-10
-8
-9
5
9
10
22
26
21
23
26
20
16
16
9
4
8
6
5
8
9
7
13
17
7
7
2
-1
-8
-14
0
-1
6
17
12
5
-7
-6
-9
-17
-11
-17
-15
-9
-14
-13
-17
-15
-9
-24
-22
-15
-29
-22
-9
-14
-10
-7
-6
6
2
-5
2
-4
7
7
-1
10
12
9
-2
-4
2
-4
-5
-2
7
22
25
21
20
16
14
18
12
2
5
8
6
14
5
4
3
-6
-9
-1
-1
1
9
-4
-5
-9
-6
-2
-7
-8
4
15
8
9
-3
-1
2
-3
4
-13
-9
-9
-12
-8
-7
1
-1
11
10
0
5
7
6
20
10
16
15
2
1
-5
-5
0
1
-1
3
-2
11
7
4
5
-2
2
-18
-17
-18
-21
-21
-18
-18
-23
-19
-19
-8
-11
-10
4
-5
-7
-12
-13
3
3
11
7
-7
2
-2
-13
-12
-15
-13
-1
-8
-12
1
5
8
14
21
17
19
23
6
1
11
10
8
14
17
12
19
24
4
9
-2
-2
9
1
7
-1
2
11
12
11
8
10
-2
-3
3
1
-6
-2
4
0
4
-8
-6
-2
-1
0
-5
-1
-1
3
9
7
12
5
-5
-5
-6
-12
-19
-23
-29
-27
-17
-20
-22
-14
-15
-9
-7
-3
6
9
7
-4
-11
-6
-5
-8
4
-7
-8
5
4
-4
-2
1
0
5
-1
-1
0
14
28
22
16
8
6
10
12
17
21
21
20
26
23
20
19
9
-2
-8
-4
-10
-21
-14
-15
-17
-20
-18
-10
-7
2
-4
-5
-3
-6
-2
2
5
0
-4
-3
-9
-15
-18
-12
-12
-5
-9
-4
8
6
12
0
5
2
-13
-6
-15
-2
4
5
8
5
16
17
16
14
11
4
-9
-13
1
9
7
2
2
8
-2
0
-5
-14
-8
-3
-8
2
13
9
9
14
18
10
12
12
-5
-8
-1
-4
-7
-3
2
4
1
9
7
-1
-6
-5
-7
-15
1
0
0
2
-4
6
2
0
-6
-9
0
4
0
-4
-1
-3
4
1
-11
-9
-8
-8
-8
-4
-2
-3
-8
-1
2
-7
-5
-16
-12
-7
-12
-12
-14
-7
-18
-18
-1
-6
-12
-2
9
5
14
11
7
9
-1
0
7
15
16
12
7
-1
0
9
8
15
17
11
21
22
22
21
11
7
15
10
1
-2
3
19
20
9
20
19
4
1
-1
-16
-19
-17
-19
-2
4
-2
1
-9
-12
2
-2
-6
-9
-14
-13
-20
-16
-16
-19
-15
-10
-4
-6
4
12
4
9
1
-10
1
-4
-5
-16
-10
-2
-10
-6
3
2
1
1
-5
0
2
10
7
-2
-5
-4
1
0
-9
-12
-16
-14
-1
-2
-12
-15
-20
-8
-6
-13
-8
-2
6
13
14
-1
2
11
-2
-2
1
-3
-5
2
8
8
10
10
23
26
25
25
19
21
5
1
11
11
20
29
31
13
8
10
10
6
1
-1
4
8
5
17
20
4
5
2
-4
-2
-2
-11
-19
-11
-10
1
-4
-7
-11
-21
-16
-20
-16
-21
-6
1
-13
-12
-10
-14
-15
-21
-22
-25
-33
-20
-25
-21
-2
-13
-11
-6
-7
-6
-5
-10
-3
4
-7
0
-3
-2
5
10
12
5
17
26
26
24
14
12
8
17
5
-4
5
1
10
15
6
8
6
-2
16
15
0
3
7
18
18
17
11
4
3
6
1
3
8
-1
-5
-13
-4
1
-7
-4
0
5
9
0
-4
0
-1
0
-8
-5
2
-5
-5
-5
-11
-8
-13
-20
-17
-18
-7
-14
-17
-18
-18
-15
-9
-5
-23
-20
-2
-7
6
11
-1
7
0
3
5
-1
13
10
9
8
-3
13
12
0
3
5
20
16
14
16
6
11
19
19
18
25
17
17
18
5
1
-2
1
1
0
1
-1
2
9
7
4
0
-12
-7
0
1
0
-1
-6
-13
-5
-22
-23
-20
-22
-18
-5
-2
-11
-4
-1
-2
2
-8
-24
-18
-11
-17
-6
3
-19
-4
-2
-19
-9
-9
-13
-4
-4
-4
-4
-18
-19
-16
-23
-13
-10
-7
10
11
25
26
18
17
9
11
6
-3
-16
-12
-12
-16
0
-7
0
7
13
24
24
32
36
32
30
21
22
25
22
16
9
14
13
4
15
15
15
35
26
24
22
13
15
4
6
3
0
-1
2
0
-3
-2
-3
-8
-20
-15
-22
-23
-12
-17
-14
-9
-6
-9
-7
-2
-13
-12
-11
-22
-20
-33
-44
-30
-29
-27
-16
-15
-4
5
6
2
0
-8
-8
-11
-19
-18
-21
-11
-12
-9
-8
-17
-19
-18
-17
-8
7
11
12
6
9
3
-1
4
2
3
0
11
18
13
17
18
14
12
17
7
11
9
7
12
13
15
11
6
15
13
3
16
16
13
18
22
20
29
32
34
32
25
17
8
-11
-16
-20
-21
-6
-5
0
3
15
13
9
5
6
3
-10
0
-4
-6
-19
-31
-15
-17
-12
-10
-9
-6
0
-6
-11
-9
-9
-7
-4
-2
-7
-5
-4
-9
-10
-12
-14
-10
-6
-11
-19
-21
-24
-26
-24
-14
-8
-6
4
6
2
5
8
1
-2
-2
-7
-6
1
-2
-3
2
-9
-11
2
5
-4
1
8
12
15
7
7
10
3
15
20
17
23
21
30
20
12
10
2
-1
-9
-7
-5
-2
9
-10
5
15
7
7
1
4
-5
-4
-2
-4
-14
-7
7
5
4
-1
6
9
-2
-2
0
-6
-4
-2
0
11
8
-5
-2
-7
-9
-7
6
2
6
17
7
12
16
17
7
11
10
-3
-8
-18
-9
-7
-9
0
-13
-16
-11
-17
-13
-7
-8
-7
-10
-5
-7
-10
-2
-6
-12
-14
-13
-23
-24
-19
-21
-15
-15
-3
6
5
13
23
6
7
16
1
-2
8
7
0
-2
2
4
1
10
21
16
20
22
23
26
15
22
23
19
25
13
1
5
8
5
10
6
1
6
1
-7
-6
-13
-15
-17
-9
-8
-18
-12
-18
-11
-13
-16
-7
-16
-16
-16
-17
-20
-13
-9
-19
-11
-17
-9
-8
-19
-14
-8
6
0
6
2
-3
2
-2
7
2
8
14
10
7
2
12
8
12
14
16
20
11
23
24
16
11
12
11
9
18
12
15
16
14
16
5
6
6
8
8
0
-2
-6
-19
-11
1
10
8
-7
-7
-2
-2
-4
-7
-10
-15
-19
-17
-9
-5
-9
-8
-15
-16
-7
-15
-11
0
-8
-5
0
-5
-1
-7
-12
-13
-19
-14
-6
-16
-18
-17
-17
-6
-8
-2
-3
1
5
13
7
5
18
9
15
21
11
10
15
12
3
-4
-2
5
0
-3
10
9
11
19
18
13
11
3
-1
8
10
6
15
4
4
8
-7
-11
-22
-26
-34
-35
-26
-17
-15
-7
2
-1
8
10
3
0
1
4
4
5
4
0
5
7
2
3
12
14
7
16
10
14
20
24
40
33
26
29
22
15
8
2
-2
1
-15
-8
0
-23
-15
-15
-14
-5
-7
6
3
-2
6
3
-4
-3
-9
-20
-21
-24
-26
-34
-32
-16
-32
-34
-19
-18
-12
-18
-21
-14
-19
-14
-2
0
-4
-8
-9
-4
6
13
19
12
12
25
19
26
19
7
10
7
10
13
9
6
3
6
11
4
6
4
10
13
4
8
4
1
3
-3
-11
1
0
-3
-3
1
6
-13
-8
0
-11
-8
-3
-16
-7
5
1
5
7
9
10
16
20
18
16
9
15
8
10
13
2
4
5
5
12
10
8
13
-1
6
8
1
-3
-9
-4
-5
-9
-7
-5
-12
-6
-6
-4
-10
-17
-9
0
7
-7
-13
-16
-18
-18
-27
-23
-17
-17
-20
-17
-18
-16
-11
-13
-1
-1
-10
5
7
-3
6
2
5
11
-4
3
-4
-7
12
8
8
16
14
12
8
10
14
12
19
21
7
9
2
-4
1
-1
-2
4
2
-1
10
2
6
17
11
11
1
-13
0
-8
-13
-3
-8
2
-7
-5
3
-4
-4
-9
-10
-1
4
8
10
9
8
7
14
-3
-7
-4
1
-2
-5
0
2
2
3
8
-4
1
-1
-7
0
5
1
-6
-3
-7
-12
-9
-2
4
-7
-17
-6
-4
2
2
-9
-4
0
-7
-15
-7
-3
-9
-9
-7
1
-2
-1
0
5
12
11
11
11
14
19
25
22
17
21
12
9
13
-1
-8
0
-1
-7
5
9
1
-2
-4
-7
-20
-11
-2
-5
-1
-9
-9
-3
-9
2
7
-6
-2
-9
-16
-12
-7
-4
0
-6
-8
-8
-8
3
-3
-1
2
4
10
1
-1
1
-7
-4
-5
-3
4
14
15
5
-2
-2
-9
-6
-7
-17
-3
-6
3
10
3
-2
-6
1
9
14
9
2
9
12
7
4
0
-4
-8
-8
-11
-11
-2
-6
-7
1
-6
2
6
11
13
-3
-1
3
-11
-3
1
-10
0
-1
3
15
10
9
15
14
14
13
0
2
0
-2
14
6
0
7
7
11
-2
-7
3
9
5
6
19
11
12
14
5
-6
-19
-12
-4
-8
-1
10
16
19
9
22
15
5
6
-6
-16
-34
-23
-25
-29
-26
-35
-18
-14
-12
-7
0
1
-3
0
-4
-15
-16
-15
-16
-13
-15
-10
-6
-7
-11
-15
-21
-11
-5
-8
-8
-3
-4
-7
-7
-8
-4
-2
-5
-6
0
4
3
12
22
22
27
26
23
23
16
9
13
11
8
7
14
15
14
19
14
20
17
12
13
13
21
21
12
14
19
20
0
0
7
12
15
-3
3
9
11
12
-4
5
6
-5
-1
-6
3
-1
-5
-4
-9
2
-9
-21
-23
-26
-25
-27
-25
-23
-14
-10
-21
-14
-9
-9
-12
-20
-16
-16
-10
-16
-8
-8
-16
-7
-4
-4
-23
-21
-23
-19
-12
-13
-7
-11
-5
2
10
17
12
11
15
14
18
18
5
7
3
-5
-1
-11
-16
-8
-5
-1
7
7
15
25
20
22
30
28
15
23
13
13
14
-1
6
-6
-2
4
-4
5
2
-3
15
22
8
10
5
13
9
5
17
9
8
1
-2
9
14
13
12
18
10
5
14
12
2
-2
-2
-12
-6
-8
-15
-7
-19
-10
-17
-33
-21
-25
-11
-17
-22
-13
-25
-23
-17
-18
-9
-1
-7
1
-5
-19
-14
-15
-21
-19
-18
-20
-23
-39
-21
-7
-18
-2
7
5
6
6
9
10
7
9
19
13
21
31
23
15
4
2
10
6
8
13
0
1
3
14
29
17
26
27
12
8
12
20
26
24
20
19
13
14
3
-3
-5
-6
-3
-13
-4
-5
-8
-7
-8
-3
-6
1
-4
-5
-1
1
-1
0
3
4
-11
-21
-4
-9
-25
-15
-18
-14
-12
-16
-10
-5
-4
-2
2
-8
1
1
-5
-9
-16
-17
-22
-15
-9
0
-1
-3
-3
-4
-4
-7
-9
-1
-1
-4
9
11
16
11
7
15
1
6
5
1
3
0
3
-3
-5
-3
2
6
4
9
11
4
16
18
18
31
24
24
19
30
39
17
12
11
9
7
0
5
-7
-15
-7
-4
-4
2
5
-4
-2
-4
-4
0
-5
-18
-12
-7
-22
-18
-17
-18
-9
-20
-22
-29
-40
-24
-22
-26
-16
-18
-21
-19
-13
-10
-14
-12
-4
5
10
6
2
10
13
11
10
9
1
-5
-1
-9
0
7
5
14
7
14
19
7
8
17
18
11
18
32
30
22
19
18
9
0
4
1
-6
1
13
11
8
10
10
13
4
3
-1
-5
3
4
-3
4
3
-9
-2
-4
-3
2
8
6
2
10
7
1
2
8
5
-7
2
-2
-5
-9
-20
-9
-9
-7
-6
-8
-14
-16
-11
-25
-20
-23
-26
-20
-20
-9
-19
-22
-13
-24
-27
-27
-29
-21
-19
-24
-28
-22
-15
-17
-10
-8
-5
-3
-7
7
10
12
23
25
17
18
27
18
22
25
21
35
26
18
11
14
21
22
23
24
35
42
36
29
14
14
19
6
16
20
17
19
25
18
3
7
2
-6
-9
-9
-12
-7
-13
-25
-17
-26
-16
-12
-12
2
-3
-3
-7
-11
-3
-7
-5
2
-4
-13
-18
-13
-16
-24
-8
-1
5
9
-8
-3
-10
-9
-8
-30
-19
-17
-20
-24
-31
-26
-21
-18
-19
-24
-24
-11
-13
-11
4
8
16
17
9
13
4
-4
4
7
6
-3
0
3
-4
2
-2
2
16
20
18
19
28
27
23
15
14
21
23
19
18
29
23
21
24
13
7
-18
-15
6
2
4
12
15
10
5
13
17
7
4
6
2
-1
6
-9
-9
5
-12
-14
-11
-15
-13
-18
-20
-13
-8
-3
-9
-1
-2
-10
-9
-8
7
-2
-15
-22
-23
-17
-16
-18
-19
-13
-14
-10
1
0
-3
-2
-9
-15
-10
-4
-12
-4
-5
-15
-10
-8
-4
-8
-10
-8
-12
-3
-4
-9
1
4
15
15
10
4
9
7
6
17
17
16
28
31
26
36
27
31
27
15
23
10
9
11
9
19
20
19
17
17
16
22
24
12
3
6
-5
-12
1
-2
-7
-7
-5
9
-1
-16
-9
-9
-9
-17
-21
-24
-34
-32
-32
-27
-34
-33
-27
-23
-17
-13
-5
-9
-11
-23
-34
-38
-40
-33
-18
-14
-13
-8
-1
-3
0
6
-14
-3
10
4
-1
2
10
6
5
7
16
15
17
23
20
20
24
27
33
34
34
45
41
31
24
12
7
4
11
14
6
8
9
5
11
10
4
14
8
3
1
2
11
4
12
10
2
9
-1
-14
-23
-13
-3
-5
3
5
3
-3
-4
-10
-17
-23
-28
-27
-34
-35
-30
-17
-17
-17
-16
-8
-1
-9
-6
-13
-7
-1
-14
-7
-19
-17
-15
-22
-6
-2
-7
-10
-12
-14
-5
1
15
24
8
18
11
7
15
7
2
-6
-5
7
21
9
14
18
16
28
24
10
12
12
-2
2
3
3
14
14
8
16
4
-7
2
4
8
-8
0
-1
-18
-20
-13
-7
-22
-12
1
1
2
1
4
7
-2
-9
0
0
-2
-5
-3
-8
0
5
2
7
6
6
11
14
16
16
9
6
14
12
-3
-1
-6
-14
-17
-13
-6
7
13
2
7
6
2
2
-9
3
-8
-14
-3
-9
-11
-16
-15
-17
-25
-25
-25
-15
-4
-15
0
-2
-1
1
-2
4
-5
1
-4
3
10
7
10
12
8
9
10
-1
2
7
16
14
10
15
24
17
13
23
8
10
19
-3
0
7
6
1
0
1
-5
-16
-16
-8
-8
-5
-8
-2
0
2
4
-8
-17
-27
-22
-25
-22
-13
-4
-10
-9
7
0
-9
-6
-2
-7
-16
-14
1
-2
-3
-3
3
6
0
10
11
9
8
12
20
11
8
21
19
12
8
5
5
8
8
7
12
11
8
9
-4
-5
-2
-4
4
7
21
24
12
7
6
-6
-11
-19
-20
-16
-12
-11
-19
-17
-17
-7
1
1
1
0
9
1
-6
-1
-13
-14
0
-1
-4
-6
-3
1
-10
4
2
2
11
2
9
-1
4
14
-3
-8
-2
-4
5
2
-7
1
13
8
0
1
-10
-6
-5
-7
-10
-10
-6
-15
-14
5
4
7
5
-9
-1
0
0
-10
-12
0
9
8
9
13
-1
13
8
7
16
4
11
16
18
18
10
10
14
-3
-7
-4
-7
-8
-13
-13
0
-6
-3
-2
-2
9
-13
-3
6
-4
4
-1
6
-2
-14
-8
-8
-10
-7
4
6
10
18
21
20
21
14
10
-4
-12
-11
-11
-14
-17
-12
-19
-24
-15
-6
-4
-2
12
5
9
19
0
1
0
-16
-22
-18
-29
-22
-12
-24
-18
-3
-2
-1
16
5
1
10
13
21
25
27
13
3
8
4
-5
-4
1
2
11
17
18
21
9
12
23
7
2
13
1
3
12
2
-3
-8
-2
2
8
11
-2
-2
-13
-11
-15
-10
0
-11
-8
-11
-10
-12
-9
-3
-5
-6
-8
-10
-9
-12
-13
-9
5
1
5
9
4
7
-10
-8
-1
-2
-3
7
-1
-9
-7
-6
-1
-13
-14
-16
-21
-16
-1
-7
1
15
16
13
6
13
-7
2
16
1
12
7
3
10
6
11
2
5
13
5
11
18
28
21
18
21
10
-1
-3
-7
-3
-1
3
12
8
18
16
17
22
16
2
-7
-3
-11
-8
-19
-20
-18
-23
-30
-20
-10
-19
-4
-13
-17
-3
-11
-10
-10
-17
-24
-29
-28
-29
-24
-12
-6
-8
4
18
9
5
11
10
15
3
5
11
5
8
10
8
7
2
-1
11
3
2
18
8
11
9
0
10
2
5
10
0
19
14
9
18
0
4
1
-5
8
9
2
1
-4
-1
10
1
3
12
0
1
2
9
17
3
2
5
-13
-16
-14
-16
-4
2
3
-2
-5
-6
-6
-5
-6
6
3
-1
5
-3
-8
-12
-25
-24
-6
-1
-1
-7
4
8
0
9
-3
-18
-14
-4
-9
-21
-17
-11
-13
-16
-20
-21
-8
-9
-16
-15
-6
5
7
2
3
5
0
3
8
11
5
1
0
8
16
15
15
10
16
20
11
13
6
0
19
26
21
24
26
15
18
7
-1
7
4
19
16
8
9
0
7
0
7
7
9
13
14
11
-7
0
-10
-22
-14
-15
-21
-5
-4
-12
-5
-9
-4
-17
-21
-11
-7
0
-14
-22
-8
-13
-4
-6
-17
-5
-22
-22
-18
-21
-23
-26
-13
-17
-15
-14
-4
9
7
7
1
3
9
-2
0
-6
-5
5
-3
9
14
11
4
-9
-7
-1
1
0
-2
6
6
8
16
14
17
17
13
14
22
20
22
11
13
10
3
17
5
15
16
14
26
6
11
6
-2
3
-2
7
12
22
21
21
20
18
6
-4
-7
-25
-21
-21
-26
-22
-16
-11
-19
-23
-19
-11
-10
-18
-12
-2
-6
-7
-11
-10
-17
-20
2
2
-1
4
1
1
0
-2
-3
3
2
-2
-3
-4
-7
1
-9
-13
-3
-14
-12
-10
-14
-14
-5
-4
-12
-8
-6
-4
-18
-9
-5
-2
19
11
9
7
-8
4
11
1
3
6
12
14
19
19
22
21
11
27
22
14
21
18
26
31
25
36
32
25
20
15
19
0
4
11
-2
-4
-13
-14
-8
-7
-7
-8
-5
-1
-3
-7
-3
-8
-12
-7
-14
-32
-34
-27
-39
-33
-30
-31
-30
-31
-28
-29
-21
-25
-22
-19
-23
-27
-14
-14
-16
-3
-2
0
3
11
6
10
9
8
10
12
14
21
26
29
27
21
24
20
30
24
25
40
37
30
10
17
20
3
7
2
-13
-6
9
9
10
4
10
2
-5
1
-12
0
1
2
-1
-4
4
-5
-7
-9
-6
6
-11
-5
0
-8
-6
-8
0
-4
-2
-13
-14
4
-3
-10
-11
-22
-20
-7
-6
-11
-5
2
3
-8
0
-10
-16
-5
-15
-21
-21
-26
-21
-6
-14
-11
-3
-4
0
4
9
-4
-1
5
-1
5
-2
0
-4
-1
0
-7
2
5
-5
-8
0
6
16
9
11
22
15
13
19
12
17
19
13
11
1
4
14
8
9
18
16
24
19
11
11
1
8
10
10
14
13
14
18
13
-2
-2
-3
-6
5
-4
-4
11
-6
-2
3
-12
-14
-18
-20
-14
-9
-9
4
-1
-5
-3
-10
-3
-17
-16
-10
-6
-1
-20
-21
-21
-20
-21
-19
-14
-5
1
-21
-13
-9
-12
-7
-11
-5
-7
-8
-14
-8
-16
-21
-11
-17
-8
2
1
-7
2
5
-2
4
-4
4
13
22
22
19
29
27
20
24
23
22
22
16
21
17
21
20
9
10
17
23
8
8
19
18
15
7
2
3
-7
-3
5
-3
-2
-2
-9
-7
0
-9
-13
-9
-13
-11
-14
-7
-2
2
1
-6
-11
-23
-10
-12
-5
7
0
4
4
-4
-1
-4
-2
2
-17
-11
1
-18
-18
-13
-22
-31
-25
-22
-25
-10
-12
-21
-9
-5
0
5
4
9
13
17
15
4
5
17
14
19
15
-4
-8
-1
1
-6
5
14
23
20
7
19
18
10
15
6
5
14
16
12
9
9
13
3
2
4
-12
-6
-3
-7
-13
-10
1
3
1
-6
-4
8
-1
-3
9
6
-2
-6
-11
-18
-13
-25
-20
-12
-18
-5
1
-11
0
1
-1
6
-5
-2
3
-6
-4
-16
-15
-12
-19
-11
-12
-10
2
11
9
14
15
11
7
11
2
-9
0
-3
9
13
7
10
15
7
0
0
4
13
-3
3
20
6
5
8
-3
-11
-1
0
-5
6
10
21
17
18
25
17
15
-1
3
10
3
-6
-8
-6
-14
-19
-28
-24
-23
-18
-12
-6
-2
-11
-6
-1
-2
3
11
-2
-2
-1
-11
-9
-5
1
-5
-4
-11
-13
-8
-11
-4
2
3
1
-3
-8
-16
-17
-3
5
7
15
14
4
13
22
16
13
16
17
14
5
-2
3
9
4
-4
-11
-20
-14
-12
-15
-9
-2
-7
-10
2
-8
-6
3
-1
0
4
3
-11
2
3
-1
15
13
-2
9
11
1
8
3
-2
3
10
14
18
11
7
14
8
6
0
1
7
4
5
1
3
9
8
-1
2
-2
-6
-3
-14
-11
-5
-5
1
1
0
5
-13
-19
-16
-24
-35
-33
-14
-10
-6
3
-7
-9
-7
-19
-11
-7
-5
-1
1
7
7
10
0
-2
-5
-9
-6
-3
6
11
13
12
17
20
19
22
21
17
13
15
21
17
5
12
8
-3
-3
1
12
11
14
13
-1
3
7
1
0
1
15
5
-7
-3
0
-6
-18
-11
-23
-31
-10
-17
-14
-3
-10
-4
-6
-10
-12
-13
-14
-5
-16
-20
-23
-23
-13
-21
-19
-17
-11
-7
-4
5
7
3
5
2
8
17
6
5
12
18
14
13
16
-3
2
5
-3
5
2
7
-5
2
16
-3
13
12
1
18
12
12
18
20
18
13
11
-1
3
4
-1
4
2
13
17
15
25
14
5
13
9
-4
-6
-13
-21
-12
2
14
6
1
2
-2
-8
-14
-20
-15
-8
-13
-5
-12
-20
-4
-8
-21
-29
-31
-18
-21
-8
2
-8
-3
-2
-5
-1
-8
-11
-6
-17
-12
-6
-6
1
4
-6
-4
5
-1
2
8
5
-2
0
10
14
3
6
7
16
18
2
-3
11
10
-2
1
-1
13
8
7
8
5
7
7
12
3
0
3
0
1
-4
-3
10
13
6
1
-5
-3
7
-3
1
7
9
17
9
18
15
9
11
-7
-9
-9
-14
-10
-6
-10
-9
-5
-10
0
1
-3
7
13
7
11
19
20
19
15
12
-4
-12
-10
-16
-14
-15
-18
-11
-20
-17
-12
-15
-3
-20
-32
-25
-23
-22
-27
-24
-23
-15
-5
-10
1
11
14
19
13
20
27
26
0
-5
13
35
65
78
76
97
89
96
133
83
34
47
93
109
109
139
103
94
53
57
95
-6
-7
-5
15
-16
-47
-10
-104
32
-12
-80
-117
77
-73
605
2915
979
-3955
-2168
4453
3055
-2120
1148
2307
-4827
-5046
3861
4441
-2464
-2978
-1723
-2994
-1411
538
-2681
-2666
927
-1844
-4850
-1610
179
-3277
-1888
2874
1843
-2270
-3389
-1198
859
2563
3018
1181
-1899
-3018
-201
2111
1839
-273
-1701
-3333
-3831
-1767
-1670
-4677
-4593
12189
27107
12056
-17169
-21039
7110
30878
25938
4412
-8990
-10256
-2307
13681
29369
28698
3314
-22672
-17351
12403
24285
5347
-12133
-7261
3174
-1317
-12442
-13282
-5447
-2839
-7772
-8292
-4887
-11480
-25537
-24259
-2073
14285
5461
-16078
-24413
-13651
552
6210
5614
5645
1742
-7926
-10949
1385
14762
10049
-3620
-5742
4491
7696
-2680
-9811
-2214
9821
8048
-2868
-6829
-3139
-2329
-3335
4834
14681
10876
-4064
-10226
737
13709
15469
8949
6512
8092
6888
6795
10470
13119
8687
5918
9653
11627
6291
-2623
-4739
1004
7112
5407
-997
-6669
-12420
-14316
-6733
3748
2554
-8035
-14589
-12362
-5828
-1963
-1861
-3101
-3045
-2846
-3996
-3768
-2197
-108
158
-72
89
-721
-3390
-6364
-4298
-130
1452
-2586
-7569
-9128
-7586
-4721
-4788
-4362
-4575
-488
8665
8895
-5549
-19001
-5285
20340
27350
12444
-4529
-8663
-3909
9383
25174
30496
15532
-10102
-18404
387
21629
17000
-2302
-8276
799
4478
-4081
-8863
-3739
1037
-2178
-5546
-2984
-2970
-11055
-17676
-8701
8074
11135
-4614
-19536
-15523
-2348
3125
910
700
1097
-5363
-12404
-7853
4886
8050
-2131
-9454
-3516
5168
2426
-5502
-4405
4893
8607
2182
-2278
259
2847
1430
3585
11883
12711
2263
-6739
-1552
9989
12567
6972
2309
2956
3330
4092
7679
9476
5281
-5
2193
8310
9123
2633
-2994
-1181
3895
4859
2420
347
-2611
-6691
-6118
384
5098
1261
-6803
-9152
-4244
419
-1676
-5462
-4850
-2510
-2710
-5108
-5819
-4706
-4583
-5715
-6000
-4532
-4865
-7974
-12173
-10284
-4328
-3124
-7118
-11975
-9090
-5639
4982
17170
10776
-13006
-24653
-687
27703
30542
9727
-10892
-14229
-2232
17976
31610
27159
4326
-18358
-15684
9719
25929
12990
-7893
-10758
-134
3748
-3797
-8617
-5200
952
2735
342
-3288
-10328
-16906
-14163
2503
17898
13806
-7436
-23895
-17810
2018
16039
13175
2101
-6215
-11014
-10648
-2811
9124
9934
-2931
-13283
-9935
-624
-1601
-9489
-10190
490
8178
700
-10843
-12244
-3892
3050
7495
12305
11317
1448
-7619
-2143
13031
21275
16584
7192
4265
5422
7077
10949
15063
14993
8597
6757
9229
5836
-1478
-1045
7241
8501
2249
-3577
-6113
-8673
-9510
-4556
2488
4529
-4753
-15064
-13069
-1770
3619
-1445
-4545
-3322
-3106
-5287
-5743
-2908
-1128
-1832
-4930
-6305
-6155
-7449
-10753
-12700
-9534
-4667
-6912
-15477
-19733
-11507
9038
15666
-3996
-28361
-22520
9493
28132
20156
1416
-8023
-8083
1007
19602
32574
23801
-2088
-16636
-1505
23208
24813
5637
-6276
-370
7113
2669
-5318
-5342
-331
972
-1813
-3254
-3050
-7841
-15944
-13097
3885
15886
6697
-14452
-22380
-10104
5083
8419
3444
703
-1641
-8361
-11909
-2012
11024
7915
-6763
-11342
-1054
4152
-5107
-12659
-4501
8325
6917
-5154
-10336
-4339
821
1225
5357
11358
7699
-5002
-9900
1542
14736
14148
4339
388
4359
6054
4136
5272
11327
11739
4507
3408
9388
9209
2056
2382
8501
7938
2732
814
1199
-160
-2173
-2721
78
3653
550
-8257
-10414
-3118
866
-1591
-3180
-2624
-3602
-6677
-7687
-4086
68
-329
-5151
-8042
-5796
-3765
-5588
-8289
-7725
-4116
-5742
-12080
-14698
-8457
7147
11491
-3390
-24009
-22813
2660
20819
17480
-226
-13154
-14012
-2995
17789
31395
22481
-3535
-20589
-7340
20302
26652
7229
-8580
-4459
6451
7214
-1128
-4729
-1113
2604
2699
551
-910
-5554
-12553
-10623
4595
17862
11671
-10101
-23169
-13464
5473
13362
6741
-1942
-6507
-9834
-10215
-2374
8371
7165
-6027
-13607
-6178
3021
-785
-9564
-6897
5935
10518
540
-8504
-5669
1976
5624
9204
13881
10791
-2240
-10782
-1960
14030
18376
8080
-1279
52
3532
1741
2043
9317
11232
2813
-897
5459
5552
-1807
-930
6431
7451
3275
1130
-1017
-4126
-4080
-672
4509
7581
1912
-8751
-10125
-744
4896
1882
-1699
-3122
-4381
-5701
-5744
-4187
-2855
-2713
-4858
-6997
-6443
-7111
-10328
-11938
-7035
-2435
-4291
-9415
-9037
2707
7348
-4196
-18397
-11430
11425
19510
6448
-10279
-12711
-4830
7057
20312
25290
14297
-7379
-17930
-2748
22127
26054
6545
-8835
-5086
3916
2165
-3920
-3008
1564
2441
-1543
-4606
-5397
-8262
-11141
-5561
8291
14711
3356
-14094
-17625
-4958
9384
12589
5462
-2343
-6716
-8877
-6699
1984
8552
2825
-9346
-12624
-5136
-834
-6142
-10733
-5274
2572
542
-7775
-9311
-2839
1712
2912
7788
12725
7476
-4781
-6718
7388
20568
17817
5333
-24
4681
9183
7518
9033
14751
10898
-453
-1071
9182
10294
3443
845
1876
2002
3059
3812
881
-771
42
-821
-857
2848
2304
-3458
-4850
-1122
1738
1594
-667
-4599
-6247
-3750
-2257
-3934
-6405
-7101
-7596
-7767
-7348
-8433
-10428
-11752
-10061
-8823
-7998
-9795
-5742
4922
3090
-13516
-24419
-7685
17256
19815
1255
-15234
-14901
-4267
10903
23867
23804
7993
-13244
-16216
5658
26377
20872
105
-7096
1210
5620
-374
-3909
1085
6752
5886
-392
-4111
-4237
-7043
-9529
-269
16716
19390
-15
-19178
-16313
1870
14244
12243
3963
-2103
-7416
-12992
-10420
3594
12508
1411
-16149
-17156
-5545
-3869
-12482
-12243
-461
4770
-5247
-14865
-10270
529
3568
2683
8421
13957
5957
-7360
-4565
12831
21552
13830
3817
3758
7076
4935
6659
11822
10474
2276
849
6233
5321
1764
9
64
1312
5138
6319
791
-3905
-4024
497
8593
12295
4004
-5099
-2616
4248
6363
4685
2715
195
-1564
-1339
-1493
-2725
-3970
-5224
-7404
-8846
-8679
-10326
-12299
-13939
-11867
-9239
-10086
-12679
-7878
4886
3067
-16155
-28228
-9982
17847
21225
1725
-16715
-17069
-5626
9473
22373
23215
7935
-14045
-17819
4767
26196
19564
-2877
-9416
2218
8684
123
-8761
-5136
4632
8452
2695
-4159
-6182
-7452
-7410
405
13738
17755
4385
-12229
-12748
2205
14557
12887
4214
438
605
-2801
-5814
-877
6298
3200
-7976
-11992
-6007
-4230
-12250
-16450
-8272
535
-4122
-14994
-15601
-6329
275
451
3030
8064
6171
-1857
-2282
8999
17979
14314
5838
6108
10873
14370
11673
5776
4706
7114
9110
6402
4068
-5
-5167
-3292
3312
6508
3049
-1707
-5365
-6487
205
9425
8473
304
-3360
274
6160
8349
5279
1181
1284
3908
4099
1453
-2061
-4398
-5382
-4428
-3868
-6210
-9151
-10429
-13014
-14572
-11891
-2907
9217
4430
-16059
-32124
-20328
10267
24167
10184
-15880
-27490
-18180
3031
22197
23348
5246
-17435
-22658
-2928
19940
20229
735
-11463
-3933
7286
4890
-6126
-8370
-1225
3769
1957
-1789
-3031
-6293
-10014
-4052
11469
19118
6388
-12269
-12929
5411
20185
16444
4126
-2191
-1719
268
4972
12663
13066
296
-12181
-8890
4345
7544
-4274
-13919
-9678
-1252
-3005
-11197
-13482
-8962
-5098
-3235
1366
3665
-2490
-10156
-5529
9546
17886
11218
626
21
5060
11928
14766
11816
7575
3119
2287
4677
9502
7033
-4117
-8692
-947
6639
2708
-5782
-9110
-6304
208
4909
3311
-762
-3345
-2255
3559
9688
9173
3295
721
4452
8372
6955
3360
1143
172
162
-919
-2117
-3590
-6076
-8617
-8688
-6061
1056
9439
1723
-19131
-30226
-11971
17566
22212
-1072
-25815
-28404
-13047
6576
19745
16852
-3325
-26616
-28252
-3396
19296
13997
-8472
-17886
-6174
4562
-1348
-11602
-9623
906
4760
-1595
-8188
-9064
-9028
-6913
3215
16668
17186
-952
-16427
-8340
15445
28340
19113
2968
-2674
1359
4572
7267
12359
13424
4078
-6328
-3858
6448
7458
-3625
-8719
843
9612
1166
-14711
-15544
-1281
8497
4828
-1018
-2167
-4352
-7852
-3500
9644
17277
9880
-1597
-4385
3846
11768
9988
6207
4396
2304
400
3673
4437
-5267
-11047
-2915
6132
584
-12243
-16507
-10877
-3235
666
-825
-3574
-6274
-9663
-5083
9061
15778
5225
-7963
-5073
10190
17797
11033
1064
-1922
2967
5165
3027
1548
-760
-6103
-9927
-4138
8849
17181
3513
-21527
-28540
-5411
23740
23584
-1707
-22246
-21937
-8587
8269
21856
18901
-2593
-25261
-23952
3176
22563
11091
-13914
-20036
-4692
3289
-6568
-14391
-8927
-2455
-5372
-11351
-11636
-8369
-10381
-13028
-4377
10693
13473
-3695
-19483
-10984
12952
25967
18658
5600
258
636
247
4163
16350
22025
8345
-12192
-13378
4284
13894
5449
-3468
556
4310
-4787
-14195
-6626
9790
11897
-324
-5952
433
2654
-3971
-3591
9205
16624
8212
-3888
-1841
10171
11671
4888
4643
10055
7122
343
1218
1880
-2240
-3097
2573
4455
-2343
-11228
-15835
-11758
-2345
1181
-3183
-6342
-7786
-11083
-8645
2600
10997
7673
-1276
-4578
-114
6035
8277
5264
4322
5247
3516
-2132
-4637
815
3212
116
-1977
8658
13371
-5384
-25804
-18457
13691
28896
10367
-17099
-26942
-16008
1841
18567
24725
10668
-16694
-32647
-15467
15899
23896
3343
-16613
-14169
-3624
-3476
-8495
-5439
2106
-731
-12273
-17980
-11913
-5404
-6958
-7049
1407
8949
1470
-14405
-16123
654
18677
20468
9808
917
-1934
-1847
1522
12193
20248
11370
-8667
-17026
-3901
11234
9893
-1188
-4766
-227
-644
-6582
-5485
4235
8554
4104
2583
6470
4436
-3993
-3185
10762
19333
11615
-845
-1722
8716
10636
4258
3674
8964
6561
-2404
-821
5003
1022
-7453
-6209
2755
4828
-3135
-12620
-14649
-7543
-1387
-1724
-3163
-4357
-6946
-7931
-3599
2076
3831
3003
3293
3358
1705
1184
2115
5059
5611
3150
-2274
-4907
-1689
-107
468
478
8847
12873
-2714
-21628
-21007
5754
26693
17266
-8370
-25157
-19613
-3491
13427
25062
17223
-8228
-29646
-20038
10814
23606
6545
-15160
-14411
-1666
-683
-11193
-13786
-2454
3928
-2673
-12106
-14239
-12961
-14336
-8951
6342
16399
5289
-18003
-24714
-5641
19582
25370
13469
2822
-1012
-2620
-2115
8382
21538
18749
-733
-15660
-10032
2190
2316
-4761
-1873
8684
4192
-14775
-22037
-6096
12430
13110
5810
4790
4968
-2556
-6911
6459
24838
25483
6535
-4096
5123
11521
7762
6514
12952
11147
-333
-5368
-3506
-2185
-2472
275
3427
217
-8945
-17673
-16053
-4084
2937
-646
-6263
-10015
-11738
-8118
961
7629
5536
245
-1187
1201
4505
6600
5896
5748
5298
3583
1120
-2245
-2707
-2621
-387
4522
13379
11048
-10518
-29217
-18898
15116
30860
11278
-19536
-31481
-18995
1866
18561
23359
9338
-17093
-32227
-15353
16284
25628
6503
-13837
-13346
-3403
-3067
-9614
-8490
908
3271
-5432
-13831
-13933
-13240
-14313
-7050
8962
16138
776
-21580
-24369
-3684
20189
26056
15137
2781
-2696
-3607
812
13891
25078
18871
-744
-12349
-6722
2337
2580
-724
1418
4405
-2360
-14766
-16960
-6114
4012
5394
5531
6067
-1005
-11757
-7882
12443
27291
20178
3931
2257
6577
5606
6155
15087
18606
8061
-610
-2370
-2990
-3557
334
5235
4445
-3169
-13056
-16924
-11258
-4423
-4602
-5848
-5038
-8322
-13212
-10643
-2369
2300
2709
2615
2424
574
-464
2157
8312
13652
12185
2856
-5015
-2457
5942
9621
6422
10532
13880
882
-19518
-21677
3443
25410
18991
-8005
-26768
-22101
-6726
8576
17554
12845
-6431
-26992
-23212
1767
18077
9929
-8806
-13574
-5205
-1680
-9014
-12914
-4666
2442
-1765
-11713
-13966
-10928
-12540
-11439
-100
12987
8710
-12289
-23872
-11962
10692
21102
15413
6534
2350
-320
-1675
8252
22980
22562
4337
-9839
-3659
7903
5938
-3854
-4103
4439
4142
-9001
-16912
-8484
1835
1402
-270
3703
4444
-5927
-13053
-1876
16800
23253
11882
3839
4370
4295
6846
14846
20498
12679
3213
632
-442
-60
2421
5268
4212
-688
-6677
-11926
-10924
-6009
-5872
-7311
-5510
-6354
-11441
-13491
-10597
-5805
-604
2851
2195
-1900
-2599
-626
1329
7089
12020
9958
2502
-1717
1879
7508
9807
14643
18734
8160
-12907
-21478
-3396
21117
22231
-2085
-24624
-24324
-10350
3875
12874
11373
-3053
-23088
-25394
-4456
14595
12297
-5037
-14379
-7237
666
-3806
-10977
-7465
-116
-1083
-8682
-12094
-11097
-12311
-10800
-2454
6906
6354
-6181
-16042
-11017
4327
14566
12699
6937
4438
2534
18
5830
19131
23059
9349
-6535
-5526
6794
11641
5006
-1228
138
824
-5435
-9553
-3650
2671
-605
-4133
881
5188
-1544
-9874
-4311
8035
13058
6930
3630
7289
3603
-656
5062
14398
10365
1491
1894
912
-4603
-5455
2881
9891
6502
-4149
-12772
-10422
-1704
-831
-6163
-4796
-577
-3894
-9128
-8946
-5158
-1153
1140
1055
-669
-894
-225
-2031
136
6442
10016
6494
-1043
-3330
1694
8681
15553
22446
15892
-5071
-20932
-9466
18997
30097
11097
-17137
-26245
-15802
2048
16050
15874
587
-22436
-30339
-9599
14506
14936
-4595
-17416
-10223
-287
-4005
-13531
-12067
-2302
316
-8143
-16089
-15199
-14632
-13916
-5128
7048
7939
-8615
-22236
-15647
3985
17610
14780
5876
2414
2804
1217
4132
16937
24931
14820
-2802
-5303
5943
9916
3284
-47
6583
9524
-1746
-13609
-9382
4109
6876
1374
2219
5825
-829
-11891
-5112
13877
20607
6758
-3918
5603
11118
5277
2658
9459
9484
-376
-3241
-1133
-1246
-4893
-7256
-3869
1901
2008
-6943
-14502
-10462
-4241
-3235
-1862
-1308
-5852
-8991
-5939
-1435
2129
3766
1985
-1934
-2501
1514
2925
1919
2105
3874
4098
2502
108
-1516
263
6436
20251
25214
6974
-17880
-21179
5033
30395
26083
-1664
-23879
-21107
-4443
13153
21703
12069
-11197
-30041
-20571
6765
19867
8060
-12315
-17236
-7830
-552
-3658
-8364
-6358
-5357
-8378
-10916
-9822
-10859
-16289
-13406
-423
8197
181
-16085
-19562
-6543
9703
14344
9028
4329
1694
-1594
-1150
11413
24263
18024
-1719
-10383
625
11521
8291
455
609
4407
-660
-9225
-6523
4813
6474
-3140
-3374
7442
9899
-2247
-9070
3076
17539
17460
5762
3578
8752
7231
6406
12109
15550
5166
-5431
-3833
1060
491
-5246
-8218
-5403
-3310
-6208
-11306
-11354
-8097
-10376
-11666
-5397
-357
-3234
-7640
-7006
-2326
2820
4578
3377
3536
5142
3416
68
1737
7118
8912
2315
-2203
-316
2677
1532
1104
15171
20700
1985
-24282
-22170
11977
30918
15653
-11938
-23243
-15672
-3692
12520
24095
14906
-12934
-32768
-17149
15530
25847
5981
-15090
-12234
-1184
-940
-8193
-7005
1269
-477
-9983
-14821
-9516
-7177
-13332
-13097
-1244
8609
-1046
-19874
-21664
-3155
14605
12506
2735
1583
3162
-2196
-4948
11023
28054
19383
-6395
-15673
1641
15433
8044
-3389
257
7691
-1072
-13658
-8558
7543
8781
-3608
-4617
6213
7148
-5756
-8299
7944
21195
14288
3430
5482
7815
5143
7346
16788
16988
4761
-4197
-3210
2357
3504
-129
-3123
-3437
-6011
-11239
-11295
-4876
-4203
-12142
-15182
-9631
-4633
-5169
-8068
-8641
-4085
2163
2414
-1368
-370
5011
6320
2709
2167
6713
8524
3774
-1439
268
5272
4453
8972
17797
11284
-13275
-28459
-5790
26678
27932
-633
-26647
-26642
-12222
6621
21678
19566
-702
-27552
-29090
39
25660
20068
-5842
-15759
-5250
2893
-2835
-7624
-639
4551
-533
-10590
-12280
-7255
-8188
-10099
-3960
7838
8077
-10566
-24882
-16174
6909
18253
10441
676
-1471
-2403
-6016
1541
19790
24848
5980
-14806
-10558
7529
12126
2674
-1448
4120
2465
-8529
-11649
-958
7134
1532
-3187
2808
7560
-1649
-11553
-3051
13919
18345
8073
3662
5984
2687
2050
11917
19282
10646
-1450
-2649
1171
1704
195
1082
3334
89
-8292
-12799
-7451
-922
-5178
-12167
-10182
-5250
-6371
-9707
-9338
-5639
-1744
69
54
-498
194
1389
1723
3627
6810
9251
6162
41
-401
3705
7449
6780
12601
18431
5231
-18123
-23429
2933
27270
19502
-6582
-24233
-21846
-10670
3386
17266
16832
-3044
-28129
-28041
426
22874
14928
-7385
-12261
-2436
480
-6063
-6980
2370
6592
-615
-10035
-11008
-6564
-6573
-7371
-880
8468
5168
-11848
-21273
-10710
8458
15339
7957
854
-853
-2271
-4222
3577
18539
20212
2844
-12902
-7359
7629
10379
2409
-770
2938
583
-7657
-8705
40
5675
1537
-775
3595
4069
-4686
-8680
2935
16082
15174
4744
1621
4486
4200
6448
13258
14086
3604
-3188
824
3977
332
-3249
-391
3578
2
-8259
-11085
-5855
-2293
-7676
-11619
-6724
-3307
-8110
-12507
-8640
-2080
-222
-2158
-3166
-1738
673
2335
1867
2412
5494
7159
5514
2117
1618
4508
6278
5017
8297
16923
13492
-7160
-22917
-9760
18125
25690
6460
-17452
-25429
-17194
-630
16004
20001
4198
-22533
-31741
-8622
20370
20527
-2908
-15381
-6780
2548
-343
-5894
-3095
2837
1719
-4989
-8067
-5509
-6087
-10281
-6764
5869
10894
-3195
-19855
-17877
335
14458
12816
3725
-2185
-4324
-4688
1622
14328
18543
5181
-10819
-8911
5386
10144
1882
-3817
421
3309
-2437
-6942
-3748
772
787
1790
7110
6753
-3683
-10871
-1410
14530
18717
9315
486
1666
4983
7765
12518
13174
4310
-3630
517
6509
2570
-4183
-2889
3213
2879
-4197
-8226
-6603
-5542
-9233
-9884
-2107
1436
-7961
-16991
-11767
-232
3649
-113
-3832
-3396
-1267
118
1339
2953
6448
6427
2781
336
848
4563
5346
3800
1934
7305
15324
7608
-12846
-21878
-2834
21942
21455
-1471
-22212
-24017
-11672
5760
20334
18087
-4674
-29400
-26866
3551
25034
14816
-8059
-14296
-4152
1658
-2592
-4821
972
4666
-372
-7118
-7512
-4893
-8482
-11193
-1668
11844
9940
-11045
-25686
-14305
10179
20976
11163
-687
-3718
-3837
-4120
4154
19318
19723
-567
-16653
-7517
10162
9460
-3152
-4395
4507
3140
-8911
-12477
-2747
4783
2884
2088
5733
2712
-8508
-11013
5214
22184
19109
2232
-5885
3273
12311
11649
9503
8240
3929
18
2077
4251
964
-2271
-335
2374
918
-3327
-7380
-10743
-11121
-6334
-337
932
-7125
-17127
-14968
-3271
3900
1787
-2437
-3724
-3469
-2752
1059
6146
7753
5411
2392
1030
2127
5693
6914
5268
1119
-1358
2238
10755
12708
-2271
-18757
-14095
7295
18428
7188
-11986
-21848
-17750
-3116
12696
16891
4935
-14580
-24547
-11282
13153
20826
4726
-12444
-11249
-301
3096
-1484
-2900
1440
3516
-2096
-9175
-9033
-5822
-6243
-4695
4373
9477
-2909
-19926
-16422
4831
18212
12517
1667
-1656
-2622
-5001
373
15168
21127
5452
-14125
-12392
4106
9456
1345
-1424
3462
541
-10910
-12788
-659
8065
3706
-1862
737
2029
-4277
-5889
6228
17937
12983
818
-879
6967
10745
6180
5541
11076
9744
-557
-4492
3218
7746
1992
-3511
-321
3475
-1634
-11366
-13953
-5967
2086
-539
-10231
-13471
-9651
-6431
-3825
-73
2630
-376
-6805
-7687
24
9335
10660
4834
341
1136
3823
4727
6638
7787
4882
362
-2424
-1460
-1852
1840
11017
7580
-9759
-22464
-11679
9158
13046
103
-14202
-17021
-10756
-122
12214
15212
2113
-17614
-18677
4246
20570
10366
-8345
-9610
1443
4169
-1376
-1494
3062
-910
-10760
-11030
-613
4327
-6557
-16765
-8485
7399
7648
-8048
-14296
-1482
11595
9366
719
70
3315
1223
-1185
6115
15399
8810
-9619
-14336
2319
15802
7464
-7405
-8838
-1549
-83
-2322
696
3916
-468
-6224
-2142
6938
7450
209
-2007
5369
11537
8448
3221
2173
5659
7987
7575
8398
5346
-1341
-2032
6201
10357
2402
-5863
-5236
-1313
-1828
-4244
-4395
-5575
-9065
-10466
-7298
-2251
-2065
-7600
-8714
-1629
3197
6
-4599
-2142
5335
8633
5967
2457
2433
5368
6186
4890
4588
5465
4500
-909
-5637
-4343
-1114
-294
4457
8157
-2367
-21578
-25303
-3772
18059
14998
-6816
-22802
-20409
-5932
10194
19299
15138
-3327
-21788
-15557
10765
23679
9287
-8966
-7299
5217
6034
-4328
-9487
-4829
1074
570
-3500
-5714
-9899
-15736
-11214
5468
15937
4245
-15237
-16399
21
12854
11832
5425
1591
-1551
-4548
-1154
9126
12952
2320
-8614
-4423
6246
4902
-4725
-4753
2807
3411
-2859
-4417
-865
-699
-2311
2140
9330
7666
-1234
-4163
2526
8793
8000
6250
7854
5406
934
1991
7698
11479
6517
795
1591
4992
1812
-5854
-4868
2510
3843
-4343
-11246
-9601
-6044
-4907
-3663
-1990
-2681
-7304
-11125
-5744
5539
8977
1553
-5205
-1740
6483
9086
6672
4286
4448
5300
3920
2376
2690
2212
-477
-2900
-2362
-2881
-7609
-12163
-7966
6698
8833
-9740
-29294
-23716
4707
19710
9687
-8975
-19264
-16418
-4849
14541
28148
17557
-10588
-25745
-7048
22353
26689
5853
-10083
-5903
1859
173
-4286
-2187
1953
-1315
-6997
-6801
-2813
-5214
-11751
-7571
5610
11307
684
-12031
-9790
2078
9959
8709
3998
146
-4080
-6080
23
10482
11130
-613
-8685
-2973
4806
2323
-3475
-1925
2288
625
-3939
-3303
352
690
529
4344
7669
2606
-6306
-5636
5494
13592
10406
2881
-1507
-2741
2619
11554
14386
6775
-4421
-6618
546
8033
6120
-1805
-4743
-3035
-2657
-4611
-3060
504
-780
-4101
-4099
-3075
-3551
-2125
2320
6859
6524
208
-3847
-151
7050
10590
8617
5634
1711
-2779
-2266
3352
7072
3205
-5487
-10201
-5933
-3497
-6243
-10915
-11782
-8405
-6702
-767
533
-9263
-21159
-16162
6711
18844
9901
-8800
-18612
-11174
4165
20161
25569
12057
-10776
-22304
-6956
19432
24815
5631
-11456
-10454
-2084
194
-1332
966
2457
-2492
-8008
-6536
-539
-1516
-8457
-5304
9171
14322
-759
-15665
-9486
7501
12644
5268
508
-80
-4055
-7925
-551
14125
14779
-3299
-15943
-6350
8436
5375
-6269
-4691
5229
4234
-5885
-7130
883
3731
-619
-658
5709
5916
-2753
-6760
1349
11300
10760
2765
-2669
-3412
2371
9309
8949
2972
-3895
-4556
827
7977
7700
-1303
-6253
-4122
473
3030
4375
4265
-981
-5792
-3786
3043
8361
8237
2579
-2289
144
5466
7379
5218
2657
1987
2510
2670
575
-2444
-3592
-2402
-1987
-2836
-5308
-9557
-12957
-11319
-6119
-5190
-10179
-12913
-10527
-4447
3966
3162
-7693
-16724
-8300
9745
16776
8338
-6921
-14325
-9409
5476
19379
19315
5218
-13377
-18856
-1182
20337
19431
513
-10981
-6005
-702
-2756
-1435
5029
5934
-1655
-6488
-3036
-155
-5383
-8341
3829
18438
12340
-10273
-20170
-5613
11380
11758
4735
2102
-1547
-10004
-11431
3688
19291
12537
-9532
-17841
-3351
9790
4450
-4449
-1760
2260
-3227
-7641
-2089
3227
-892
-5574
-10
8027
5384
-5122
-9316
-1254
8912
9428
2544
-3526
-4569
1408
8604
10495
6325
311
-2205
409
6062
7963
4964
1877
1794
3718
4256
3739
3432
3786
5164
5534
3596
2455
2701
1489
2149
5500
5102
-785
-5584
-3603
2012
3729
-1332
-8120
-10439
-8309
-5668
-4784
-3938
-4884
-9613
-13226
-10367
-4154
-2574
-6368
-10128
-9377
-4272
6789
10708
-3721
-21826
-19441
6061
22976
12133
-10722
-21436
-13358
2342
17029
24293
14540
-10504
-26646
-9596
23399
30531
5868
-15033
-9676
4494
5712
534
2889
7644
3643
-4178
-3979
1896
878
-5237
-963
12304
13629
-4363
-19716
-12114
7372
14706
6796
-2241
-5959
-8132
-8260
441
13140
12968
-2740
-15214
-10833
596
4300
1955
627
-3136
-10246
-10788
-2261
3197
-915
-4978
-1056
2751
-2007
-8069
-4564
5857
10498
5405
-459
-831
1384
3598
8750
13804
9952
310
-3964
2269
11815
16090
11248
1844
-2524
1349
9192
13412
11587
4701
-1711
-2161
2575
5650
3051
-84
-1503
-1439
-1863
-4622
-6173
-4721
-1833
-1543
-4281
-7251
-8725
-7274
-4400
-1121
-915
-3528
-7395
-10207
-7317
-1584
2546
-1106
-9317
-14705
-13014
-6746
-2374
3429
3915
-7347
-22378
-21681
1821
20225
13933
-7031
-18878
-11254
4252
17117
20345
12093
-2488
-11430
-2921
15537
22400
10342
-3400
-2791
6334
8778
3719
2111
5504
6465
2639
-880
-1604
-3709
-6307
-1556
9044
10738
-3108
-17446
-14913
1094
11090
7157
-1664
-7897
-11094
-9797
-481
9760
7214
-7377
-16993
-12165
-2718
453
-1261
-2778
-5067
-8951
-9507
-4907
338
2513
2771
3487
1935
-1491
-1634
3455
9125
10526
8492
5050
960
-366
5239
13399
16733
10656
1276
-445
6201
12829
14170
11935
7420
2450
245
3758
9446
9994
3243
-4348
-5538
-820
1958
-2484
-6258
-3472
-371
-2071
-5885
-6595
-3637
-2402
-3520
-2515
-497
-2304
-7710
-8745
-2830
920
-3843
-9029
-8456
-5317
-7687
-12530
-11520
-6233
-5225
-12052
-16182
-12822
-7695
-5734
536
4246
-6435
-21463
-15289
10750
24545
12398
-7812
-11033
744
13418
21671
22870
14082
-1361
-7488
8181
27782
22739
1214
-5840
7251
15937
5603
-4696
985
10296
7952
-1581
-4683
-2184
-5141
-8944
-796
11460
6459
-14206
-24053
-10578
6028
4747
-5940
-10104
-10115
-13362
-14165
-3830
5735
-1881
-17399
-18352
-3923
3608
-3240
-8263
-1761
4629
1628
-2305
387
3996
2549
2597
8839
12405
6077
-2597
-737
9866
16247
12216
3524
-720
2015
8438
13626
15251
10694
1877
-977
5811
12864
11983
6818
2969
161
-777
1789
5569
6251
2580
-1445
-2943
-1469
596
-36
-1160
-214
257
-2642
-6793
-8249
-5044
-198
-106
-5522
-11476
-11873
-7663
-4753
-4161
-5596
-9685
-13928
-15347
-11464
-6399
-5568
-9005
-13059
-14067
-12682
-10418
-9090
-6536
-5059
1149
6999
-515
-13678
-12133
11013
27403
20647
4336
-3757
-1646
4654
18737
31691
26833
3923
-13674
-2970
22666
29153
10321
-4720
317
8579
4765
-787
3665
7148
-380
-7543
-3724
2426
-3318
-14874
-13396
844
5537
-9019
-22474
-17170
-3450
-1268
-7642
-7480
-4973
-10034
-16235
-9439
5531
7257
-5390
-12358
-4396
4128
1890
-1150
3299
6871
1964
-1609
3058
6667
3488
810
5673
10422
6520
-197
-1006
3927
7562
7339
5197
2753
285
418
5770
10990
12491
8203
1237
107
6376
13473
14412
10564
4279
264
2152
6358
8745
7218
3368
-2965
-8183
-5408
2140
3315
-3123
-8247
-9308
-8291
-7101
-5932
-3674
-3184
-6683
-11462
-11863
-7868
-6442
-8429
-8425
-5225
-5437
-11190
-14603
-11679
-6404
-5529
-7682
-9004
-8047
-8828
-11175
-8729
-1873
4230
4277
5265
1727
-6540
-8444
6033
25561
25911
10136
-4047
-4075
6800
20018
28259
25044
10338
-6233
-8349
8314
24586
19616
1645
-5695
-302
3221
-193
-1147
3689
3901
-3765
-10505
-9271
-4427
-6145
-10545
-7254
675
-2057
-15662
-21522
-11534
1288
2480
-3782
-7777
-8760
-8736
-6570
1194
8462
5562
-4396
-10027
-4680
3705
7237
6310
2279
-2874
-4745
-743
2804
2223
1932
3937
3904
-982
-4170
-153
6708
9772
7156
3878
2637
2955
4981
11028
18133
16404
8110
2848
5268
11631
15043
12579
6152
2944
2690
1552
882
3627
5693
777
-6496
-8605
-4631
-1290
-2657
-6245
-8544
-7858
-8350
-9268
-6719
-3388
-4402
-8608
-9911
-8220
-7553
-8473
-8038
-5554
-4903
-7922
-12187
-13003
-8387
-3437
-3506
-7119
-9800
-9834
-7678
-2784
1057
1902
-2038
-5411
-5344
1831
15790
16145
1858
-10959
-579
19670
23600
12295
468
854
4736
9642
17362
21442
12505
-4495
-7538
8837
22734
13629
-2764
-2506
8087
9601
-987
-5458
1312
3208
-3309
-7143
-2489
-1959
-12698
-18020
-6454
7171
1438
-14746
-19715
-10987
-3249
-4206
-3566
-778
-5125
-14485
-15227
-1183
8553
510
-11223
-8522
2191
2185
-4116
-3888
2867
4639
1178
1857
3049
1148
-25
5323
12145
10204
2856
-595
2860
7856
11251
13259
11204
5981
2930
6785
12404
12455
8499
6916
7914
6378
3844
3446
5077
5053
2895
775
-729
-1737
-2526
-2687
-1758
-1296
-3970
-7406
-7457
-4889
-4518
-5982
-6040
-5953
-6888
-6919
-5878
-6670
-8665
-8345
-5520
-3981
-6286
-10084
-10889
-7590
-3828
-3924
-6756
-8776
-8216
-6549
-5422
-3112
-2111
-4084
-5596
-5132
-2470
-770
-2209
-2559
-1059
7398
13584
5459
-7819
-7121
13740
26599
19347
4292
-1947
2485
8403
19457
29054
24482
3134
-12972
-2308
22203
29676
12492
-2036
-2062
489
-1815
-2408
5149
6201
-5401
-15020
-12918
-6403
-9832
-15982
-11313
-942
-2849
-18270
-24208
-14162
-1596
-350
-4893
-4440
-6086
-11791
-12737
-935
12998
9139
-6685
-13042
-3255
5957
4506
3347
5629
3784
-4275
-4711
5344
10478
6262
1692
4822
7652
4232
1915
6145
11912
10368
5815
5241
6418
5114
4837
10882
14525
8108
-1828
-1229
8929
11913
5309
-442
1383
3407
778
-1358
30
1959
-780
-5343
-6473
-3392
-1095
-3151
-5809
-5187
-3473
-5139
-7881
-7025
-3691
-2376
-5853
-10080
-10312
-7698
-5798
-6727
-8606
-10262
-11328
-11394
-9549
-6162
-4635
-6691
-9542
-8489
-5157
-3994
-4348
-2811
691
1897
-1058
-4735
-3440
1541
9422
12612
12201
12221
6664
1657
3471
18908
29727
23152
7933
-1752
3149
11198
20141
23507
15698
-303
-13333
-7796
8275
16451
5324
-9379
-10854
-6517
-5012
-7569
-4299
1284
-902
-7763
-13173
-11216
-7856
-5083
-554
2780
-154
-12613
-19075
-11026
2997
7040
-3018
-10482
-11320
-9333
-6702
-1954
5395
3522
-6505
-12351
-6435
3142
3262
79
1162
5478
4061
-1279
-359
4005
7665
8947
10878
10330
3309
-1039
4083
15098
18690
11883
4155
1434
3760
6624
9844
11475
7595
1045
-3687
-66
7401
8529
3715
-331
905
-793
-3684
-2520
1320
2493
-2690
-5176
-4571
-3442
-5543
-8084
-5037
-857
-2292
-11489
-15767
-11110
-5085
-4223
-8831
-11516
-12647
-12792
-11256
-7525
-3940
-5682
-10228
-11634
-6405
-608
-299
-1486
-103
2925
2500
171
2221
7971
11787
9557
5919
4808
6603
7451
5779
7212
8330
10943
11706
4039
-6316
-8106
7250
18180
11052
-5255
-12100
-5627
558
8805
15515
13152
-2606
-18072
-10601
13308
24989
8501
-10335
-8647
3238
7035
1581
3250
6631
113
-8791
-9016
-321
-233
-9227
-12006
-4880
-959
-10413
-18110
-14091
-4913
-3992
-9604
-9307
-8115
-10803
-13312
-6677
5462
5241
-5642
-10557
-1162
9667
8647
4258
4554
7314
5544
4572
9344
11937
10023
7074
9361
11794
8254
3575
4143
10613
13360
8666
2162
-929
-137
2453
6651
8237
3470
-4479
-8656
-4809
2631
8347
6083
-4154
-10389
-6719
825
3846
3415
86
-6807
-11335
-8653
-1361
894
-4688
-10948
-11449
-6698
-4867
-8253
-9350
-4458
-857
-3484
-6443
-6067
-3916
-2171
582
4146
3982
-998
-5645
-2805
5103
9074
5811
654
-1074
-1487
-1316
1733
6597
5400
-1432
-5739
-4271
1056
1802
258
-2062
-2883
-1711
-3263
1440
6499
3715
-6370
-9113
6247
16280
11710
-1763
-7011
-1532
4509
12540
16105
13332
-317
-10859
-2908
14588
20676
4238
-6475
-1069
5977
3957
-3489
-672
2533
-1130
-6602
-6344
-1540
-6957
-14550
-12295
-513
1975
-12734
-20606
-15058
-4044
-1340
-5206
-5497
-7240
-7601
-5539
2090
9298
5225
-2379
-3788
5720
12097
8920
6363
5733
6101
3899
5456
9806
7982
3373
181
3554
6698
4515
-58
-2599
-105
667
939
2142
541
-4353
-6820
-193
5528
2653
-3745
-4982
332
3761
3378
1896
1809
367
-1944
685
5313
5494
878
-3414
-3251
616
4309
4644
1306
-2544
-4670
-4021
-828
2623
2484
-1945
-5309
-6078
-4824
-2006
-261
256
-1014
-3903
-6814
-7963
-4803
645
2653
-1437
-6905
-7394
-4171
-635
944
1335
27
-2904
-4412
-4150
-2747
306
1309
-506
-4358
-5600
-4262
-3080
-1578
-702
5855
6822
-2463
-14242
-8989
11854
19268
8019
-6874
-6809
-505
5086
14560
21073
15733
-4017
-12850
2511
23098
23339
5501
-1372
4785
7730
1867
332
9063
9175
-2037
-8991
-4329
417
-7215
-11223
-3182
5022
-3241
-20006
-21160
-9304
663
-1592
-5690
-5744
-8798
-12241
-9174
4219
12629
4488
-8860
-11901
-2143
6481
8308
6408
1116
-3982
-6126
-1715
3724
4350
2370
-1142
-2054
-1633
-598
-67
41
1677
2355
2898
2076
866
2335
6108
9107
7831
5487
4536
4099
5621
9272
11775
8114
2125
1666
4642
6003
5908
5410
2521
-2477
-3833
-517
3995
4122
-1154
-5255
-5098
-2701
-3106
-3798
-1396
9
-2346
-6890
-8368
-6660
-4171
-2617
-3386
-4659
-6697
-9083
-9441
-6494
-2703
-2572
-5344
-7602
-7779
-5828
-3871
-1895
-639
-1949
-5201
-6883
-4242
-633
-8
-2688
-4632
-3408
-3769
-4294
-5448
-3214
198
918
5816
4782
-1781
-11061
-3905
16116
22517
12609
-2995
-2336
6336
17249
26974
27216
17960
38
-2501
13619
30438
27503
7131
-2232
1345
7474
6273
4590
7601
2056
-8502
-14261
-8493
-2013
-8682
-15429
-14040
-7562
-11110
-22158
-22937
-14543
-5017
-7084
-12266
-13520
-14595
-13624
-11168
-1134
4930
-1519
-10752
-11118
-66
6210
5336
3295
1838
1616
-158
2763
7432
9201
7933
5049
6154
6457
6246
7288
9939
12118
9166
6163
3894
4296
7044
9579
10338
7155
4654
2674
1483
4115
8545
10550
5263
-371
-223
2339
5850
5272
2866
769
-1049
-3523
-5397
-453
1459
-2528
-7402
-7060
-4541
-6258
-6728
-5586
-3379
-5355
-10250
-12555
-10310
-5491
-6422
-8731
-8980
-8915
-9863
-9849
-5461
-3023
-4785
-8581
-9742
-6256
-2379
-569
-2353
-3756
-3793
-3386
-2131
-1377
458
1570
502
-1359
-2865
-832
2629
4409
3531
3632
2475
-972
-1273
5762
18187
17492
3753
-6634
4989
23818
26066
16533
9595
11497
10213
12417
23725
30647
19760
-1147
-2478
13004
21121
8976
-6036
-2951
2360
-4743
-16189
-13896
-5139
-10920
-22103
-23148
-15785
-17580
-28620
-26775
-13325
-5698
-16203
-27704
-22040
-9182
-2333
-5641
-4531
-406
-3527
-7370
-1727
13658
17185
4981
-4476
1123
13084
13538
8326
7100
8769
7199
3088
5741
10620
10751
6412
4117
7080
7496
5475
4375
6500
8975
7510
5932
4561
4941
5907
6816
8011
7625
6060
2696
1204
4454
7511
5224
-1621
-4433
-2012
-235
-1989
-3974
-2564
-5290
-10875
-11840
-6880
-4087
-6334
-8113
-10549
-12711
-13342
-9698
-4337
-2559
-6563
-13138
-13919
-9011
-2732
-1386
-4136
-6968
-8693
-6835
-3951
-1141
517
211
-1987
-3829
-2098
-350
185
1548
3808
4351
1223
-1775
-894
3957
8096
7748
4792
1840
2628
6184
8908
9443
8230
6445
4472
3528
3856
7707
9140
10134
11680
9035
988
-3421
8974
19718
17405
4796
-3301
-3238
-2287
6521
14722
14466
-2206
-19083
-15255
193
9482
-1399
-11393
-10416
-9977
-14732
-17234
-7434
-2744
-9335
-16235
-15659
-10838
-13982
-15337
-7513
2107
1093
-11507
-15558
-7789
3382
6534
3261
4035
2461
-897
-1636
7590
19627
16861
4264
-2308
6189
14845
13056
9624
9946
10613
5462
2524
7158
11867
9746
3144
2885
6307
4721
-666
-1916
4376
7185
1732
-4792
-4978
-1151
-149
-303
-17
-939
-5698
-10271
-7561
-1088
75
-5198
-8753
-7125
-6041
-8560
-8549
-2638
992
-5023
-11005
-7001
-1341
-3373
-6885
-2695
1039
-2305
-8366
-7649
194
4048
349
-4170
-2184
49
-2007
-2903
2130
6782
2359
-3997
-3088
3672
7236
5010
2633
2316
2558
1923
3257
6374
6769
4046
1517
2214
4005
4240
3269
3484
4886
2978
228
-228
258
353
334
1229
709
-2795
-6086
-5842
-2746
-2716
-2878
-2531
-1487
1929
-666
-6644
-9333
1857
11605
7169
-2464
-7616
-3984
-2689
3947
13879
13512
-1568
-17511
-9634
9497
16389
3013
-8423
-3551
-279
-3113
-3579
5214
7466
-3288
-8388
-2168
4860
-950
-8103
-34
9811
6650
-5291
-6432
2953
6762
4955
3795
7490
4522
-3379
-2886
5723
13927
8438
-1521
-3680
1008
3200
-65
1354
3336
92
-5477
-6632
-2598
-2320
-4316
-3950
-1656
-2509
-8362
-10761
-7198
-1399
12
-3702
-6199
-7851
-6938
-2903
2178
2916
-1848
-5266
-4767
-536
3851
4924
2115
-1901
-2154
1381
4576
4107
1375
595
1878
2677
2455
1566
2772
3501
2138
1521
1939
2491
925
1248
2829
3714
3387
441
-1547
-656
3676
5375
1478
-3046
-2739
1896
3496
1856
324
545
425
-2960
-3963
-73
3119
480
-4894
-5645
-3122
-1845
-2530
-2296
-619
-2822
-8092
-9209
-4043
-26
-2057
-5471
-6397
-5454
-5898
-5246
-1238
899
-1744
-7360
-7176
-3000
960
615
1521
8923
6542
-4326
-10821
3412
19239
17014
6951
-60
2771
2662
7445
17997
22059
11854
-5820
-3552
11696
20458
11046
482
3793
5383
1972
-1358
3465
6742
306
-4947
-3082
1875
-2596
-10943
-8579
443
4303
-3584
-11606
-11475
-7387
-2556
-1743
-1611
-5115
-11194
-12616
-6850
3546
3753
-5431
-11862
-8837
-3098
-2599
-2503
-1728
-1597
-3353
-4966
-4149
-3094
-2376
-1320
480
1306
-672
-2953
-2777
-164
2897
4346
3936
623
-2046
-552
3336
5525
5400
3912
1218
207
2533
6462
7558
6060
5122
4550
3362
2434
4548
7727
7593
4094
1516
2084
3027
2670
2345
2947
2299
-472
-2131
-1780
-680
-239
-1371
-1831
-1971
-2497
-3947
-4108
-1990
-1255
-3066
-5623
-4399
-2075
-2514
-4705
-5068
-2388
-2040
-4350
-5365
-3538
-2207
-3558
-3488
-1207
-1078
-4463
-6565
-3839
-428
-833
-3458
-4029
-2265
-2455
-3904
-2646
16
414
-1768
-1917
-725
-623
-147
2593
6234
6175
3347
2151
3631
7361
9648
11778
15904
14258
5017
-2290
7605
21176
19477
7519
183
2764
3048
5782
12626
14978
4930
-10378
-9043
2794
9137
1224
-7105
-4006
-2424
-6101
-9976
-5202
-150
-2519
-4708
-4921
-5038
-10301
-12418
-4220
3666
1706
-9304
-15110
-12328
-6796
-1619
-791
-3256
-10770
-16210
-12895
-4779
2064
-200
-5938
-9803
-9607
-6478
-2665
2524
3070
-230
-3411
-3872
-1476
1573
5694
7761
6787
3857
1396
2830
6176
9413
10821
9917
7551
3580
2957
6824
10968
11389
8326
5024
1486
1002
4633
8366
7765
2888
-828
-1785
-949
621
2248
2753
-140
-4269
-5885
-4006
-1613
-1754
-1701
-1447
-2530
-4912
-6495
-4744
-1975
710
119
-3351
-6397
-6578
-3012
414
1170
-1421
-3189
-3529
-4005
-3114
-756
1778
-60
-3549
-3719
-1281
504
28
-517
-456
-374
-854
-1317
-1089
-975
-966
103
2191
2370
-683
-3112
-1055
3468
5219
2859
207
48
1362
2194
2705
3797
4249
2978
1496
1601
3007
3984
3886
2738
1304
1043
2289
3248
3299
2808
2240
3369
3976
1705
-2287
-939
4677
5795
1617
-1728
-444
-272
-419
3420
7095
2966
-6930
-7916
-61
4968
449
-5025
-2946
-1791
-5312
-8241
-3816
811
-2376
-7614
-8116
-4159
-4479
-7866
-6789
-2240
-1314
-6688
-9072
-5505
-2106
-2060
-2438
663
1851
-1705
-5257
-3285
3546
6671
3678
-1570
-3079
-1046
487
2509
4085
3919
-350
-4305
-2277
2645
4918
2572
1137
895
77
52
1961
4610
4366
3049
2494
1890
891
1186
4778
7133
5507
1600
-495
1567
3973
4767
3956
3601
2769
293
-631
1579
5623
6116
1912
-2203
-2616
-444
180
407
1623
1970
-1209
-4770
-3370
-93
1201
850
651
-1574
-4799
-4907
-1087
3046
2090
-1944
-4023
-2875
-1508
-349
1395
1346
-847
-2974
-2145
-115
19
-713
-613
663
379
-2035
-3861
-2669
258
483
-1828
-4171
-4630
-3808
-3296
-3037
-3099
-3450
-5350
-7176
-5997
-3335
-2295
-3603
-4111
-3259
-3168
-3727
-2789
177
2052
1836
575
125
1838
4307
6108
6978
7273
6125
4111
4409
7798
10413
9156
6669
6698
7412
5271
3320
6009
9857
7592
1116
-1032
1955
4302
3062
2391
2579
410
-2565
-1798
2928
4052
206
-3585
-3547
-1876
-2326
-3003
-3387
-3904
-5137
-6112
-5803
-6652
-7767
-7933
-6579
-6122
-8596
-10626
-11485
-10627
-8732
-6974
-6982
-9812
-10765
-8972
-5624
-3632
-3853
-3668
-3019
-792
-84
-282
1535
4232
5389
3700
4281
6794
7914
7379
7106
9298
10279
9492
8597
8574
9303
8975
9965
10950
9781
6869
5274
6478
6214
4945
4827
5995
5391
1553
-417
832
2648
1949
277
548
297
-1985
-3856
-394
3093
210
-3781
-2788
-530
-2275
-3283
-1508
-832
-3266
-5220
-4624
-3359
-3321
-5185
-6553
-6275
-5428
-6507
-8117
-7834
-7171
-7474
-9140
-10463
-10789
-9390
-7495
-7312
-7912
-8824
-8465
-7249
-5421
-2841
-385
473
-1271
-1611
1000
4618
6062
5497
5792
6672
7104
6804
7176
8023
8512
8487
7565
6938
6679
6299
6390
7229
7903
6876
4907
3600
3797
5826
7347
7149
5099
3075
3215
4159
5390
5165
5024
4113
2409
1031
269
1629
2040
1507
-669
-3082
-4329
-4811
-4187
-5496
-7253
-8810
-9175
-9083
-10320
-10476
-9961
-9530
-11072
-12112
-10281
-8319
-7876
-9059
-8570
-6958
-6678
-6580
-5445
-2821
-1703
-2114
-2323
-1630
-241
149
1914
4147
4418
2789
2270
5284
7468
7392
6585
7358
7970
6606
6662
8255
9851
9070
7983
8587
8830
8138
7370
8928
10053
8224
5532
4868
6570
6504
5009
4241
4065
3035
924
412
417
-61
-629
-652
-1239
-4073
-6000
-5776
-4660
-5015
-6716
-7964
-9319
-10496
-11043
-9672
-8502
-9741
-11728
-12233
-10812
-9730
-8889
-7765
-7129
-7345
-6744
-4048
-2378
-2907
-3028
-694
1860
1821
997
1707
3542
4067
5126
7250
7082
3755
2381
5350
8081
8277
6033
3659
2909
5104
6846
5905
5082
4700
3718
2338
3631
5268
4190
2461
1883
2814
2475
1826
1854
2467
1994
-567
-916
871
1785
-756
-2978
-994
1223
-521
-4681
-4162
-754
-1083
-3922
-4330
-1809
-2276
-5518
-6495
-3911
-1351
-2890
-4946
-4853
-3735
-3829
-4299
-2070
-343
-1237
-3317
-3081
-928
179
793
1149
2017
2284
1556
1321
2389
4341
4883
4350
3404
2154
1165
1767
4019
5011
3113
397
-484
-229
-304
-114
1023
811
-1841
-3746
-2578
-257
-247
-1384
-1516
-1074
-1380
-1990
-1065
133
475
139
206
930
887
640
1256
3016
3752
2029
5
-121
1933
2941
1935
546
-456
-975
-1744
-1577
-739
-340
-1734
-4090
-3914
-2148
-1017
-2013
-2647
-1979
-1985
-2519
-2196
-164
63
-1476
-1795
-198
904
164
97
757
620
-724
-283
1985
2267
-344
-1910
805
3281
1659
-1461
-862
1819
2100
944
891
2199
2011
660
825
2600
3542
1938
916
1782
2395
1368
167
1028
1656
778
-486
-384
586
29
-621
-418
-345
-1679
-2871
-1790
-519
-233
-1013
-1780
-2706
-3376
-1736
504
1064
-932
-2670
-2191
-853
-165
-279
477
419
-976
-1735
-981
247
432
926
1674
1643
226
-963
292
2278
2783
1568
1110
1536
763
-435
162
2399
2479
109
-1283
-845
-547
-1472
-1240
141
422
-1501
-3636
-3093
-1484
-1072
-1809
-1093
81
-1286
-3526
-3186
194
2144
1195
-118
-355
-2
-167
328
1625
2552
1705
-509
-1235
-274
1100
1329
802
527
-346
-1197
-959
479
1214
658
982
1732
1994
1211
762
1941
3945
4944
2432
987
3055
4493
2522
1438
3923
4215
1380
-888
220
2500
2738
959
-1728
-2694
-2416
-2384
-2458
-2328
-2964
-5163
-6160
-5068
-3576
-3479
-4703
-5173
-4869
-4189
-3521
-3338
-3358
-2769
-1545
-1372
-2310
-2859
-2301
-1264
-526
29
-442
-1732
-2028
-895
457
843
478
578
1235
1876
2216
2353
2648
3468
4955
5717
5372
4303
4010
5238
6929
8110
7045
4697
3666
5202
6800
5707
3201
1641
2095
2609
2536
2239
1229
-529
-2037
-1482
53
-150
-2398
-4066
-4060
-3739
-3698
-3140
-2747
-3883
-5238
-4913
-3418
-3582
-4794
-4815
-3706
-3416
-4642
-4750
-3805
-3403
-4054
-4083
-3019
-3198
-3861
-3344
-1273
-604
-2419
-3154
-1528
544
53
-1337
-679
1323
2369
1031
423
1988
3677
3667
2722
3659
4575
3940
3200
4206
6327
5703
3545
2836
4368
5550
4672
4029
3323
2536
2227
3114
4020
2766
1451
1120
1472
1192
438
830
869
48
-1668
-2510
-2032
-1549
-1315
-2307
-3211
-3842
-3897
-3381
-3086
-3204
-4171
-4204
-3715
-3992
-4051
-2792
-1743
-3210
-4388
-2651
-779
-1692
-3347
-1844
735
267
-2307
-3065
-708
786
381
464
1335
427
-2236
-1929
1125
3345
2509
255
-1112
-1017
938
3120
4400
3528
1082
-695
448
4190
6167
4690
2370
2245
3202
3252
3222
4045
4947
4222
2616
1688
1707
2200
2622
3036
2756
1505
-134
-711
208
941
1067
563
-669
-2319
-2812
-1564
-795
-1488
-2834
-3555
-4054
-4598
-4477
-3742
-3447
-4571
-5745
-5739
-4987
-4786
-4814
-4419
-4224
-4332
-4221
-3594
-3200
-2931
-2404
-1717
-1318
-938
-158
415
590
778
1530
2255
2729
3001
3027
3156
3567
4137
4108
3567
3375
3912
4496
3975
2832
2752
3708
3935
2749
2379
3764
4537
3275
1971
3251
4843
3838
1772
1802
3248
2781
1284
867
1302
679
-1069
-1689
-1017
-661
-2252
-4312
-4457
-3664
-4063
-5565
-5484
-4143
-4790
-7045
-7399
-4754
-3182
-4840
-6289
-4977
-2766
-2977
-4191
-3332
-1190
-523
-1689
-1602
115
725
-414
-487
1906
3272
1304
-787
686
4034
4841
2914
1783
2653
3623
3483
3717
5006
5518
4392
2977
3212
4738
5517
4713
3464
3707
4590
3837
2027
1517
2971
3711
2466
701
-324
-319
-243
304
756
-371
-3054
-4741
-2719
-204
-1026
-4429
-5848
-4265
-3203
-3149
-2987
-2561
-3782
-5238
-4116
-1900
-1418
-3185
-3736
-2400
-1238
-1478
-2248
-1692
-979
-777
-769
-511
-679
-1944
-2066
-617
481
-736
-2795
-2597
-1083
-395
-1399
-2086
-1533
-1246
-1602
-2043
-1177
-77
123
-68
147
1094
1470
1701
2404
3444
4290
4323
4362
4416
4631
5057
5819
6891
6568
4924
3611
4356
5854
5436
3917
2994
3141
2564
1278
1009
1398
1214
-58
-694
-516
-900
-1818
-2430
-2064
-1833
-2173
-2478
-2888
-3475
-4218
-3757
-2269
-1916
-3238
-4782
-4298
-3130
-2845
-2867
-2645
-2459
-3532
-4099
-3139
-1658
-1256
-2185
-2200
-1490
-1065
-1521
-1138
863
1794
918
-166
795
2240
2445
2407
2797
3176
2307
1830
2720
3650
3214
2198
2619
2830
1460
87
1194
3152
2267
-254
-1364
-440
-104
-814
-581
312
49
-2154
-3408
-1930
249
521
-908
-1390
-1071
-1219
-1380
-275
1279
874
-780
-1480
-561
536
726
412
-16
-178
-95
23
-126
-493
-537
-58
333
-261
-1515
-1970
-1032
17
-44
-901
-1840
-2435
-2110
-537
807
153
-1494
-1894
-799
127
703
1601
1858
743
-401
533
2583
3351
2551
1486
1449
2038
2598
2546
1926
1504
1202
1038
822
618
189
-706
-1160
-1178
-1141
-1642
-2436
-2585
-2316
-2105
-2665
-3259
-2870
-1984
-1381
-1398
-1317
-1383
-1688
-1091
516
1751
1274
346
519
1332
2008
2574
3431
3641
2678
1723
2001
3394
4504
4691
3953
2655
1549
1357
2367
3594
3655
2040
-134
-1205
-627
473
561
-732
-2259
-2528
-2140
-2378
-3177
-3136
-2299
-2415
-3249
-3663
-3327
-3045
-2640
-1460
-884
-1689
-2999
-2917
-1252
350
873
-89
-1434
-1996
-1197
366
1047
391
-1078
-1927
-1753
-1234
-905
-1153
-1723
-2359
-2348
-1823
-1875
-2448
-2413
-1196
-362
-835
-1299
-574
807
1396
1580
2421
3359
3223
2541
3650
6094
6774
4968
3729
5047
6095
5136
4424
5506
5730
3103
1221
2601
4232
2645
-10
-115
692
-328
-2163
-2148
-1185
-1920
-3681
-4325
-3679
-3745
-4711
-4647
-3503
-3281
-4951
-6037
-4700
-2663
-2165
-3153
-3684
-3339
-2710
-2089
-1397
-506
-355
-1084
-1590
-499
1339
1564
536
242
1457
2450
2192
1670
1576
2027
2496
3021
3201
2530
1590
1369
2631
4031
3970
2457
1038
1176
2330
3390
3580
2981
1845
634
632
2104
3418
2705
830
36
596
1111
832
424
179
-18
-303
-813
-1449
-1868
-1556
-1077
-1334
-2466
-3745
-4111
-3494
-2554
-2292
-2974
-3992
-4882
-5045
-4313
-3026
-2328
-3184
-4794
-5403
-3976
-2236
-2363
-3758
-4072
-2635
-1726
-2127
-2242
-1292
-495
-692
-179
1403
2272
1501
922
2539
4652
5096
4098
3751
4548
5076
5363
5795
6152
5463
4369
4513
5407
5596
4513
3741
3866
3688
2828
2344
2908
2684
1083
200
1130
1580
-360
-2178
-1416
281
-222
-2268
-3064
-2616
-2637
-3160
-2631
-1979
-3161
-5132
-5147
-3252
-2735
-4290
-5375
-4593
-3837
-4810
-5823
-5112
-3530
-3478
-4728
-5017
-4094
-3380
-3408
-2812
-1745
-1625
-2327
-2226
-399
1313
1505
754
742
2038
3432
4370
4713
4754
4624
4898
5982
6953
7342
7109
6712
6208
6005
6672
7185
6506
4932
4263
4639
4290
2861
1858
2107
1859
398
-728
-688
-832
-2255
-3328
-2837
-1906
-2512
-4550
-5602
-4602
-3162
-3422
-4632
-4907
-4588
-4659
-4637
-3614
-2882
-3799
-4962
-4506
-2806
-2160
-3155
-3950
-3311
-2202
-2207
-2634
-2298
-1792
-1952
-2101
-1194
-331
-650
-1208
-479
1136
1685
998
666
1596
2820
3226
3177
3259
3413
3394
3639
4308
4626
4141
3368
3142
3428
3706
3537
3006
2480
2211
2414
2700
2627
1989
1277
1064
1255
1565
1440
915
418
397
630
304
-445
-944
-687
-437
-1062
-1982
-2284
-2058
-2523
-3428
-3488
-2904
-3139
-4452
-4778
-3866
-3553
-4360
-4793
-4037
-3709
-4009
-3774
-2755
-2156
-2457
-2116
-983
-158
-360
-446
541
1463
1715
1614
1882
2047
1895
2330
3331
3878
3108
2350
2771
3711
4033
3486
3006
2939
3195
3361
3099
2484
1682
1336
1611
2059
1859
824
-142
-412
29
516
548
76
-714
-1320
-1305
-517
112
-385
-1307
-1397
-837
-874
-1196
-972
-830
-1287
-1362
-431
-149
-1329
-2149
-1323
-318
-956
-2133
-2071
-1265
-1484
-2546
-2462
-1407
-1393
-2567
-2718
-1376
-807
-1618
-1883
-650
449
92
-628
-294
814
1331
1104
1255
1832
1748
995
1008
1990
2338
1608
999
1190
1415
1092
888
1057
919
18
-531
323
1260
567
-1015
-1081
163
329
-922
-1628
-781
-69
-567
-1236
-1042
-580
-992
-1603
-1268
-296
-171
-1153
-1691
-1055
-167
-260
-926
-1066
-658
-385
-448
-144
430
496
24
-77
514
937
1049
1359
1820
1726
1273
1415
2033
2371
2204
2094
2110
1943
1877
2293
2905
2609
1442
864
1642
2563
2110
963
509
763
781
426
308
117
-690
-1579
-1481
-753
-932
-2158
-2951
-2493
-1881
-2127
-2654
-2738
-2598
-2621
-2536
-2102
-1762
-1847
-2142
-2138
-1606
-893
-528
-778
-1288
-1364
-672
233
464
19
-454
-512
-41
821
1425
1034
179
141
1017
1708
1673
1562
1703
1754
1721
1966
2405
2336
1821
1690
2094
2178
1479
868
769
709
428
235
124
-539
-1408
-1686
-1272
-916
-1237
-1806
-2182
-2108
-1896
-1777
-1500
-1199
-1228
-1764
-1848
-939
-132
-414
-1283
-1286
-604
-305
-392
-301
-123
-701
-1445
-1100
-30
234
-756
-1379
-850
-240
-423
-752
-203
435
101
-547
-86
1291
1712
867
456
1438
2451
2082
1369
1819
2976
3146
2220
1722
2108
2559
2598
2735
2906
2324
1292
1058
1999
2765
2299
1304
832
903
878
697
718
805
434
-390
-933
-862
-787
-1279
-1772
-1430
-1059
-2044
-3638
-3648
-2101
-1538
-2674
-3410
-2855
-2765
-3637
-3303
-1369
-587
-2260
-3625
-2320
-374
-411
-1352
-740
675
425
-888
-727
865
1501
793
607
1194
1063
134
232
1784
2738
1810
348
338
1482
2162
2242
2470
2457
1446
649
1592
3132
3099
1728
1084
1410
1323
767
813
1333
976
-245
-947
-794
-800
-1325
-1515
-1227
-1370
-2324
-3193
-3180
-2666
-2329
-2363
-2596
-3023
-3539
-3638
-3021
-2092
-1707
-2181
-2899
-2991
-2280
-1461
-1120
-1097
-981
-869
-1044
-1093
-355
774
1108
473
59
563
1280
1529
1602
1871
2171
2245
2192
2162
2365
2978
3614
3547
2806
2539
3337
4173
3889
2971
2807
3462
3727
3130
2574
2725
2996
2713
2232
2163
2194
1710
1083
1215
1865
1785
707
-176
-111
124
-245
-692
-626
-704
-1646
-2682
-2677
-2033
-2083
-2967
-3565
-3474
-3400
-3711
-3939
-3778
-3545
-3578
-3822
-3962
-3829
-3558
-3417
-3359
-3022
-2507
-2433
-2907
-3055
-2361
-1549
-1430
-1685
-1528
-1148
-1076
-985
-318
420
298
-210
112
1131
1603
1333
1477
2247
2545
2008
1821
2709
3572
3450
2933
2943
3180
2981
2819
3263
3713
3267
2391
2261
2779
2860
2260
1940
2143
1993
1288
966
1327
1226
322
-116
399
406
-954
-2015
-1340
-218
-647
-2167
-2848
-2571
-2510
-2729
-2295
-1673
-2317
-3786
-4213
-3062
-2025
-2189
-2640
-2528
-2322
-2620
-2589
-1595
-556
-594
-1229
-1083
-268
142
-5
232
982
1215
806
628
1110
1532
1538
1633
1763
1462
1013
1423
2356
2426
1656
1381
1968
2214
1855
1994
2746
2880
2074
1688
2303
2809
2454
1935
2005
2213
2016
1629
1327
1066
788
757
855
560
-222
-927
-1017
-712
-633
-1120
-1854
-2261
-2201
-1936
-1889
-2210
-2661
-2940
-2846
-2572
-2518
-2751
-2985
-3011
-2997
-2994
-2787
-2421
-2334
-2554
-2433
-1871
-1535
-1580
-1317
-492
-3
-252
-386
200
987
1287
1290
1281
1198
1097
1291
1701
1742
1347
968
880
825
628
619
895
998
507
-119
12
779
1040
386
-25
565
1147
716
111
515
1139
818
340
882
1554
889
-152
323
1634
1572
311
61
1015
1137
20
-347
724
1216
-32
-1205
-577
629
390
-838
-1160
-418
-137
-715
-932
-381
-153
-756
-1173
-733
-257
-497
-841
-520
-111
-402
-828
-479
203
141
-352
-18
969
1142
367
173
1078
1771
1578
1361
1565
1497
1150
1440
2181
2129
1150
509
752
1084
956
675
478
147
-395
-837
-948
-801
-692
-921
-1382
-1749
-1971
-2197
-2312
-2059
-1674
-1643
-2053
-2523
-2644
-2248
-1527
-1062
-1242
-1683
-1661
-1131
-692
-557
-322
15
-8
-318
-245
336
678
508
413
612
584
307
511
1108
1078
361
200
909
1127
417
170
988
1387
449
-316
376
1365
1167
468
587
1086
936
517
886
1692
1670
829
379
874
1450
1293
764
479
413
227
68
138
96
-332
-813
-849
-746
-992
-1430
-1571
-1288
-1031
-1077
-1462
-1949
-2053
-1469
-614
-417
-936
-1272
-876
-358
-293
-128
567
1114
715
19
275
1296
1827
1444
1034
1094
1123
881
884
1347
1520
967
316
238
471
451
374
513
522
74
-350
-144
309
377
145
91
181
34
-186
-70
362
509
50
-501
-532
-84
151
-137
-563
-723
-740
-890
-1027
-983
-849
-902
-1191
-1464
-1588
-1569
-1406
-1012
-653
-861
-1547
-1817
-1068
-101
-22
-584
-666
-131
88
-136
114
945
1196
559
345
1213
1936
1483
862
1331
2227
2206
1581
1495
1851
1795
1475
1667
1965
1381
336
141
871
1125
221
-828
-957
-507
-470
-969
-1413
-1477
-1508
-1760
-1824
-1398
-967
-1279
-2009
-2063
-1291
-786
-1109
-1355
-899
-484
-878
-1396
-1083
-409
-359
-744
-693
-392
-626
-1137
-1017
-370
-205
-641
-710
-209
-45
-496
-538
404
1256
1017
431
752
1628
1891
1700
2072
2798
2697
1915
1817
2648
3094
2545
2068
2274
2393
1856
1407
1693
2007
1605
963
898
1147
944
412
291
606
556
-123
-694
-587
-334
-639
-1232
-1453
-1378
-1647
-2233
-2395
-2078
-2041
-2563
-2960
-2815
-2633
-2754
-2782
-2445
-2254
-2566
-2834
-2500
-1868
-1565
-1598
-1577
-1398
-1209
-1043
-814
-498
-116
190
188
-45
53
733
1308
1162
754
932
1599
1918
1802
1789
2012
2206
2310
2524
2753
2781
2755
2889
3083
3124
3046
2926
2746
2625
2744
2885
2556
1841
1397
1463
1464
979
429
274
163
-423
-1165
-1422
-1354
-1617
-2218
-2586
-2685
-3073
-3658
-3723
-3325
-3414
-4182
-4533
-3987
-3581
-4044
-4422
-3774
-2948
-3091
-3684
-3443
-2448
-1872
-1948
-1771
-1107
-728
-812
-529
447
1266
1282
1100
1460
2117
2531
2804
3202
3439
3292
3277
3777
4204
3927
3454
3622
4116
3948
3206
2886
3140
3142
2635
2325
2394
2109
1340
980
1362
1557
889
89
-25
173
-21
-499
-702
-671
-920
-1418
-1681
-1612
-1655
-2050
-2365
-2247
-2127
-2545
-3087
-2936
-2273
-2158
-2831
-3207
-2667
-2025
-2062
-2331
-2155
-1833
-1824
-1757
-1224
-753
-949
-1283
-916
-178
83
-128
-169
150
423
584
900
1124
905
620
953
1761
2103
1740
1427
1612
1947
2110
2282
2464
2300
1942
2016
2404
2314
1749
1558
1920
1971
1348
853
889
774
201
-141
47
-4
-765
-1440
-1403
-1309
-1720
-2102
-1990
-1938
-2437
-2862
-2582
-2148
-2298
-2622
-2380
-1890
-1948
-2267
-1988
-1293
-1033
-1225
-1116
-626
-417
-537
-356
199
508
357
307
661
991
999
979
1233
1526
1528
1409
1516
1809
1937
1821
1698
1761
1938
2020
1965
1753
1525
1478
1614
1716
1580
1311
1092
926
778
769
902
863
418
-118
-238
-38
-75
-437
-665
-646
-831
-1363
-1672
-1412
-1077
-1297
-1861
-2106
-1953
-1759
-1677
-1585
-1501
-1617
-1775
-1564
-1042
-699
-808
-1056
-930
-449
-70
-81
-319
-304
93
473
512
319
250
382
591
865
1177
1229
827
429
654
1326
1652
1309
822
713
888
1035
1051
974
771
538
508
646
579
203
-42
132
368
169
-295
-524
-471
-447
-513
-475
-453
-757
-1215
-1293
-920
-600
-702
-1006
-1217
-1258
-1076
-747
-567
-771
-1034
-893
-561
-547
-776
-689
-296
-211
-561
-735
-443
-148
-189
-289
-172
-98
-229
-261
-17
215
244
329
530
507
306
451
1054
1447
1256
1021
1221
1540
1575
1568
1821
2023
1845
1610
1728
1930
1754
1447
1498
1748
1620
1033
587
568
640
478
131
-173
-434
-769
-1098
-1280
-1314
-1394
-1635
-1898
-2051
-2095
-2086
-2018
-1909
-1832
-1808
-1733
-1518
-1267
-1100
-959
-736
-467
-251
-79
120
327
476
565
614
693
875
1139
1273
1092
800
784
1077
1277
1157
984
961
897
629
446
644
910
791
397
146
118
56
-31
53
151
-63
-499
-746
-708
-649
-702
-775
-920
-1290
-1649
-1589
-1281
-1273
-1621
-1821
-1705
-1644
-1741
-1650
-1281
-1115
-1318
-1411
-1058
-599
-448
-418
-173
122
179
171
450
929
1160
1074
1028
1269
1577
1612
1455
1524
1888
2046
1723
1381
1500
1805
1760
1508
1484
1520
1201
845
1044
1521
1468
893
615
839
961
778
799
1072
955
350
70
505
884
555
-22
-166
-43
-117
-323
-433
-604
-974
-1236
-1223
-1252
-1606
-2038
-2156
-2062
-2093
-2360
-2736
-2990
-2884
-2421
-2066
-2239
-2705
-2824
-2332
-1610
-1108
-949
-1016
-1016
-682
-107
349
573
808
1114
1177
981
1016
1466
1821
1671
1438
1546
1668
1359
928
1042
1564
1696
1233
781
756
904
932
1026
1313
1346
841
348
560
1234
1468
1063
710
793
882
639
447
676
988
827
250
-243
-344
-186
-56
-131
-479
-932
-1268
-1427
-1394
-1195
-1060
-1316
-1881
-2215
-1999
-1639
-1632
-1782
-1662
-1454
-1575
-1791
-1593
-1139
-968
-1075
-985
-718
-784
-1093
-952
-224
370
295
-88
-178
71
397
750
1094
1192
944
684
844
1351
1771
1882
1796
1660
1543
1522
1655
1883
2033
2007
1837
1608
1439
1479
1735
1954
1823
1368
989
893
940
974
954
861
574
85
-295
-319
-176
-278
-674
-1055
-1211
-1339
-1609
-1822
-1762
-1605
-1713
-2072
-2334
-2290
-2082
-1936
-1944
-2050
-2139
-2107
-1898
-1590
-1362
-1343
-1437
-1382
-1090
-781
-653
-546
-284
-95
-181
-204
250
865
966
639
608
1035
1284
1056
955
1397
1813
1590
1096
1097
1483
1577
1367
1344
1500
1289
748
598
1018
1292
932
436
380
521
407
206
272
414
209
-235
-424
-240
-50
-64
-186
-355
-533
-651
-630
-510
-403
-335
-390
-659
-954
-955
-593
-267
-325
-568
-687
-756
-873
-806
-380
-7
-206
-749
-943
-581
-173
-82
-126
-130
-240
-463
-410
63
468
354
-36
-133
174
438
443
433
540
591
476
405
557
738
748
731
788
784
640
513
622
858
901
728
559
487
473
485
524
539
426
215
71
104
188
95
-114
-181
-65
-66
-317
-562
-513
-306
-331
-575
-738
-737
-716
-790
-848
-827
-864
-1002
-1081
-1049
-1020
-1040
-1065
-1068
-1061
-1053
-1023
-960
-916
-863
-729
-589
-571
-551
-366
-109
69
113
185
409
643
733
760
871
1036
1120
1154
1190
1189
1123
1076
1169
1288
1160
889
811
939
1007
852
632
603
659
571
444
434
465
375
158
45
135
206
74
-177
-297
-194
-95
-173
-385
-561
-562
-449
-390
-453
-625
-774
-767
-651
-577
-617
-727
-789
-732
-668
-627
-578
-542
-545
-553
-509
-394
-299
-295
-297
-231
-130
-80
-83
-40
65
119
102
110
187
258
260
289
352
348
265
252
410
563
493
295
273
450
570
502
378
368
394
343
302
327
334
232
96
64
105
88
19
-29
-55
-109
-175
-184
-129
-107
-164
-228
-256
-263
-275
-240
-161
-143
-252
-387
-371
-240
-152
-182
-263
-291
-296
-298
-254
-149
-78
-136
-235
-233
-131
-41
-19
-18
7
28
11
24
111
184
163
123
139
186
192
165
191
237
223
166
150
196
203
155
141
192
194
94
36
113
187
124
29
26
76
58
-26
-5
83
73
-34
-112
-59
22
6
-50
-57
-73
-127
-136
-70
-15
-55
-128
-120
-50
-23
-50
-41
13
36
25
38
60
29
10
89
195
185
27
-70
6
137
160
88
9
-52
-79
-61
11
29
-53
-149
-169
-124
-97
-119
-145
-139
-149
-168
-160
-136
-128
-151
-155
-126
-117
-150
-162
-128
-96
-103
-131
-119
-72
-54
-67
-55
-18
13
18
22
42
50
63
85
111
110
82
83
105
103
87
105
133
135
92
75
122
152
164
175
194
188
165
159
206
265
261
238
218
219
239
248
270
258
210
191
176
156
116
49
20
10
-39
-111
-185
-223
-242
-266
-301
-365
-415
-427
-433
-464
-492
-501
-515
-520
-512
-484
-450
-474
-526
-493
-378
-277
-287
-335
-308
-210
-122
-59
-7
8
7
58
181
281
277
264
335
421
429
404
456
561
597
589
613
628
586
539
585
692
708
606
543
560
538
463
418
437
441
350
243
181
125
64
-1
-42
-87
-184
-300
-386
-421
-428
-446
-512
-628
-757
-812
-755
-668
-682
-787
-912
-970
-920
-846
-749
-662
-660
-706
-716
-637
-493
-345
-233
-179
-170
-159
-67
85
208
258
270
329
374
397
472
584
660
642
588
644
783
838
781
735
786
876
878
820
812
819
786
751
754
744
658
546
542
603
510
291
185
236
248
64
-171
-221
-201
-288
-455
-568
-640
-785
-926
-920
-861
-929
-1112
-1247
-1211
-1125
-1091
-1050
-1024
-1081
-1139
-1041
-829
-695
-712
-733
-642
-526
-466
-385
-239
-123
-93
-60
33
126
201
325
475
530
482
507
691
852
850
817
911
1027
1013
946
1003
1125
1123
999
942
972
939
822
753
787
780
639
481
434
445
409
320
241
180
67
-45
-84
-83
-146
-302
-432
-470
-477
-557
-699
-802
-830
-823
-865
-966
-1054
-1052
-972
-916
-943
-1001
-973
-858
-728
-668
-637
-602
-546
-420
-277
-147
-78
-58
12
141
243
301
383
491
567
580
574
601
662
730
780
783
715
602
563
629
687
634
502
430
389
312
260
287
315
182
-39
-102
18
60
-102
-233
-196
-163
-255
-338
-256
-148
-235
-387
-363
-220
-210
-329
-359
-266
-209
-293
-360
-318
-282
-334
-393
-380
-392
-476
-498
-402
-350
-470
-594
-551
-418
-366
-384
-333
-278
-324
-340
-161
107
203
111
103
269
450
541
623
750
809
791
835
980
1094
1066
991
1018
1088
1061
949
868
856
815
700
592
524
454
314
164
125
113
2
-199
-327
-325
-328
-421
-538
-587
-587
-614
-695
-765
-760
-712
-700
-734
-755
-733
-732
-729
-656
-534
-476
-558
-649
-600
-441
-324
-326
-376
-393
-387
-346
-213
-85
-98
-203
-217
-98
18
50
67
110
122
121
191
315
365
307
282
378
457
421
377
426
483
439
380
423
495
415
275
279
389
389
232
144
193
200
94
47
112
107
-42
-152
-64
61
-6
-168
-181
-90
-91
-191
-190
-90
-107
-249
-300
-163
-66
-159
-233
-132
-35
-98
-176
-54
113
83
-38
-7
124
125
61
129
271
241
81
54
204
287
203
147
199
215
110
60
143
200
138
21
16
67
35
-65
-99
-36
-1
-76
-150
-134
-105
-125
-137
-93
-39
-69
-139
-141
-59
4
-22
-50
-39
-4
-17
-65
-35
28
10
-56
-68
-11
-9
-77
-98
-33
12
-33
-68
-30
22
-8
-68
-33
63
94
48
17
41
57
26
13
55
94
60
1
-9
5
-7
-37
-30
11
8
-77
-162
-166
-123
-112
-138
-156
-165
-200
-238
-228
-175
-146
-172
-188
-177
-169
-204
-227
-166
-90
-92
-150
-167
-110
-66
-59
-41
4
30
9
8
71
153
161
122
151
219
269
263
245
296
349
345
356
394
444
451
426
470
531
528
494
491
527
537
506
483
487
460
408
402
406
346
232
160
159
134
31
-65
-97
-139
-232
-326
-334
-326
-401
-505
-524
-505
-534
-586
-583
-552
-564
-617
-617
-551
-534
-563
-571
-513
-464
-491
-497
-451
-402
-388
-390
-342
-301
-321
-337
-282
-201
-179
-207
-190
-113
-65
-44
-20
24
53
67
99
165
211
211
217
265
337
375
374
394
427
441
450
473
505
505
449
429
453
432
380
318
281
274
236
163
101
65
16
-33
-67
-83
-129
-197
-224
-208
-201
-249
-299
-287
-259
-268
-278
-280
-272
-244
-231
-212
-171
-152
-154
-133
-98
-62
-44
-48
-37
3
26
40
46
61
71
63
75
101
124
125
108
99
122
134
114
111
109
100
88
78
85
92
59
47
59
44
42
41
38
42
29
14
16
14
14
12
12
12
4
-6
-3
-2
-5
-14
-28
-38
-34
-31
-26
-20
-39
-46
-44
-53
-62
-67
-71
-63
-65
-79
-79
-77
-90
-91
-81
-74
-72
-82
-70
-63
-50
-34
-38
-42
-34
-28
-15
-1
4
21
8
11
30
46
60
51
53
53
60
62
61
67
61
45
44
57
60
54
52
54
58
60
59
65
63
69
52
44
49
34
35
28
36
48
29
16
12
22
29
13
0
-6
-9
-7
-13
-9
-16
-26
-42
-54
-51
-59
-58
-64
-63
-52
-52
-61
-69
-62
-51
-41
-49
-54
-42
-44
-26
-17
-13
-2
-11
-3
6
11
27
28
24
25
32
47
47
45
54
53
52
56
64
66
57
60
63
61
48
38
43
42
40
32
30
28
20
6
6
11
-4
-2
-10
-25
-23
-32
-26
-28
-41
-52
-54
-58
-61
-60
-63
-63
-58
-54
-64
-64
-65
-64
-62
-66
-59
-45
-35
-41
-37
-21
-17
-23
-19
-10
-5
-5
-11
-6
12
19
25
18
18
37
38
45
50
47
49
50
61
78
76
66
61
59
64
62
60
64
56
38
48
59
70
58
37
50
44
38
31
24
32
22
5
-3
12
11
-9
-22
-24
-32
-43
-51
-63
-48
-43
-49
-57
-50
-38
-51
-49
-40
-40
-45
-49
-44
-43
-41
-33
-41
-47
-50
-43
-25
-9
-2
-19
-22
-3
9
11
13
18
18
18
33
40
36
26
31
47
52
53
44
38
46
43
40
36
30
31
30
37
40
25
10
4
8
24
24
12
-7
-22
-22
-24
-23
-23
-41
-48
-43
-35
-28
-28
-31
-26
-20
-31
-26
-16
-9
-7
-14
-11
-8
-14
-16
-13
-5
-1
-8
-8
-2
2
-1
6
18
12
2
-6
-1
11
14
11
8
0
15
25
25
37
21
16
21
19
25
27
23
16
16
17
21
26
17
21
22
11
6
3
0
9
9
-4
-2
0
8
12
11
8
-4
-8
-11
-7
0
0
-7
-15
-10
-1
0
-8
-7
-9
-12
-8
-7
4
2
-10
4
12
6
5
-9
-11
12
16
8
-1
-9
-5
4
10
13
-3
-28
-29
-8
-4
-9
-18
-20
-21
-19
-10
-13
-18
-36
-27
-21
-21
-17
-27
-25
-8
-4
-12
3
10
4
-1
9
24
15
1
-1
2
8
8
10
21
17
8
17
33
36
36
25
21
33
22
22
29
24
28
29
25
19
16
12
14
26
24
17
13
22
21
17
21
12
4
-2
3
10
1
2
2
3
6
-6
-12
-6
-17
-35
-34
-29
-31
-35
-37
-36
-35
-39
-52
-59
-55
-59
-48
-34
-31
-37
-42
-30
-25
-20
-22
-17
-2
1
1
9
17
20
13
13
28
34
24
30
35
36
33
26
31
35
32
33
37
41
41
34
36
50
43
37
36
32
46
45
41
45
33
24
25
23
20
3
-9
-9
-14
-18
-17
-16
-20
-34
-35
-33
-39
-45
-54
-62
-50
-42
-56
-56
-52
-45
-37
-44
-40
-35
-35
-29
-25
-17
-20
-25
-16
-5
4
8
7
6
13
12
24
29
26
38
35
35
29
36
42
35
44
54
53
50
43
46
67
62
44
43
39
39
44
43
41
26
11
5
3
8
2
-7
-19
-21
-21
-32
-38
-36
-40
-44
-59
-59
-61
-69
-61
-51
-48
-52
-63
-59
-58
-55
-49
-46
-38
-47
-30
-18
-19
-11
-14
-10
0
6
17
26
32
29
30
37
34
37
34
30
44
36
43
45
48
59
55
59
63
59
56
56
51
49
42
41
42
44
29
23
34
21
14
10
6
7
-9
-12
-14
-21
-26
-38
-31
-25
-27
-42
-54
-43
-45
-49
-44
-45
-45
-53
-64
-51
-35
-37
-49
-54
-43
-40
-50
-42
-33
-31
-28
-27
-18
-7
-4
-4
2
15
21
23
33
44
39
39
48
50
52
53
53
50
53
56
52
59
63
67
66
53
50
52
53
47
37
30
18
8
7
9
3
3
-10
-20
-17
-26
-27
-34
-43
-46
-43
-43
-42
-48
-44
-48
-52
-46
-60
-59
-50
-46
-40
-55
-56
-43
-41
-38
-44
-37
-28
-34
-34
-19
-7
0
-2
6
10
11
10
8
13
22
23
28
31
30
32
29
34
44
41
43
47
50
58
66
67
65
63
49
49
56
49
45
41
34
44
37
17
22
12
12
12
11
1
-8
-8
-15
-14
-18
-22
-40
-41
-28
-24
-17
-19
-22
-26
-40
-41
-35
-43
-48
-44
-35
-31
-36
-36
-28
-26
-27
-23
-24
-29
-16
-8
0
2
-8
-5
-7
-4
-7
-7
0
2
7
5
1
11
15
12
11
6
1
1
2
12
12
7
9
5
11
6
0
16
20
17
20
9
14
28
30
26
25
26
22
17
21
22
9
-3
-1
-4
-3
5
-2
5
0
-10
5
8
9
3
-6
0
-1
2
6
1
5
7
-7
-11
-12
-15
-8
-19
-19
-17
-17
-9
0
7
0
-3
-6
-5
6
0
1
13
6
-4
3
11
4
-8
-7
5
-3
5
5
1
15
7
14
23
15
7
5
2
-3
-7
-8
-14
-11
-11
-12
4
-2
-12
-16
-11
-9
-8
-8
-10
-7
-1
7
-3
-11
-12
-13
-14
-4
-1
1
9
2
2
3
3
8
1
-3
10
12
7
13
10
8
17
12
14
14
10
8
10
17
14
14
15
2
1
-2
-13
-12
-8
-10
-13
-11
-10
-11
-5
1
0
-12
-18
-6
-2
-4
-4
-4
2
2
3
5
3
13
4
-2
1
1
9
0
2
1
-1
1
-9
1
-6
-6
5
-3
6
-3
-2
6
9
3
5
2
-4
2
3
2
4
12
2
9
12
11
15
9
12
14
5
14
9
9
21
12
19
19
4
-1
-15
-12
0
-9
-6
-6
2
11
-3
0
3
-2
-13
-23
-18
-16
-11
-22
-25
-21
-22
-20
-15
-12
-13
-19
-19
-8
-8
-5
-1
2
-2
-10
-7
-7
-11
2
11
2
13
18
12
14
19
21
10
0
1
3
9
14
13
20
15
12
19
29
24
14
20
14
15
12
1
6
-1
-9
-8
-3
-6
-5
-5
-8
-1
-2
-14
-25
-19
-8
0
2
-4
-12
-20
-14
-14
-8
-5
-6
2
0
-6
3
7
5
4
4
5
3
6
5
5
9
3
4
11
4
10
13
7
6
1
11
23
23
16
20
20
21
21
20
21
12
13
16
21
22
11
5
-1
-4
-13
-14
-8
-19
-24
-22
-22
-24
-21
-33
-38
-18
-20
-28
-32
-33
-36
-52
-48
-34
-33
-45
-47
-46
-34
-16
-26
-27
-13
-12
-8
5
11
9
4
10
18
14
17
16
15
25
18
22
34
43
44
43
60
67
69
60
59
59
51
46
39
48
43
40
40
34
33
25
27
20
10
-2
-2
2
-6
-14
-7
-6
-14
-30
-30
-23
-29
-32
-41
-45
-48
-56
-54
-57
-52
-54
-63
-55
-57
-45
-38
-45
-34
-30
-28
-30
-32
-22
-12
-10
-7
-8
-12
0
10
13
20
20
21
24
31
45
40
44
50
43
48
49
50
50
49
57
54
42
41
31
33
39
21
19
22
13
14
7
6
1
-12
-12
-22
-21
-22
-25
-21
-19
-23
-18
-16
-25
-22
-27
-29
-29
-25
-26
-37
-39
-36
-40
-34
-34
-39
-36
-30
-33
-32
-28
-35
-29
-25
-19
-16
-12
-5
-3
-2
-2
0
-6
1
17
24
18
20
26
37
39
37
52
47
47
43
38
53
59
58
56
63
63
45
41
41
39
34
19
3
12
12
1
4
-1
-3
-10
-20
-17
-17
-23
-23
-27
-32
-37
-38
-40
-37
-30
-25
-26
-32
-28
-32
-25
-25
-19
-15
-19
-19
-18
-14
-18
-15
-21
-15
0
-4
0
1
0
9
8
15
15
13
16
10
13
14
13
18
23
21
24
21
17
17
12
12
12
11
3
2
11
11
0
-2
-5
-10
-15
-20
-20
-29
-32
-26
-18
-11
-13
-12
-17
-23
-17
-12
-11
-18
-20
-15
-10
-8
-8
-13
-18
-23
-17
-10
1
9
11
19
27
29
25
31
29
32
34
28
33
30
32
30
35
39
29
25
27
22
19
25
20
18
12
12
10
0
6
-5
-11
6
10
-1
0
-8
-11
-6
-18
-18
-19
-20
-13
-13
-21
-22
-27
-32
-25
-28
-29
-24
-28
-34
-30
-29
-26
-21
-23
-18
-11
-8
-4
-9
-8
-9
-7
8
5
1
12
11
5
18
12
8
16
8
15
23
23
27
21
23
25
27
34
29
25
24
21
18
18
17
13
22
20
8
15
0
-7
-6
-23
-10
-16
-34
-28
-27
-23
-16
-24
-27
-31
-24
-21
-22
-15
-11
-13
-19
-24
-22
-20
-29
-23
-17
-21
-17
-9
-4
-2
-3
6
14
9
4
10
21
25
25
31
25
18
29
29
35
29
18
32
30
26
34
31
27
21
21
16
13
19
7
2
-2
-3
-8
-11
-9
-7
-4
0
-15
-24
-28
-25
-11
-11
-12
-10
-15
-24
-24
-19
-10
-18
-29
-23
-24
-11
-5
-7
-5
-6
-2
-1
-1
-5
-2
7
4
2
7
3
12
17
20
36
29
31
28
20
25
14
18
15
7
6
6
0
-3
16
14
15
22
20
21
16
4
-1
-4
-4
-2
-12
-12
-11
-19
-18
-23
-29
-31
-26
-31
-40
-36
-35
-40
-31
-29
-35
-42
-40
-34
-42
-35
-35
-27
-13
-12
-1
-2
9
3
-4
-6
-5
12
8
4
9
23
26
32
35
31
37
42
49
52
51
45
47
58
50
42
37
36
39
28
19
30
25
20
27
31
24
12
5
3
3
8
-1
-5
-2
-15
-7
-7
-24
-25
-26
-29
-33
-38
-39
-35
-35
-28
-27
-30
-36
-40
-40
-35
-31
-37
-37
-39
-31
-28
-21
-12
-17
-18
-18
-19
-11
-5
-8
-10
-12
-5
10
20
29
29
31
43
39
35
45
42
30
35
38
30
32
28
23
26
23
10
11
16
17
18
13
15
1
-7
-8
-3
6
1
-8
-9
-13
-14
-15
-12
-5
-11
-7
-9
-13
-14
-16
-15
-25
-29
-21
-24
-31
-36
-38
-19
-17
-27
-24
-15
-15
-7
-2
-7
-4
-3
-5
-6
-4
4
4
14
25
15
17
20
18
23
21
19
20
17
19
22
28
20
16
21
15
13
15
20
26
19
3
4
17
12
-1
-4
-2
2
-2
1
9
0
-3
-4
-10
-3
-3
-14
-12
-5
-5
-7
-5
-3
2
-7
-2
-3
-17
-15
-23
-23
-14
-13
-17
-5
-10
-8
-5
-17
-6
-12
-19
-9
-8
-6
3
8
7
-1
12
11
4
6
-7
-7
4
1
-2
9
9
9
11
7
20
14
10
20
19
9
5
8
9
12
12
-1
-9
-9
-6
2
-5
-1
10
8
7
6
7
9
9
8
11
-6
-20
-16
-19
-19
-15
-18
-17
-16
-17
-11
-11
-7
-4
-11
-14
-16
-14
-12
-17
-20
-18
-21
-23
-14
-10
-7
-5
-8
-8
-5
3
7
15
16
15
24
15
7
15
17
18
21
23
30
30
30
33
30
33
25
19
19
15
15
12
17
12
2
9
6
4
18
14
6
6
-6
-4
-8
-5
1
-9
-5
-2
-1
-9
-3
-3
-19
-19
-23
-26
-21
-17
-11
-7
-13
-10
-7
-16
-10
-14
-21
-13
-5
-4
2
-6
-1
-1
-15
-6
-13
-17
-17
-9
-7
-11
-7
-18
-15
-12
-11
-8
-8
-15
-12
-7
-10
-7
-8
9
12
4
9
3
9
19
12
8
18
18
12
15
15
14
9
10
14
16
20
19
12
12
14
6
12
16
12
9
9
12
12
10
5
5
2
13
8
3
6
-7
-12
-3
1
-4
-7
-2
-4
-9
-1
1
3
-8
-20
-12
-11
-10
-11
-14
-13
-12
-10
-6
1
5
7
10
9
4
-2
-10
-15
-15
-8
-16
-17
-8
-7
-2
9
9
6
1
-8
-3
9
7
6
5
-2
1
-4
-1
6
0
-1
4
0
-4
4
2
-3
6
-3
-1
9
5
0
0
9
3
2
1
-1
5
3
0
1
-2
-2
-1
-2
0
2
0
4
10
8
3
4
10
11
9
7
0
1
5
-5
-6
6
4
1
-4
-1
4
-5
1
9
0
-1
4
-4
-10
-9
-15
-8
-10
-24
-15
-16
-21
-10
-13
-15
-8
-3
0
2
4
1
-3
-2
4
4
-3
0
2
-11
-11
-9
-1
1
-5
1
10
16
16
9
10
11
8
10
6
6
5
14
19
13
13
4
8
5
3
11
-2
-2
-4
3
10
3
8
7
6
0
3
6
4
7
3
5
-4
0
-3
-8
-6
-12
-10
-4
-4
-10
0
4
-2
9
5
-2
0
1
-6
-9
-3
-11
-7
3
2
10
-4
-4
8
4
5
-1
-4
-8
-8
-5
-3
2
0
-6
-5
-5
0
2
-3
-3
-8
-3
0
-1
-7
2
-6
-14
-1
-7
-3
-8
-11
-4
-2
-9
-9
3
2
-4
1
6
-2
-9
-14
-6
-7
-7
-15
-23
-9
-8
-8
-3
1
5
6
5
14
29
17
15
20
9
6
3
10
11
11
21
26
22
15
15
15
14
15
7
12
12
11
15
13
14
5
-3
6
16
8
8
10
6
15
4
-8
-6
-5
0
-11
-17
-19
-21
-27
-20
-18
-21
-21
-18
-20
-25
-23
-18
-11
-20
-21
-19
-14
-15
-20
-18
-16
-10
-13
-10
-11
-7
-3
-10
0
-1
0
4
8
10
6
17
8
7
16
17
14
17
13
7
19
19
24
18
13
19
27
20
20
17
16
28
19
16
26
20
27
32
20
24
22
10
4
1
-4
-8
-5
-14
-25
-17
-21
-16
-10
-16
-24
-20
-26
-25
-30
-39
-36
-35
-31
-37
-33
-27
-33
-38
-32
-19
-19
-18
-11
-14
-6
3
-8
-4
-1
-5
7
3
8
19
19
13
12
20
19
24
25
26
33
34
29
31
33
27
17
20
37
32
37
37
28
28
16
15
16
5
5
4
-5
-5
-7
-7
-4
-17
-12
1
-14
-10
-8
-15
-9
-20
-28
-22
-39
-42
-36
-35
-23
-20
-19
-15
-4
-4
-8
-5
-9
9
-1
-22
0
-1
-9
-13
-19
-18
-12
-8
-8
-1
9
14
15
19
21
22
30
24
24
26
24
17
14
20
22
16
6
14
9
4
12
11
11
15
9
5
7
0
-13
-15
-16
-13
-8
-10
-16
-7
-4
-18
-14
-17
-22
-19
-17
-21
-15
-11
-13
-9
-12
-20
-12
-5
-6
-2
-2
-1
4
6
11
4
0
4
3
7
-2
10
11
9
20
13
21
29
26
20
19
14
10
10
2
1
-4
4
7
-1
7
4
-2
4
-5
-10
-13
-8
1
-13
-19
-15
-4
-4
-7
-9
-8
-6
-14
-9
4
4
-10
-1
-2
2
6
7
5
5
13
4
0
3
9
2
6
5
5
11
3
12
18
12
7
7
6
-4
4
-3
-14
-9
-20
-17
-7
-8
-8
-9
-8
-8
-10
-4
-2
-8
-6
5
2
-2
0
-8
-7
-4
-8
-2
-8
-10
-8
-6
-5
-6
-10
-11
-8
0
-1
-11
-2
-5
2
8
9
5
4
9
1
5
6
4
0
1
13
12
16
17
10
11
9
-5
4
5
1
10
4
10
17
13
17
11
5
6
8
3
0
0
1
6
6
4
-7
-1
2
-6
0
0
6
12
3
0
-3
-11
-13
-14
-11
-19
-13
-2
-13
-8
2
-7
-5
-1
-9
-10
-4
-2
-6
-5
-3
-4
-5
0
1
-8
-1
2
-2
-1
-1
2
3
0
-6
4
11
10
12
19
28
16
13
8
3
0
0
-7
-12
-4
-6
-6
4
6
-3
3
-1
-1
7
-13
-17
-6
-15
-11
-7
-11
-6
-3
1
1
-1
2
-15
-17
-3
0
-4
-11
-3
-3
-8
-14
-20
-10
-6
-5
-5
-3
-4
-5
4
6
7
5
2
