SAMPLES:
17874
BITSPERSAMPLE:
16
CHANNELS:
1
SAMPLERATE:
16000
NORMALIZED:
FALSE
-8
5
14
17
5
9
15
4
11
-11
-5
-7
-2
16
26
11
10
20
7
-1
2
9
2
1
1
0
3
-19
-6
-3
10
19
17
28
-3
15
27
0
-1
-29
-41
-18
-12
-4
-2
-22
-41
-17
2
-5
8
-14
-20
7
-7
-30
-12
-10
-18
-9
-20
2
-7
-1
0
-17
-19
-35
-16
-16
-14
-32
-15
5
3
20
5
-5
2
17
42
50
15
12
18
5
7
3
19
25
-7
-18
8
28
23
16
24
26
26
30
11
9
19
-7
2
0
-3
10
-1
-1
1
21
3
-13
-9
-31
-17
-35
-9
15
4
26
-1
-5
-10
-10
-14
-23
-1
-22
-30
-12
-26
-17
-4
-3
2
-10
-2
-27
-15
-2
-4
3
-9
13
5
33
31
-1
9
-13
-15
-4
-3
2
4
9
-2
5
26
1
-1
9
15
-1
-9
-1
13
27
17
22
16
17
3
3
17
4
2
6
25
25
7
-9
10
12
-1
2
-22
-27
-19
-23
-9
-2
-2
-8
-1
10
-7
-11
-16
-28
-21
2
-27
-26
-30
-47
-12
-30
-35
-14
-4
-4
-24
-17
-7
-6
1
4
18
-3
-5
5
-3
-14
-21
-1
-21
13
28
32
43
2
11
24
34
18
15
17
19
30
25
21
25
22
14
26
3
7
32
-6
-13
17
30
44
33
19
-2
-6
8
-5
-19
-19
3
-6
-11
5
-17
14
10
-12
13
-19
-15
-21
-25
-10
-12
-16
-46
-22
0
-16
-32
-24
11
-18
-34
-13
1
12
-8
-2
-6
-21
-2
-10
0
-1
-16
-35
-13
12
-9
3
-1
2
19
40
10
-9
1
4
10
-7
-16
7
11
0
-2
-3
17
13
-9
-28
-1
16
-6
-3
21
24
23
29
27
11
-10
9
6
-11
-23
-7
-12
-5
2
-12
20
11
6
-2
-11
-6
-8
18
-2
-4
1
-3
23
-2
1
11
-15
-11
-9
5
30
1
7
39
17
5
16
31
5
-14
-4
-20
-1
2
3
-6
-6
35
14
5
-11
-16
-7
-16
6
5
19
10
-12
0
-7
9
5
-15
-12
-23
-33
-25
-17
-22
-7
-13
8
4
-28
-17
-18
-14
-16
-12
-24
-13
34
21
-10
-7
7
-9
-3
-2
-21
-3
3
0
-2
17
35
8
-6
-1
-1
12
-6
-14
-2
0
17
12
10
-3
-9
3
9
17
2
5
-3
6
28
15
21
7
4
-4
-25
-12
-6
9
13
7
21
14
9
27
24
-19
-15
6
-21
-13
-8
29
26
-7
23
4
-3
-12
-20
2
-2
-2
10
4
-4
7
-4
-2
3
-5
4
21
7
-3
-9
-12
13
-1
-2
3
3
-8
-4
10
-19
-15
-2
-23
-17
11
-2
-28
-16
-14
-10
-8
-3
-15
-9
1
-10
-13
-2
5
3
3
9
6
-14
-8
-5
-15
-2
-7
-23
-7
-26
-3
9
-22
-14
-11
-13
-7
10
1
10
25
34
33
3
31
10
-18
3
-2
22
39
36
14
2
13
7
30
37
8
12
5
-1
-1
-4
15
0
-7
11
11
8
-17
-24
-4
-6
-11
-6
-8
10
1
-23
-8
-1
-8
-23
-6
-5
-27
-15
-22
-31
-15
-17
1
15
6
7
13
0
5
-3
-17
-4
9
1
2
5
22
24
-8
0
-3
-10
7
5
-4
23
9
20
39
6
29
22
8
8
-22
-25
2
16
0
-11
13
27
10
13
-5
-10
-14
-10
-3
-19
-6
-3
-2
3
-16
-22
-7
-14
-21
-34
-26
-7
11
13
-7
-2
-8
-13
-13
-12
-18
-11
-4
-18
-26
-14
-15
-38
-27
-15
-8
-1
-2
10
9
12
23
23
14
2
6
25
12
4
11
19
33
12
13
24
2
16
32
31
14
-5
8
3
3
20
8
7
13
19
23
17
34
24
9
16
10
-3
-8
-8
-7
-23
-8
12
7
7
3
8
-7
-26
-10
-15
-27
-11
-16
-14
-34
-44
-16
-39
-25
-2
-5
-20
-14
-1
-2
-17
4
15
-14
-6
3
2
-11
3
-3
-15
14
5
-1
12
-9
2
24
15
5
20
14
9
18
-6
5
8
-15
-4
8
12
-9
-22
8
-6
-11
1
-9
5
6
4
10
12
10
-8
-18
0
1
-19
-16
-4
-13
-20
6
21
-3
-16
11
2
-11
-16
-5
9
-5
-21
-27
-3
-6
5
24
11
16
26
15
20
23
12
0
-14
-13
14
14
-14
8
7
4
18
-1
2
19
31
24
8
-6
-7
4
0
8
31
6
-2
31
-8
-32
-17
-12
-14
-12
-6
10
4
10
8
2
10
-11
11
3
-25
13
-4
-9
8
-27
-8
-7
-6
-8
-14
20
-4
-6
-2
-9
1
-20
-1
21
-2
-1
16
19
18
6
3
-11
-22
-27
-19
-29
-32
-15
-35
-15
-3
-14
-9
12
-4
-21
4
-9
-28
-19
3
-11
-12
16
-12
-4
-3
-11
2
2
20
9
10
1
10
24
4
-13
1
-3
-7
15
22
24
15
16
35
36
28
36
27
12
11
2
-12
6
2
-2
12
1
-7
13
21
24
10
6
8
-4
1
-4
3
0
-9
-3
0
-8
-24
-26
-10
1
0
-20
-12
19
-5
-6
-2
-3
7
-7
1
-14
-5
2
0
20
4
-5
-14
-21
-13
-18
-2
5
-10
-7
4
-7
-11
11
15
15
0
-10
3
-1
-12
-15
-29
-17
-18
-23
-14
-27
-12
8
-8
-2
13
14
28
-7
-2
27
10
13
11
6
-7
-25
-11
-21
-24
-2
-17
15
40
-6
-5
7
16
17
1
-2
-7
1
0
6
21
4
-6
-7
-25
-20
-16
0
11
-9
0
10
24
25
22
26
-3
-10
-2
8
17
1
-13
21
9
-15
-3
-7
10
21
15
6
1
14
4
11
12
22
15
-10
2
14
25
10
-5
6
10
-19
-21
12
6
14
24
9
13
14
17
11
-15
-6
9
-13
-17
-14
-3
-14
-14
-16
-37
-41
-50
-31
-3
-9
-5
-13
-26
-24
-36
-26
-35
-23
-24
-35
-10
-5
6
20
15
10
3
-15
-37
-25
-26
-31
14
7
-3
18
43
37
28
21
10
9
6
16
20
51
39
27
11
-9
18
-2
8
-4
-9
-1
3
12
19
30
16
11
13
18
1
14
3
-29
-19
-3
-16
-13
12
-13
-14
10
11
14
19
17
12
19
10
6
21
19
8
-8
2
-9
-37
-31
-20
2
4
-13
-4
-4
-15
19
-15
-15
-14
-30
7
-9
3
8
-3
-6
-11
-4
-7
-28
-42
-38
-35
-16
-6
5
-8
8
18
-6
5
-2
2
24
13
-1
19
10
7
18
-3
-9
-3
-3
-14
-10
-3
-7
-1
0
-4
-7
-2
12
10
12
29
4
6
18
8
20
7
7
29
13
1
14
2
-22
-14
0
-2
2
-26
-21
-2
2
-8
-22
4
-15
-18
5
-1
4
-3
7
8
-10
-3
-2
7
11
11
0
24
19
-3
6
-3
-15
-4
-10
-14
13
10
20
23
-7
-7
11
16
11
18
5
18
14
0
5
-9
7
-9
0
16
-1
32
30
3
10
1
16
9
-23
-33
-31
-39
-34
-2
-13
5
4
-22
-11
-13
-19
-10
-24
-21
-18
-29
5
-1
-12
8
-3
-18
-27
-16
0
-5
15
28
18
12
-16
-13
4
0
4
-12
3
11
-8
15
23
6
5
11
-22
2
31
4
10
29
5
-1
21
-13
-10
-12
-11
13
-15
22
23
-2
5
-1
2
8
13
-17
9
13
-2
4
-1
5
7
3
-8
19
27
22
14
1
-11
-2
-10
-18
-5
0
13
5
0
-13
4
3
-15
6
-8
-6
1
-5
-5
-5
19
12
-17
-15
5
-12
-40
-16
-2
-28
-1
-27
-33
12
-14
15
5
5
17
-20
-2
7
16
13
8
31
18
-3
13
20
-5
11
7
11
14
0
-12
-28
1
6
7
1
-1
-21
-16
-14
-8
25
6
10
1
-25
-4
8
-16
-24
-14
-29
-4
0
-33
-3
-17
2
27
-7
23
-9
-9
-6
-38
3
-27
-31
23
13
0
18
22
17
5
8
-5
-8
8
1
9
18
28
34
2
0
28
15
4
1
7
7
16
8
10
21
27
21
9
5
-9
-8
-15
-23
-33
-11
2
13
17
13
6
-13
-8
-3
-1
-33
-53
-20
-1
-9
3
13
11
23
-6
-16
6
-4
-2
2
2
-5
-6
22
5
-14
-3
2
3
9
-12
-11
29
-1
-7
-15
-7
15
-12
1
-15
-10
1
-13
-18
3
25
-5
-3
9
-8
-1
15
3
15
3
-17
-29
-38
3
-26
-39
10
12
-8
1
2
-8
-2
-5
16
17
-8
8
24
10
0
12
21
5
13
6
16
7
3
37
34
20
-7
-13
-6
-10
-5
-8
1
17
-5
23
34
18
24
12
-15
-24
-4
-19
-15
-8
-29
-31
-11
-6
-19
0
-16
-7
-5
-37
-18
-28
-27
-2
-13
-22
3
10
-11
0
2
-2
16
11
-15
-11
27
10
35
50
11
37
13
0
30
8
17
14
13
21
4
11
5
3
12
-1
-4
0
-3
12
21
25
28
6
18
19
-18
-7
-26
-31
-9
4
21
4
-12
-7
-7
0
-5
-29
-18
-28
-29
-9
-17
-19
-23
0
6
-21
-14
-12
-30
-27
-33
-41
-20
-26
-18
-8
-6
-8
-24
-20
-14
2
14
-8
-7
7
16
9
2
16
-4
6
20
8
2
5
14
19
22
13
34
28
9
7
16
35
27
33
28
22
36
27
14
22
25
15
-3
8
11
25
4
-15
-6
6
14
-5
23
6
-5
-4
-25
-10
-17
-26
-24
-27
-22
-22
-25
-4
11
-5
-16
-7
-5
-5
-3
11
14
-7
16
-7
-19
5
-12
10
-21
-49
-15
-19
3
11
-13
-20
-1
13
14
-9
-19
21
9
2
18
-3
8
-2
-4
21
-4
-18
-7
-26
-22
-11
-29
-24
-3
1
-7
-2
-9
0
16
-15
0
16
-12
-25
-19
-8
5
17
0
27
25
-18
-15
-18
-9
-1
28
26
19
33
30
50
11
1
8
-10
2
11
-2
24
31
5
30
8
5
10
-2
14
13
28
15
8
30
25
20
0
-5
-4
-15
4
-4
1
0
-27
-11
3
-20
-14
-31
-2
1
-41
2
-9
-5
11
-13
-5
0
-3
-22
-38
-26
-19
-17
-4
-15
-12
-9
-12
-15
-52
1
10
-28
-12
-20
-17
-23
-23
-14
-8
14
16
-8
20
47
26
16
3
-20
-8
7
-13
-34
-7
26
5
21
3
-2
51
29
5
23
36
39
48
26
34
14
9
35
11
2
1
5
4
9
23
26
10
7
-3
-15
-12
-21
-24
-20
-21
-18
-16
-9
-3
-2
-19
-19
-20
-15
-4
-2
8
3
-6
-17
-10
-5
-13
6
-4
-23
-13
-21
-13
-26
-14
9
2
-2
2
30
13
-20
-8
18
12
11
-3
-9
10
-9
-7
-6
-25
-24
-15
4
3
1
-16
-17
36
11
-2
21
-13
-26
-9
10
24
20
4
7
4
19
7
22
26
9
34
15
7
-3
39
52
5
16
25
16
7
3
11
-14
-5
-8
-5
14
-3
-5
-13
-18
-13
7
13
9
11
-16
-13
5
-15
-16
-31
-30
-10
-11
-24
-14
-23
-43
-19
-3
-8
-41
-43
5
-4
-37
-22
-16
-9
-13
-18
-13
-19
0
16
0
-7
10
18
-4
-6
10
19
15
7
9
17
13
3
1
14
23
45
26
20
49
37
35
5
6
10
4
14
1
23
50
45
9
6
1
-5
27
24
1
2
4
-27
-9
9
-17
-16
-14
7
14
-13
-2
4
5
13
-6
0
-9
-37
-25
-28
-39
-15
-17
-47
-31
-21
-18
-1
-19
-21
-4
-12
-18
-17
-13
-14
-2
-6
-23
-1
-32
0
-35
4
21
-50
11
-46
26
-4
-25
30
8
15
3
26
39
-7
1
3
-15
6
37
28
13
19
3
12
28
21
21
13
13
30
16
21
16
3
32
34
16
22
24
33
5
4
11
9
-7
-23
-18
-25
-29
-38
-7
2
7
7
-9
17
7
10
3
-22
-9
-4
-21
-34
-35
-16
-11
-28
-9
-5
-23
-11
0
4
0
-11
-5
12
12
20
26
3
17
18
-12
-1
-12
-11
5
9
27
6
-29
-15
-3
-3
0
-25
-20
16
1
-5
6
-1
-1
16
3
-18
-12
-21
-11
-20
-20
-8
-21
-3
9
1
-7
-25
-9
8
-6
15
14
8
-2
13
25
5
9
8
17
26
13
-10
-11
14
33
20
17
15
-4
4
-1
-3
7
-10
-8
26
19
-5
2
-6
3
24
22
-6
-26
-5
9
-7
14
6
-18
-13
-10
-9
-15
-21
-15
0
-16
-6
1
-2
19
7
12
13
6
-18
-15
0
-19
3
4
6
21
9
11
0
-2
8
6
10
6
1
-25
-20
11
1
0
-9
-2
16
-18
-23
-5
-6
-3
-4
-14
-16
-14
-4
7
6
0
8
12
-5
-13
-12
-15
-15
-4
22
11
-13
-5
0
-3
1
12
7
-7
-17
5
15
11
31
16
-7
8
13
13
11
-9
-1
-6
12
10
-14
-1
-13
-24
-13
-3
1
-12
1
-2
-23
23
13
-17
4
6
-9
-8
13
-6
0
10
-7
9
1
15
17
9
6
-11
8
11
2
-3
-23
-8
-2
-4
17
3
17
20
10
7
18
22
6
12
14
6
11
4
-13
-8
-2
12
-10
-21
-24
-19
-16
-10
-4
3
15
-3
-13
-26
-15
-3
7
-7
-10
5
-20
-8
-12
-7
6
14
7
-21
-19
-13
3
-1
5
12
-12
-3
9
4
-1
-8
-10
-10
2
3
11
22
5
9
9
28
34
-15
-17
-29
-30
-15
1
-9
-5
0
-36
-9
-5
-17
-1
3
2
-9
-6
17
0
5
20
18
13
26
30
9
9
-4
8
26
5
29
25
15
34
9
18
31
10
24
30
23
21
-9
-11
6
0
-10
-29
-21
7
-5
-22
2
-7
-18
8
6
-20
-21
-22
-24
-18
-22
-17
-48
-44
-27
-33
-21
-35
-22
-14
-12
-3
-25
-24
-26
-17
-9
7
17
12
-1
-5
10
-5
4
11
0
1
10
15
12
29
23
15
19
25
33
16
0
-1
19
30
32
23
23
42
44
44
34
21
8
11
11
0
1
0
-7
-7
17
14
-7
-14
-8
6
0
-4
-5
-24
-8
-12
-12
-11
-35
-24
-25
-6
-14
-14
-23
-37
-19
-27
-21
-32
-38
-33
-34
-25
-26
-9
-3
-18
8
6
9
19
-10
5
15
-2
-11
-12
0
18
2
4
10
13
24
-1
-5
-10
3
5
-8
4
5
26
32
18
18
12
17
15
20
20
15
25
34
24
19
28
27
33
9
22
6
-24
-10
1
20
28
7
-3
13
-1
-16
-11
-15
-9
-3
-14
0
2
-10
3
5
20
20
-15
-20
-4
-2
-21
-25
-19
-33
-31
-9
-13
-34
-34
-38
-38
-28
-18
-13
-32
-16
-4
7
10
-11
-17
-21
-19
-29
-13
-2
-5
-5
-10
-2
-6
0
1
-7
-7
3
18
12
14
19
11
2
17
5
-12
21
20
20
28
33
36
28
32
31
30
40
32
30
24
23
26
18
4
10
19
-5
-16
10
26
16
18
11
8
9
3
2
-6
-10
-6
-19
-22
-24
-11
-16
-15
6
-3
7
-5
-10
-3
-3
-4
-20
-35
-33
-37
-46
-32
-21
-14
-9
-5
19
13
-6
3
-12
-1
-1
-19
-22
-38
-30
-20
-26
-9
-12
-26
-11
-9
-12
-10
-9
11
19
2
-4
3
30
14
15
22
-2
22
11
-11
-7
-13
4
4
8
21
35
23
20
12
6
7
-7
19
16
23
21
0
22
24
28
27
15
7
10
4
-5
-6
4
14
11
6
8
7
6
6
4
16
11
1
1
2
0
0
-2
-10
-2
-15
-18
-22
-22
-10
-26
-10
1
-6
2
-13
-19
-31
-22
-14
-21
-1
-4
-18
-24
-14
-9
-12
-11
-7
-7
-31
-33
-20
-13
-15
-29
-12
-10
-19
-11
4
7
9
-1
-6
7
-3
1
10
19
24
17
19
14
21
27
24
26
23
37
36
42
31
17
22
22
29
7
-6
6
19
2
2
15
18
19
3
15
16
1
13
16
0
5
-4
-11
24
13
-20
-17
-13
-14
-22
-24
-12
-17
-24
-19
-14
-21
-21
-34
-43
-33
-39
-29
-16
-25
-25
-4
-6
-11
-22
-28
-5
-12
-17
-19
-17
-17
-21
-5
-22
-26
-13
-10
4
0
8
10
5
24
34
15
6
10
4
10
23
37
46
32
23
28
12
8
19
19
33
32
29
47
31
8
21
7
7
26
33
43
19
19
15
-8
-6
-1
-1
-7
2
8
18
17
6
-7
-7
-13
-12
-3
-27
-35
-18
-18
-4
10
2
-15
-29
-29
-18
-10
-27
-33
-19
-18
-23
-30
-23
-15
-17
-22
-17
-6
-12
-2
-4
-26
-38
-28
-24
-24
-26
-34
-18
-26
-28
-1
-6
-5
1
2
6
-4
8
22
19
11
18
14
14
20
1
9
4
2
27
25
17
28
24
23
22
24
32
18
27
46
30
23
33
28
31
25
13
8
12
15
14
21
27
21
24
14
-9
0
-8
0
3
-4
-15
-22
-11
-21
-26
-35
-38
-30
-30
-31
-15
-13
-29
-18
-8
-2
2
-13
-32
-17
-21
-29
-14
1
-16
-13
0
-21
5
-4
-10
-1
-15
-9
-2
4
-9
-9
4
-4
-5
9
-3
4
18
3
3
6
6
1
-2
-4
9
18
1
17
17
11
11
-5
4
4
3
16
16
7
8
12
9
9
0
-2
-3
-3
9
-6
-15
10
5
-8
-9
9
13
-6
12
15
30
30
13
18
11
20
24
9
1
-3
-15
-14
-20
-9
14
-17
-14
18
21
16
7
18
16
10
0
-19
-10
-13
-22
-22
-13
-21
-30
-26
-19
-14
-17
-15
-19
-30
-28
-18
-8
-1
-20
-4
-2
-12
-4
-7
-5
-7
-2
-3
-13
-3
-5
-9
-7
-2
-7
-18
-12
-2
7
9
8
21
36
27
35
32
24
19
0
16
16
11
12
-5
-5
2
8
11
11
4
20
11
7
11
9
25
11
25
27
21
38
19
18
31
12
2
5
11
0
3
7
10
10
-3
4
-2
-23
-15
-16
-26
-26
-19
-9
-22
-18
-31
-36
-13
-16
-39
-31
-36
-42
-27
-45
-34
-21
-29
-26
-34
-33
-23
-11
-6
-5
1
-14
-24
-16
-28
-1
23
-9
4
-4
0
20
32
39
31
34
30
19
16
25
31
22
28
32
22
21
22
25
39
35
17
13
-4
4
10
27
31
13
29
30
16
16
16
-9
8
9
-16
4
-2
-28
-18
-10
-7
-2
-9
-25
-26
-8
-6
2
-4
-6
-2
-11
-6
-12
-21
-4
-5
-20
-7
-14
-18
-26
-33
-14
-15
-27
-22
-8
-17
-11
5
5
-9
-10
-5
-15
3
4
-6
-7
-8
8
11
-11
-24
-6
-2
-2
9
11
5
-7
2
9
17
17
3
11
-3
-3
-6
-6
1
9
27
34
25
24
17
9
18
16
13
13
13
5
3
6
16
18
-4
-13
5
24
18
16
14
18
12
-1
9
3
-16
-23
-11
-23
-30
-15
0
4
0
-9
-15
-6
-9
-3
7
-5
-24
-26
-22
-28
-18
-11
-10
11
9
6
8
3
-2
-17
-13
0
7
-4
-13
-3
-4
1
9
0
-6
-9
-4
-7
5
2
5
17
18
8
-13
-1
10
-3
-2
12
-4
6
9
8
-7
0
-1
-10
18
-2
-4
2
-10
-9
2
2
4
8
7
2
-2
13
15
12
18
11
4
3
1
15
1
-11
-11
-11
-2
7
29
19
-12
8
20
30
20
-2
-6
-14
-11
-13
-4
-2
-12
-15
0
-11
0
-5
-16
-9
-18
-13
-27
-19
3
0
5
-11
-2
8
1
2
3
-2
-14
-3
8
2
-12
0
-4
2
-6
-25
-9
-10
11
17
-6
19
36
3
-1
1
-3
18
13
4
15
-1
-2
15
3
-1
0
-8
-12
-7
-14
-20
-23
-26
-16
-10
23
46
52
38
23
22
15
1
-12
-11
-16
-17
-12
-7
-9
0
11
1
-2
-8
-1
4
12
3
-19
-7
3
11
15
18
17
2
-4
-13
-24
-16
-11
-13
-3
-15
-12
-8
-12
-9
-2
13
3
4
20
7
0
-19
-16
-7
0
10
-6
-1
3
-6
16
16
7
22
11
11
-5
-1
3
5
20
-9
-27
-15
-20
-25
-5
6
9
1
-3
-1
2
-4
1
11
-5
1
4
-1
-4
-21
-16
-19
-14
-5
-19
-15
-2
14
16
7
13
12
15
33
15
25
27
12
20
5
13
13
10
20
20
33
25
10
11
-3
-14
-11
-13
-12
-9
-22
-12
-10
-7
8
-4
-5
-19
-23
-23
-29
-23
-28
-37
-12
-15
-13
6
-11
-14
-16
-20
-25
-16
-8
-4
-7
-3
24
28
24
38
49
31
23
19
18
21
-1
5
-6
-17
-7
-9
-7
-4
3
-3
12
15
11
32
24
2
10
16
-14
-4
3
-23
-32
-26
-17
-11
-11
-17
-6
1
-5
-4
-4
2
-4
-9
-6
0
3
8
0
-20
-12
-9
-14
0
-12
-19
-17
-19
-5
-6
0
17
6
5
29
32
22
31
41
33
38
33
30
26
0
-7
0
-14
-16
-10
-8
-5
-1
13
17
6
5
-14
-3
13
1
5
17
23
10
21
14
-4
-6
-26
-25
-21
-20
-18
-26
-8
-3
-12
-11
-7
-1
-1
-1
0
-2
11
10
-14
-19
-29
-26
-33
-37
-38
-36
-24
-24
-13
-10
-13
-1
-3
14
16
14
16
-11
1
5
0
-2
-2
-10
-6
5
-5
-6
5
21
19
20
13
4
-1
-4
25
21
6
27
16
31
37
24
38
30
11
5
1
-3
23
27
8
3
6
4
-5
-9
-4
-10
9
31
19
33
25
17
34
24
5
1
5
-1
-8
-18
-20
-19
-34
-13
-11
-24
-24
-24
-8
1
-1
1
-17
-14
-17
-19
-21
-38
-33
-53
-37
-19
-22
-18
-22
-23
-19
-21
-9
-1
-3
4
-17
-22
-30
-22
-2
-5
-11
-6
-5
-17
9
6
7
21
10
27
21
6
23
25
17
25
27
23
10
-5
-8
-14
7
29
14
21
27
24
44
68
52
32
37
31
9
7
33
30
14
6
12
14
19
15
1
15
19
18
13
12
1
-11
1
-7
-28
-30
-29
-35
-37
-40
-33
-36
-31
-27
-37
-37
-30
-28
-36
-11
-17
-13
-2
-21
-11
-17
-6
-1
-26
-19
-5
-15
-11
-16
-38
-19
-19
-18
-4
5
22
22
13
8
8
-6
-9
17
11
3
11
13
9
-8
10
24
28
19
2
25
20
15
26
7
22
24
10
7
-9
-7
-16
-5
-2
-14
5
20
15
20
16
8
-2
-2
1
11
11
9
46
23
7
41
39
29
21
19
30
17
5
5
-5
4
6
-7
-16
-7
-10
-10
1
-20
-22
-5
-16
-12
-8
-12
-11
-32
-32
-28
-21
-22
-33
-34
-36
-21
-14
-27
-14
-8
-18
-23
-28
-29
-36
-44
-41
-39
-32
-24
-23
-12
-1
16
18
3
2
13
8
10
0
-1
14
22
23
17
26
27
19
5
8
27
31
38
51
42
35
38
29
18
17
18
25
31
7
19
30
21
34
32
31
22
28
31
9
6
2
-10
-9
1
0
-14
-20
-9
-1
-11
-17
-11
-14
-25
-30
-22
-13
-13
-23
-25
-17
-25
-12
-29
-46
-37
-49
-41
-42
-28
-23
-44
-33
-20
-32
-19
0
-14
-15
-23
-10
11
5
-2
-11
-6
-7
-6
-15
-10
14
11
20
27
25
23
17
10
25
33
19
22
32
21
17
28
17
23
28
27
35
24
15
9
11
21
29
12
11
29
36
37
32
25
11
17
-4
-14
-24
-30
-16
-14
-4
-10
1
8
8
11
11
11
4
6
-3
-13
-6
-16
-16
-20
-30
-35
-40
-34
-37
-31
-27
-15
-6
-6
-1
-3
-28
-33
-16
-24
-25
-17
-25
-12
-16
-12
3
-11
-7
-27
-28
-7
-30
-24
-9
-16
-11
-7
-5
4
9
2
7
22
17
12
11
14
20
29
34
37
45
37
32
26
21
17
15
32
36
28
34
43
39
28
15
17
8
9
-3
-6
4
-5
-2
-1
12
33
18
6
9
-8
-15
-22
-8
-9
-7
10
-5
5
-5
-25
-25
-33
-33
-36
-43
-68
-76
-44
-50
-34
-76
-120
-86
-66
14
9
-9
47
101
61
48
58
86
191
216
270
243
74
-16
228
436
321
130
-104
773
1681
664
-944
-785
-85
-248
32
538
43
-1903
-3936
-2512
219
-450
-2860
-3483
-4009
-4854
-3876
94
4943
2286
-6703
-7344
414
2370
1290
5025
7527
1031
-7628
-3771
9530
13370
5937
3399
5487
2717
1901
4671
5673
5563
4649
3698
5412
4222
-2464
-4358
663
5203
5795
-1890
-8999
-6121
-2952
-2424
1261
2239
-6405
-10349
-5881
-2784
-640
-1303
-1978
-2533
-4512
-4731
-2688
-3474
-6961
-2747
-1477
-5888
-3218
2257
48
-6503
-5192
1864
5428
-301
-6345
-245
5166
859
-2024
3614
9738
5513
-5308
-5571
11045
16706
422
-7673
3757
10860
97
-8058
-140
7953
-1342
-11813
-1817
6725
-3866
-15171
-7841
4993
2769
-8682
-11450
-1429
1263
-5588
-5190
2156
4184
-1927
-3773
2459
8023
5046
255
3629
7300
4805
1398
2219
5060
4807
5883
8471
6025
-1834
-3629
4109
7110
5131
3443
2062
-2115
-5269
858
8415
6652
-536
-863
1541
219
971
1593
669
489
1284
1186
-492
-2975
-4901
-1864
330
-684
-2868
-7933
-9567
-6291
-4070
-4815
-5403
-8090
-11276
-7639
-3559
-3421
-3533
-3224
-2513
-1936
-916
492
1859
534
74
1718
858
-430
-524
-78
-1559
1076
2486
3059
-461
-102
13284
20168
5337
-18166
-3958
27484
27554
-399
-3679
16974
7834
-13350
-4437
26617
25489
-12305
-24264
4184
21040
-1654
-20867
-3749
12266
-2886
-22296
-11555
5791
-4423
-22647
-14064
9314
3718
-22689
-24844
1162
12486
-4610
-13893
-2789
6354
-2179
-7881
3728
12713
6093
-4829
-505
9543
9355
1275
-3058
4506
9102
4185
-2791
-1137
4710
2447
-1542
-367
4498
1998
-4533
-1430
6864
8013
394
-559
5716
8506
4536
2957
8513
10212
7976
6416
9697
9020
3168
1105
4581
8976
4846
-719
-2491
-2981
-3559
-5353
-3718
-2091
-4791
-10719
-12599
-7594
-6503
-9069
-10907
-8019
-4248
-6248
-9027
-6528
-2139
-2730
-3516
-407
974
-745
-3537
-1061
4549
5000
-354
-1261
2432
2440
-739
-2182
33
1660
-327
-3061
-1476
731
-3692
-7006
-6377
-1033
1182
-1215
6479
12074
3166
-20957
-13669
19856
30661
9177
-7459
6413
8371
-7316
-4851
21119
31300
1667
-20752
-4353
18062
10324
-11833
-7451
11680
9951
-12329
-16869
-969
3520
-9271
-13323
2601
7410
-11519
-25763
-11135
10092
5490
-9100
-11539
-2243
-409
-7584
-5092
4712
9467
458
-6346
177
7797
7090
-2306
-1243
8737
10732
1644
-4820
2584
7653
3825
-789
2013
5297
-225
-4942
-1189
5790
3225
-2904
-2505
1602
2220
-1468
-444
4283
5087
1459
402
4438
7599
5661
442
18
6437
6505
2027
2626
5912
2613
-4971
-3912
5182
7548
-3197
-7424
-507
-213
-5468
-4826
-827
-1913
-5332
-6206
-2715
-345
-5684
-7305
-2255
303
-1809
-4977
-5553
-3018
-1191
-4312
-4344
-247
-2915
-7008
-4482
-561
-839
-4786
-6082
-2646
409
-3048
-5036
-2168
-2444
-5003
-3874
-2113
4953
14968
11576
-6667
-18428
-247
22649
22647
3442
-142
9763
-295
-10429
6321
31120
22453
-10274
-18006
6157
21276
4337
-11851
1053
15560
4581
-12803
-9843
3563
2491
-10147
-7413
8248
4269
-18618
-24854
-3430
12526
3302
-12601
-13698
-3412
-3139
-8546
-4591
4480
5563
-4507
-9333
-2097
7136
4564
-5484
-2409
7839
8570
-1395
-6067
1577
7824
5334
622
2423
3157
-1963
-3413
2833
7819
4453
-603
-1074
1994
3038
2172
4093
6198
5856
3597
3682
4102
3575
5612
5881
5625
4205
3076
1753
1152
2593
1743
1355
-476
-1775
-1098
-2548
-3472
-2388
-2750
-5473
-4717
-2648
-5340
-6877
-5489
-4104
-3909
-4862
-5663
-4919
-5024
-6087
-3540
-2329
-4543
-5001
-3755
-2643
-2070
-2760
-5356
-3478
-294
-1561
-2721
-1557
-462
-827
-1931
-521
1919
1853
-2121
-1661
1650
2955
10930
14445
4964
-10982
-6031
14163
21692
10185
-886
6078
6603
-7027
-3877
21610
30210
2128
-21232
-8536
16769
15465
-7674
-10359
7163
10217
-7855
-16060
-4292
4802
-3483
-12384
-2511
6682
-7305
-24329
-15475
7639
10914
-5254
-16956
-10517
-345
-3562
-6915
-506
8004
3241
-9232
-9380
1951
9908
574
-6403
2916
11127
4319
-7963
-4284
7192
10075
2903
-960
3342
2568
-2231
-879
7193
9734
4146
-140
637
3601
3106
3268
7121
9095
5349
602
1501
4557
5994
4096
3057
5542
3468
-1645
-1525
3376
3216
-2442
-3307
1774
3799
-3535
-8776
-3862
355
-2136
-4694
-3056
-2954
-6009
-7602
-4939
-245
-2125
-6717
-6834
-4283
-3730
-5681
-5495
-3583
-2443
-4991
-6048
-2833
-2186
-4688
-5284
-1273
278
-2530
-5485
-2579
1848
183
-2578
-1864
420
-674
-905
1195
9507
14234
5824
-7899
-9234
9050
21521
14802
1107
2029
7547
-2834
-6435
12900
30900
14647
-15657
-16106
7836
17356
157
-10095
2555
12228
954
-13570
-10474
1280
1541
-6391
-3282
6584
-242
-19110
-21499
-375
14798
5438
-11851
-15665
-6116
-2786
-5414
-3301
3119
5037
-4318
-10952
-6285
2985
3192
-4564
-2175
6466
7338
-3055
-8871
-894
7772
7828
2973
2750
2559
-1145
-1861
3834
10544
9079
3671
950
2222
3717
4168
6679
8394
8424
5204
3919
4727
2862
1744
3283
9057
7955
992
-2228
-123
2120
-1600
-1703
3921
4597
-3458
-9559
-5807
-1229
-1768
-4333
-4366
-2697
-5573
-9086
-7265
-2722
-2506
-5379
-5954
-4528
-4823
-8313
-8053
-3342
-875
-3852
-6804
-5535
-4845
-4761
-4772
-1950
269
-2870
-5547
-4299
165
816
-1508
-2614
-1248
3479
1592
4158
12440
13428
39
-12487
2777
22763
22408
2319
-3047
10228
6363
-6956
1452
27811
25880
-8041
-23835
-1614
20917
7409
-15357
-9151
10666
7794
-11675
-14970
-1896
3313
-8347
-10738
4443
7744
-10486
-23972
-8829
10986
9594
-5494
-13707
-5391
-809
-3929
-4498
794
6307
-286
-7739
-5908
4007
5763
-6364
-8289
3291
11597
2558
-8035
-3314
5865
6315
-592
1052
7372
5122
-2673
-2318
7092
10702
5689
-131
2506
8121
6656
3610
4073
8224
8274
5093
6173
6429
3499
-1607
1757
8219
6681
2613
-2531
-3114
-3070
-2076
2237
2793
-2299
-7084
-4047
-2643
-4646
-4703
-4336
-3060
-3646
-5023
-5460
-4191
-5572
-6383
-2589
-1571
-3213
-6428
-7708
-4821
-2186
-3513
-5223
-2445
-3136
-7352
-6759
-3275
-283
-2290
-4598
-3333
-1964
-2397
-5196
-1756
957
711
136
-859
6970
13476
8370
-7839
-9184
11856
22937
13554
-707
2640
8970
-1771
-6257
13861
32457
13140
-17642
-17013
8255
18502
553
-11951
-1274
9927
-919
-13366
-7735
2158
-623
-10506
-4954
7213
1608
-17077
-20311
717
14036
5197
-9798
-12276
-3362
-777
-2701
-1701
3777
4183
-4638
-7501
-950
7254
3698
-7182
-6047
5406
10329
352
-6889
-1729
5661
5890
345
391
3296
2095
-1329
482
5784
6309
3318
-264
1426
5587
6588
3729
2406
5490
7965
9695
5070
-1155
-239
5521
7434
5468
5794
3907
-1468
-6830
-4390
7492
9955
-1428
-7694
-4009
-1300
-2337
-2805
-3146
-2714
-3804
-6871
-4253
-1176
-5274
-8386
-5662
-1153
140
-5153
-11273
-8727
-2415
-2390
-4669
-3888
-5458
-8051
-7407
-5234
-1401
-966
-5120
-6323
-3391
-14
-3026
-5991
-5441
1337
6602
3232
6014
9883
2996
-11335
-4045
19357
26321
9194
-6082
2033
9590
-311
-1671
20262
30724
4696
-20811
-10933
15730
17521
-5763
-12602
4405
11224
-6823
-17598
-5844
6165
-1103
-12594
-4951
6908
-1482
-18379
-15420
4409
10960
-106
-10252
-8389
-1696
-2230
-3741
394
6410
2808
-8145
-8613
2124
10189
2232
-9709
-6001
5221
6334
-1967
-2545
3604
4548
-328
-2115
4386
7026
1444
-3031
2716
9357
6682
644
-685
4831
8322
6518
4243
4643
4338
5410
8376
6579
772
41
2988
3756
4881
5573
4017
-2956
-9807
-3715
8893
7288
-4313
-6846
-3353
-1428
-1105
-2139
-2452
-1539
-3947
-5925
-1424
-539
-3902
-5445
-5167
-1759
275
-4461
-8771
-5095
-2856
-6190
-6047
-3630
-4699
-7676
-9386
-5962
-2002
-3363
-7335
-7045
-3536
-4009
-4314
-5248
-2176
2037
7098
11206
6957
-4332
-11745
4319
23098
21577
4989
-746
6769
2063
-5120
7588
30439
24081
-10424
-22777
1292
21733
7563
-13251
-7315
8542
3909
-13888
-14040
209
2330
-10362
-12339
2879
7436
-9380
-22484
-8396
13024
11196
-6377
-13600
-2840
4421
-106
-2030
4383
9514
363
-9305
-3390
10146
10676
-4658
-9680
1792
9913
404
-10333
-1925
9839
5913
-6111
-4226
6811
5990
-4086
-4843
7494
12441
2530
-6136
-1056
8829
8258
3606
3445
7105
7727
2678
823
3169
7308
4526
-555
1260
4165
3687
-2857
-5844
-171
4621
534
-5407
-3682
-2019
-3480
-2386
334
1359
-1873
-6630
-5018
2080
3031
-1863
-4283
-3634
-1386
-505
-2268
-2919
-1472
-2277
-5204
-4159
-2601
-3842
-5583
-7400
-5815
-3110
-2838
-6265
-9789
-6494
-3834
-2445
-4999
-6395
-2828
-875
5183
9159
6282
-7836
-10237
8937
21364
13817
38
3005
8745
-165
-4609
12869
30795
14875
-14886
-16530
8012
19190
2238
-12362
-4630
7231
-794
-13355
-9568
743
-3116
-14091
-8619
5604
4266
-13039
-19761
-3775
10416
7566
-3713
-7841
-3113
-737
958
3922
9249
8409
-2791
-7534
88
11215
8368
-4566
-6548
2705
8340
-547
-7587
-2119
4866
3883
-2072
-538
4089
2612
-3950
-3199
6509
10516
4640
-2741
-984
5504
8827
6122
5069
7919
6102
1950
673
4503
5024
1786
317
1887
3130
-2836
-6815
-2062
2421
277
-4191
-5703
-4309
-3024
-2807
-2530
-644
-654
-2789
-2026
-1208
-995
-250
562
894
-168
-1660
-2452
-1155
-64
-1223
-1479
-1261
-2457
-4751
-6768
-5558
-2705
-1618
-5138
-8169
-7909
-5438
-5410
-5538
-3851
-1075
-873
-2520
3992
8753
2407
-11637
-5047
16788
23385
7156
-7331
1974
10863
2449
-996
16450
26529
3527
-20469
-9968
16525
17997
-6997
-17070
-1356
7760
-6192
-17154
-8382
2283
-5180
-16259
-10995
1534
-1352
-15716
-13348
4041
9921
-2927
-13808
-6009
7914
8525
-926
-2199
7791
10648
1377
-3906
4893
15258
7987
-6950
-5518
9293
12626
-1644
-8443
1403
9246
2160
-7284
-1262
8935
5732
-4406
-2745
7409
8086
-864
-3607
4780
11536
7115
1278
5680
10024
4635
-1402
2895
9109
6606
-339
-2600
-374
-1957
-5178
-1670
2867
-1655
-8748
-9129
-5743
-4034
-3384
-3648
-4164
-4731
-5698
-3614
7
-298
-1605
-690
926
1309
211
-1130
-984
1327
1120
-605
24
-754
-3389
-3639
-1851
-1275
-2832
-5260
-4714
-3903
-5138
-8383
-7111
-2558
-1179
-1505
1028
6901
6283
-6162
-13755
2621
21164
18304
119
-2672
7715
4015
-4675
5141
28584
24698
-8249
-22067
-790
19742
9089
-10500
-7255
4573
-781
-15865
-14834
-395
784
-13243
-17687
-6710
-696
-11219
-19337
-9395
4640
4608
-7402
-11286
-4637
1042
2573
3241
7190
9172
4384
-1031
1065
11271
15562
7204
-1062
1193
9355
8304
-101
-205
6315
6584
-2684
-6436
1059
6391
1993
-3811
1053
7901
3946
-3920
-2140
7553
11056
6240
4272
9728
9094
1176
109
9236
13827
5336
-1853
-1203
2544
-972
-7066
-2987
2152
-1591
-9840
-11669
-8374
-7065
-8084
-8320
-5054
-3969
-8924
-11067
-5577
-106
289
-2717
-3525
-408
2123
1271
397
3037
3314
1195
681
829
722
321
-926
-1315
-2053
-1539
-1967
-3459
-6154
-8308
-5511
-3506
-1786
1640
7765
7693
-4589
-17373
-6725
16949
24845
8158
-5952
1827
6281
-2873
-2459
19642
32279
7482
-21040
-13636
14778
20469
-3035
-12912
1254
8546
-6568
-19081
-8524
4609
-3007
-17579
-14601
-77
-2392
-19337
-21182
-3261
9188
-1233
-16224
-13611
-1125
3039
-1234
-1
7851
8129
-1266
-5403
4926
17688
13636
-480
-3510
6681
12591
4483
-501
5646
10779
3939
-5963
-2532
5813
4540
-2967
-1346
8729
9181
-2172
-8338
26
11459
11362
5504
7629
10709
4171
-2843
3959
16203
14705
4010
-1909
518
1145
-4795
-3690
4747
4502
-6820
-14370
-11419
-6855
-6864
-9475
-8226
-3975
-6962
-14386
-13330
-6008
-946
-1337
-3806
-3405
-1713
-3370
-5697
-793
6685
6863
1746
-3037
-2541
1611
2104
542
452
2042
537
-3508
-5224
-4776
-3206
-1778
-328
2607
7480
7236
-1198
-11972
-8987
11233
23716
15163
-2909
-4440
4175
2092
1087
14006
28027
13986
-14518
-17435
6743
21892
7235
-10209
-5240
3933
-2835
-13813
-10181
1062
-1289
-13165
-15065
-6129
-5157
-16142
-17906
-5266
2990
-3902
-16043
-16836
-7541
-127
1090
37
816
1014
-1266
-1094
3957
11598
11931
2953
-1657
3449
10615
8583
2707
4370
9867
9680
788
-4114
1752
7414
5328
1220
4209
7566
2154
-4921
-986
11296
14427
6276
2516
8100
10546
5626
3270
8735
14110
10762
3612
450
759
-394
-1741
803
2594
-845
-8638
-14248
-11642
-6182
-5644
-9564
-12483
-12248
-11149
-9926
-9003
-8270
-7328
-6538
-5312
-4067
-3727
-3953
-3217
-1759
435
2882
2068
-639
-2547
-853
2123
3091
1489
-1608
-2219
-4329
-3477
-1633
819
1243
-845
4525
8976
6726
-6110
-9016
9170
21298
15951
950
1442
9419
3262
-1512
11692
31473
20571
-11370
-18849
4473
22525
9640
-10041
-6827
4357
-488
-13246
-11465
1260
-504
-15025
-19061
-7346
-868
-12608
-21692
-11326
1564
-1947
-16073
-19382
-8800
-1462
-1907
-3533
-73
1998
-3938
-6003
1124
13247
14712
2648
-4687
-426
9264
9401
4551
6053
9813
7768
-1757
-3948
3815
8954
4868
-122
4113
8019
2310
-5136
-1575
10257
14248
8861
6120
8204
6906
2605
6647
15225
18133
11446
3827
2593
2952
2093
3107
7973
6523
-1844
-9229
-11118
-8127
-5333
-5186
-7486
-10378
-14428
-16418
-12856
-9765
-8890
-8638
-8242
-7682
-8214
-9257
-9459
-5787
-1702
119
796
-1933
-4928
-5638
-1737
3282
4331
2681
-2631
-4231
-5114
-2844
346
968
2239
2153
6420
6773
362
-7490
-2286
15040
21229
11375
-347
2029
7530
3761
4566
19988
30708
12846
-12522
-11280
11753
22388
7346
-6450
-1982
4050
-3623
-12055
-6094
3263
-905
-13415
-16641
-8269
-5956
-13932
-16414
-6877
553
-7157
-19944
-21341
-9997
-863
-1800
-4997
-4687
-3728
-6313
-5929
1749
11132
11122
796
-4623
743
7955
6767
3856
8103
12070
6985
-2868
-3185
5439
9181
4702
1995
6299
6954
-780
-5940
421
12288
13460
7239
5030
5984
5216
3227
9634
15720
15953
10390
4531
4517
3087
3360
7250
11260
7966
-1021
-7046
-9230
-6068
-1243
-1071
-4614
-9947
-14612
-14535
-11129
-9397
-9019
-8362
-8930
-10618
-11995
-12472
-10009
-5206
-3120
-3635
-4984
-7168
-8511
-6710
-1656
1663
2151
-932
-4960
-5787
-4758
-1278
-76
1806
2645
4889
8294
3686
-3395
-7077
6125
20903
20389
6940
-2592
4577
7951
4497
9701
25135
27275
3820
-14405
-3082
19149
20864
1436
-6641
3057
5709
-5041
-11225
-2092
6012
-1712
-13040
-12818
-5833
-8424
-15985
-11688
-189
1442
-12009
-24482
-20773
-7322
177
-2325
-6905
-7032
-7665
-9120
-6168
1974
9955
6414
-2796
-5030
1064
5825
2922
3310
9351
12445
5176
-4943
-2668
6634
9535
4445
3460
7966
6050
-2771
-5253
5102
13929
11652
5947
5120
6304
3171
3532
9829
16495
15936
9775
5026
1744
1439
4985
11482
13100
6838
-1291
-6375
-6342
-2469
325
306
-3555
-9081
-12028
-11423
-9383
-8777
-8409
-7840
-7294
-8727
-12292
-13968
-11247
-6869
-4822
-4894
-6366
-8996
-10341
-8841
-4858
-1331
-423
-3053
-7153
-8345
-5555
-916
-988
-1062
661
6096
9346
4186
-4009
-6560
7727
21054
20722
7793
-160
4383
5128
5463
14753
29108
24681
-1640
-14616
1787
23447
20252
490
-5071
2533
3529
-5147
-7131
2332
5376
-4468
-12762
-9295
-3720
-9196
-15651
-9061
2025
849
-13551
-23577
-18143
-6374
-481
-1878
-5603
-8441
-11148
-10481
-4315
4390
8272
1863
-5786
-5177
1653
5008
2517
3385
8177
9564
2361
-5161
-1679
6129
8250
5135
4935
6445
1602
-4793
-2983
8641
15008
10545
5705
3254
2980
2614
8001
13484
14556
12074
7653
5354
1485
1187
7124
13804
11476
2915
-2135
-3566
-3446
-1705
1353
2976
-1280
-10015
-13187
-7929
-4053
-6109
-8309
-7226
-6004
-8533
-12737
-12047
-6715
-4772
-8314
-9205
-7656
-8470
-10198
-10250
-6124
-2565
-2170
-7470
-10603
-8420
-5341
-2701
-2670
-644
1984
6097
5327
-888
-5728
-458
14780
21777
13796
1927
2807
8010
5275
6569
19845
30033
15567
-8352
-9632
11798
24360
10963
-3750
-386
6803
693
-8668
-4790
5804
4152
-7427
-11209
-4268
-3268
-12815
-14075
-2354
5961
-2989
-18339
-21211
-11474
-2097
-1268
-3068
-3481
-6659
-11915
-11207
-1585
8209
6932
-3263
-7848
-2421
2898
1427
341
5188
9293
5298
-3189
-4586
1675
5674
3905
3446
7788
6867
-1570
-6656
-238
11268
12725
7656
6067
6754
3035
-289
6391
15150
16723
10363
4979
3829
1927
907
5388
12369
11184
1959
-5552
-5780
-2081
470
766
479
-1895
-7647
-10777
-7315
-2788
-3576
-6059
-5717
-3999
-6243
-11333
-11158
-4975
-1508
-4915
-8268
-9194
-9435
-9976
-9546
-5560
-3150
-3520
-8586
-12159
-10907
-7957
-4714
-3046
-282
833
2851
2750
-1806
-6868
-1024
15519
24023
14768
30
607
9162
9138
8968
19402
29693
16561
-7009
-9802
10450
25547
14294
-2554
-3111
4175
1436
-6524
-4268
4900
3592
-7512
-12767
-6655
-3844
-10048
-11478
-3722
2559
-4411
-16402
-18577
-11234
-2411
43
-1399
-4032
-7813
-9997
-7917
103
7603
6465
-2712
-8202
-3770
3183
3839
1749
3478
6170
3124
-4179
-4662
1903
6220
3726
1001
4423
5729
-136
-5524
-276
10912
12757
6467
4395
7704
6441
2053
5885
15557
17289
9983
4063
4668
5562
2841
3792
9605
10732
2203
-6508
-6616
-2208
355
-612
-2556
-3946
-7096
-9896
-8294
-4527
-3678
-5046
-5301
-4794
-6311
-9313
-9314
-4949
-1026
-2995
-6562
-8602
-8914
-8417
-7309
-4522
-3568
-4028
-9156
-12063
-11263
-6415
-4154
-5990
-4410
-1793
6634
3957
-4457
-10563
-2881
16967
21263
13340
1538
3134
9331
4727
7302
20712
32443
19545
-7071
-9516
10699
25367
14812
-2190
-772
5556
1640
-7391
-6067
5534
4117
-7287
-13624
-8323
-3178
-10190
-13301
-5720
2469
-2721
-16862
-20951
-11922
-1143
870
-2796
-4435
-5046
-8285
-7499
345
9648
9423
-1613
-6773
-2514
4477
3871
1200
5425
8315
4410
-5321
-6871
1001
5819
3700
736
4251
4751
-2867
-7743
-457
11817
13213
5208
2025
6815
7578
3416
5210
14236
17456
10302
3986
4118
6579
4282
3268
8636
10339
2734
-6361
-7051
-2961
-1602
-1817
-2313
-3649
-8139
-12889
-10120
-4212
-2640
-5378
-7056
-5869
-7288
-9120
-8707
-4493
-484
-3319
-6882
-7236
-5844
-6715
-7492
-4265
-795
-1106
-7391
-12341
-11046
-5923
-2293
-3685
-3741
-3611
85
3926
2100
-2036
-5419
3580
15105
16758
10001
3167
6246
7066
5095
11797
25074
28215
8408
-9363
-1809
17744
22630
6596
-3652
1193
4540
-1277
-7013
-293
4624
-2867
-12644
-12838
-5114
-4980
-11579
-12279
-4839
-1569
-9566
-17683
-15409
-6452
-1727
-2803
-4770
-3825
-4244
-6257
-3349
3801
9799
6321
-2274
-5220
266
6424
5653
4174
5246
5466
527
-5214
-2866
4163
6251
1637
-313
2559
1464
-4457
-4252
5140
12538
8770
1677
3485
8784
7657
4422
9628
16649
13768
6034
3317
6601
7287
3773
4825
9413
7344
-2528
-8188
-5196
-2168
-1720
-2775
-4608
-7364
-11324
-11732
-7175
-3480
-4794
-7516
-7482
-7521
-7979
-7703
-6147
-3271
-3318
-5382
-6463
-4754
-4729
-7360
-5012
-1556
-949
-5193
-10165
-9855
-6556
-2833
-3816
-3775
-1458
1061
2723
13
-3018
-3340
4696
13555
15293
10698
3665
2920
4735
7360
14568
24367
24692
7952
-6752
-1262
14894
21661
10978
26
-175
769
-2677
-5013
1418
4317
-3134
-12226
-14297
-8155
-6443
-10421
-11411
-6322
-3683
-10812
-17764
-16618
-8108
-1325
-1697
-4207
-4870
-5200
-6201
-2623
5347
10570
7096
-1021
-4729
589
7662
7907
6075
5590
4904
731
-3186
-1779
3174
5612
2563
1074
2116
275
-4283
-3973
4450
11405
10207
2812
1099
7357
9272
7289
8241
15297
15130
8146
4423
5526
8606
5553
4301
8284
8845
574
-8475
-7287
-2694
-1548
-2492
-6081
-9107
-11973
-13189
-9409
-4754
-4591
-9370
-10951
-9485
-8743
-7258
-6681
-5311
-3906
-5261
-6621
-5736
-4934
-6462
-4819
-19
347
-4597
-9853
-10250
-5872
-962
-1258
-2547
-2654
-203
2526
1313
-1416
-4274
3584
13337
14910
9896
3054
4236
5333
6201
13312
24949
27817
8195
-9623
-2222
18071
25693
11172
-1802
-416
2710
-1042
-4991
2330
6607
-2940
-14049
-15236
-6829
-5291
-11293
-12441
-6648
-3647
-12185
-20327
-17692
-8449
-2048
-2763
-5391
-6262
-7064
-7764
-3204
6011
11798
7206
-1628
-4465
713
7607
8367
7552
7829
6549
1463
-3449
-1625
3495
6414
4251
1780
1736
-522
-4864
-4141
4080
11164
9590
2302
1478
6150
7665
5835
8624
16104
15014
8792
4758
5929
7524
5222
7052
11076
9756
-118
-8184
-6307
-2029
352
-398
-4971
-10400
-14324
-13378
-7772
-4547
-6930
-10821
-10526
-9778
-10666
-9389
-6942
-4899
-5367
-7556
-6925
-4602
-5782
-8204
-5547
847
1227
-4953
-9721
-10719
-4835
-1070
-1091
-534
-859
2998
1166
-1538
-4475
-1563
11115
14737
12241
5224
2792
5042
2859
6872
17678
29062
23148
-829
-9838
3446
22097
22314
6724
295
1780
1402
-4150
-3411
6702
6001
-5255
-14348
-12328
-5864
-8326
-12388
-9569
-2721
-4576
-16600
-22843
-16701
-6151
-1215
-3849
-6658
-7119
-9293
-9217
-2021
9088
11663
2634
-4698
-2983
5089
8311
6394
7778
9885
7101
-362
-3044
1607
5651
5411
3401
3755
2838
-3002
-6784
-1455
7750
10987
5616
596
2783
5589
5980
6245
12431
16079
11388
6562
5808
8890
7518
5351
8712
12510
8869
-2095
-7331
-3627
309
1282
-1270
-5080
-10016
-14810
-13560
-7454
-3355
-6747
-11829
-12367
-11785
-10543
-9059
-6983
-5457
-6326
-7769
-8083
-6918
-7262
-6855
-3390
-120
-1623
-7118
-9855
-9016
-3860
-2182
-2055
310
1045
3376
119
-3695
-6431
-790
13791
17803
12364
2122
-555
3143
4017
11509
23588
29687
14661
-8896
-7574
13672
28455
18496
366
-1086
3764
2332
-3145
520
8709
2898
-8707
-12849
-6494
-4035
-12410
-14802
-5279
2432
-6471
-21987
-24877
-14618
-3867
-847
-3996
-7441
-10712
-14109
-9441
2745
12789
9539
-3187
-8151
-1267
8627
9237
5930
8092
9728
5300
-1484
-1299
4373
6558
4396
3499
5016
2432
-5886
-7523
1313
10951
10453
3063
1058
1889
2745
3127
9988
16867
14484
7452
3315
6789
8389
7798
9659
12875
11193
2185
-3548
-2605
794
1993
272
-1386
-5440
-11372
-13650
-9553
-4633
-5766
-10171
-11637
-10788
-10618
-12044
-10552
-6253
-5119
-8103
-9694
-7938
-7109
-7795
-7702
-3493
-450
-2699
-8700
-11850
-7098
-2993
-1381
-1603
-967
4274
4485
-2190
-9819
-6422
10187
18036
13694
3531
1597
6055
1440
2190
15513
31195
24395
-2845
-12516
4357
25062
22164
4234
730
5890
4144
-4822
-3683
8660
9377
-3319
-13027
-8022
-548
-7144
-15854
-10163
2620
2244
-14188
-25047
-18978
-7213
-2392
-4351
-4742
-5615
-12278
-15500
-7265
7778
13162
2580
-8231
-6603
4140
8502
4989
5968
10463
9613
836
-4052
1962
8038
6864
3325
4638
6062
-1359
-8038
-3779
7801
11756
4488
763
1817
3645
330
2381
12051
16313
12035
2899
2714
5757
6637
8266
11021
13370
6687
-1582
-3719
-320
4014
3030
601
-2893
-7886
-10744
-9287
-4163
-3436
-7771
-10354
-10293
-8574
-10122
-11451
-8217
-4979
-5323
-9073
-9334
-7865
-7626
-7830
-6260
-2043
-1504
-5051
-11466
-11670
-6527
-1118
2097
181
1997
2213
-1772
-9065
-8547
7317
17956
14143
1918
-2051
3579
3215
2663
12561
26927
24853
545
-12298
1067
21868
23698
7429
1308
4858
5004
-2473
-3647
7435
10254
176
-9875
-7074
-120
-4748
-12692
-10230
1626
4279
-9161
-22137
-20220
-9055
-2328
-3652
-5623
-5890
-10310
-15145
-11002
3803
12582
4146
-8750
-9526
2182
8814
5181
3186
8441
11067
3468
-3744
-252
7541
8190
3782
3600
6368
2352
-6018
-5504
4684
11906
5860
-459
1093
4185
2676
-678
6322
12850
12964
6301
2030
4368
4633
6775
9432
12294
9143
1040
-2396
-1092
3019
4663
2083
-943
-6043
-8787
-7500
-3847
-1953
-6679
-9674
-9828
-7607
-7176
-9928
-9412
-7184
-5423
-6811
-8214
-7937
-8766
-8944
-7658
-4324
-2046
-4267
-8858
-11888
-9523
-4737
-162
2372
3260
3475
-2147
-9473
-9478
3858
17663
15750
4361
-2683
965
3848
3397
11043
23591
24375
4406
-12073
-2088
19033
24658
9180
-1110
3437
6406
291
-4533
4224
10688
2919
-8488
-8860
-52
-324
-9264
-11319
-1006
6050
-4210
-19326
-20969
-9474
-682
-2526
-7498
-8255
-8866
-12717
-12007
-1153
9801
6424
-6913
-12602
-3012
8443
7785
2572
4630
9635
6166
-2066
-2338
5649
10434
6676
2463
3891
3965
-1227
-3768
2373
10272
8276
2128
160
2458
2623
1032
5562
10361
11868
7470
2832
1270
1065
6185
11854
13758
6866
-1628
-3116
105
4088
5026
3336
-220
-6038
-9514
-7143
-1319
735
-4639
-9176
-9140
-6451
-6115
-8652
-9052
-6790
-4479
-5330
-7753
-9647
-10464
-9533
-6671
-4222
-3980
-5606
-10032
-12506
-10606
-5070
79
1526
3047
1594
-4197
-10663
-8128
7563
18245
13450
1486
-2327
2396
2905
4060
14901
26890
21032
-3318
-13777
3048
23383
22082
4766
-1416
3668
4223
-2141
-2685
7192
9285
-1527
-9992
-5832
1907
-1553
-9303
-7749
2008
4820
-6036
-17853
-17223
-7259
-139
-1385
-5323
-7448
-10715
-13320
-9346
1843
9018
2864
-8467
-10742
-1955
6356
6158
3199
4330
6867
4337
-989
-242
5383
7749
5726
4327
5046
2920
-1558
-1355
5099
9730
7104
2379
866
1682
2129
3809
6404
8961
8888
5985
3567
1394
1817
5045
9546
10225
4773
-484
-2609
-516
2505
3854
2924
-1331
-5952
-7999
-5535
-1654
-1285
-3919
-6870
-7349
-5854
-5368
-6061
-7027
-6391
-5525
-4794
-4821
-7356
-9890
-10318
-7378
-4328
-3796
-7099
-10833
-10996
-8587
-5697
-3423
-331
2451
1783
-4991
-10940
-6016
7909
15792
9848
223
-390
4325
3755
3510
14271
27054
19583
-3840
-13216
3661
23471
20816
4462
-1883
3253
3330
-3565
-2044
8474
10415
-2180
-12607
-7263
2926
1200
-7648
-7314
1704
3920
-6116
-15849
-13968
-4747
-32
-2333
-4938
-5632
-8792
-12703
-9389
1943
8956
2286
-9082
-10731
-1400
6010
5149
2522
3731
5492
2562
-846
581
5238
6549
4064
3778
5043
3222
-1435
-1208
5764
9683
7986
2639
-85
1268
2675
5540
6476
8929
8553
5060
2535
518
4069
7217
8038
6143
2733
1349
-1355
-1121
1227
2403
2329
-2244
-5621
-6813
-5182
-2753
-3095
-3194
-5437
-6375
-6137
-6105
-4798
-4606
-4795
-6222
-6072
-4688
-5553
-7368
-9308
-8233
-5847
-5234
-7417
-10098
-9194
-7702
-5608
-4533
-926
3257
-62
-8212
-12337
-694
13361
14037
3859
-3338
2481
5922
2814
6259
19823
28220
10400
-10956
-8060
14090
25913
12158
176
1593
5929
196
-6531
1617
10945
7171
-6952
-12186
-3278
1495
-3314
-7964
-2038
4784
-506
-11668
-15691
-8559
-814
-462
-3786
-5536
-6414
-9511
-11048
-4832
4829
6512
-2727
-10379
-6950
1965
5492
3375
2613
4233
3844
195
-815
3183
6678
4802
2049
3777
5394
2327
-1937
824
7168
9480
6907
2435
848
122
2786
6431
9181
9750
6403
3493
1060
2165
5769
8794
8868
3950
-124
-995
207
1845
1517
1680
66
-3669
-6452
-6357
-3511
-3085
-3722
-4464
-5680
-5910
-5935
-5165
-4607
-4166
-4091
-5118
-5493
-6347
-6484
-6354
-6578
-7021
-6899
-7011
-8748
-10893
-10525
-6742
-4229
-3259
-1136
1590
-4109
-14787
-12154
6560
19478
11316
-4345
-4648
4238
5683
2437
11865
29486
25385
-771
-15857
1225
25414
23274
4969
-391
7700
6889
-5847
-6741
6843
14171
3406
-10419
-9146
-852
-705
-7189
-5581
4392
5978
-6375
-17981
-15460
-3952
1836
-1465
-5801
-7241
-9108
-12057
-9745
224
7913
3531
-8024
-11830
-3288
4986
4823
2454
4240
6021
1268
-3395
-303
7023
8533
3054
1214
4637
4729
-1135
-3044
4526
10763
6761
1521
2088
4616
1553
-894
5899
12663
12549
4422
358
2768
4623
6273
7276
10337
7269
-517
-4057
-1428
4431
4432
1420
-833
-3384
-5924
-7573
-4536
-1357
-1819
-4138
-7352
-7518
-6421
-5424
-4823
-4284
-3561
-4767
-6208
-7491
-8519
-7760
-6129
-4725
-5637
-8682
-11865
-12548
-9884
-6560
-3973
-4226
-3209
-680
-1719
-9563
-12987
-436
15126
15343
1918
-5572
1315
6618
4246
6634
21557
30336
11846
-11891
-9959
15811
29152
14942
-65
1755
7982
1192
-6694
1992
14319
10771
-5981
-13208
-4462
2781
-1561
-7636
-2004
5985
618
-13760
-19328
-9713
1808
2346
-4932
-9640
-9405
-9885
-10508
-4446
5507
7439
-3116
-13599
-9723
2912
8687
5073
2018
3969
3651
-823
-2713
2427
8887
7908
3009
1584
2616
182
-2711
1451
8435
9122
2233
-952
3014
4263
709
1174
9947
13993
7581
598
453
4867
5770
5718
9169
10782
4402
-5159
-5136
2447
6683
4595
-27
-2833
-6073
-8752
-6447
-686
1605
-3343
-8268
-8554
-6268
-4696
-5096
-4819
-3320
-3156
-5725
-8582
-9206
-8686
-6438
-3825
-3142
-7337
-12094
-13508
-12031
-6949
-4321
-2075
-3938
-3363
-748
-3775
-8051
-8495
5860
17196
11991
-126
-4839
4266
6629
5212
12547
25975
26731
1014
-16341
-2751
24592
29921
8236
-4023
-130
4957
-114
-3144
8051
12968
2677
-12939
-12733
829
4187
-3691
-8997
-1023
5515
-3999
-17906
-18960
-5247
4819
363
-8948
-12296
-9651
-8916
-8581
-919
8489
6041
-9028
-16925
-5595
10126
11852
2817
-540
4203
4659
-2206
-3856
5087
13210
8870
-35
-1177
2500
1758
-1281
3069
11227
10060
289
-3650
1572
7327
5439
5250
9158
11091
5934
-1226
1239
7074
9867
7541
5471
5533
1207
-2658
-2433
3109
6897
2981
-2316
-7370
-7773
-5911
-2588
482
-1533
-5134
-8717
-8398
-5705
-4508
-3667
-4434
-4463
-5827
-7829
-8268
-8618
-7389
-5542
-4445
-6258
-11642
-13206
-11137
-8705
-6679
-6895
-3808
-4738
-2744
-388
-2003
-5111
-7157
4707
13626
11957
2898
-1595
5065
6014
6680
13723
24330
22970
-39
-12091
865
24286
26629
6258
-4554
-1578
5075
2884
1434
8050
7948
-1706
-12031
-7653
3840
3059
-6074
-9734
-554
4608
-5446
-17719
-17237
-4468
2884
-2028
-9268
-11077
-8949
-8872
-6648
2857
9763
3076
-11756
-13871
1038
13305
9709
98
69
6244
4584
-2900
-2850
7269
13035
5762
-2236
-1119
3210
1012
-2635
3043
10524
8091
-3261
-5580
4074
9304
5688
2131
7993
10191
4111
-1161
2359
10562
8970
3807
2548
5596
3676
-3096
-2660
3163
6647
2031
-5251
-7116
-5955
-3569
-1772
-246
-1097
-5973
-8721
-8099
-4026
-1731
-3462
-5458
-5863
-5095
-6780
-8165
-7500
-5374
-4188
-5605
-8569
-10255
-9734
-9001
-7683
-6833
-6138
-7010
-8164
-5645
2329
8212
1687
-10925
-10097
6515
19618
13774
603
362
7431
6860
2729
12092
27888
20909
-4564
-14171
7450
29085
19490
-3596
-8604
5327
11154
2470
-2276
3373
5944
-3147
-10964
-5304
3149
123
-9467
-9366
-732
842
-8691
-17740
-14399
-3724
1199
-4110
-10974
-10963
-6749
-3817
-1885
1762
4197
68
-6591
-5392
3981
10644
7871
1782
1208
4670
4212
-462
339
8203
11078
3809
-3508
-1477
3478
3440
1383
3691
6824
2983
-1523
421
6727
7844
4226
4094
6627
8530
4769
2650
5320
7376
6443
3500
4075
2667
-222
-843
927
3471
738
-3737
-6658
-6059
-3029
-1836
-1252
-3865
-6885
-7733
-6567
-3200
-3150
-4974
-6972
-6430
-5474
-7034
-6897
-6469
-5925
-6184
-7742
-8133
-7437
-7149
-9035
-9696
-6420
-4697
-6684
-8607
-5810
4511
9975
2532
-10556
-11125
6321
19291
15901
2963
817
7802
5445
760
8899
26465
25212
110
-14318
-10
23647
21986
261
-7041
2823
10177
1504
-5034
1951
7486
1361
-11027
-9470
924
1652
-7417
-12277
-3751
2634
-4423
-16708
-18433
-6125
1857
-3024
-10752
-10239
-3674
-2826
-5641
-2621
5960
7438
-3062
-8650
0
11563
10879
1459
-821
5888
8510
1424
-2432
4991
11386
5798
-3367
-2611
4698
5857
465
-700
5082
6413
2692
1160
4761
7514
4366
2809
4386
9989
9880
4961
3030
2708
4738
3997
4970
4272
1833
405
-2407
-1918
-1786
-1858
-2670
-4981
-4599
-4254
-3348
-5338
-7572
-5898
-4492
-2743
-4643
-7189
-7909
-6777
-5169
-5406
-4260
-4980
-8018
-9433
-8378
-5102
-3759
-6237
-9272
-10551
-7171
-5308
-4945
-5473
-2880
6814
8519
-1328
-14094
-7898
12669
21659
12463
-1394
2272
8508
2207
-1576
12756
31758
20894
-8705
-17513
4999
27182
16498
-3678
-5682
5339
6563
-4439
-4468
5284
9189
-2472
-13841
-7270
2802
280
-10944
-11434
91
4170
-5993
-18818
-16432
-2665
3328
-2474
-9294
-7354
-3406
-5199
-6067
1599
11284
6766
-7255
-9704
3287
14059
9007
-1033
82
8261
7545
-1815
-2556
7439
10930
2211
-4466
839
7644
3463
-4030
-1119
8288
9294
2239
-921
2603
5595
4500
4286
7275
9700
6084
1535
2021
4718
5423
3596
3090
2582
1618
-337
-2767
-2927
-2278
-1403
-1849
-3911
-5637
-5716
-4086
-4524
-5628
-5045
-3518
-2539
-4905
-7543
-7058
-4082
-2976
-4567
-5038
-5635
-7254
-7792
-6434
-3908
-3827
-6497
-9799
-9194
-5642
-4111
-4555
-6083
-1048
6819
7391
-3961
-13633
-3384
13518
19477
8135
-781
4098
6325
848
-389
17515
31593
15406
-11109
-15221
9782
25463
12523
-4290
-4537
5678
2276
-5839
-2976
6155
6757
-6666
-12735
-5102
2204
-3174
-12698
-8273
2264
3448
-8652
-19445
-14162
-1601
3721
-2176
-8052
-6866
-4992
-5240
-3535
4778
10601
3417
-7841
-6630
6250
12850
5958
-1418
2657
10000
6575
-3058
-2637
7513
10465
2812
-2494
2477
6560
1553
-3965
1484
10599
9454
2130
-2138
2379
5609
6115
5485
7259
9575
4436
1258
1560
5214
6176
3662
3424
1644
1400
-1968
-4642
-2639
-1045
692
-2986
-6095
-7135
-5936
-3681
-5602
-5405
-4845
-3995
-4329
-7421
-7884
-6412
-3468
-3628
-5146
-5484
-7346
-8242
-7493
-4905
-3594
-5323
-8701
-10195
-7231
-4346
-4182
-5016
-5492
-1112
6172
8660
-309
-11487
-6499
10578
21819
13080
417
2345
7286
3392
-191
14821
32095
21200
-7560
-18399
4726
27049
18393
-2462
-7765
2698
4261
-3705
-3952
4356
7112
-4821
-13673
-7590
586
-2110
-11133
-9573
-318
2231
-7056
-18370
-16131
-4443
3175
-73
-7809
-9556
-6910
-4414
-2205
3184
8216
3515
-5749
-6979
2833
11468
8403
1044
1322
7457
6243
-1889
-2407
6457
10886
4060
-2559
794
5724
2539
-2890
1495
10303
9814
2231
-1882
2420
6644
6594
6212
8829
10512
4330
-711
1801
7887
8998
4429
2210
1607
1003
-2314
-3942
-538
1172
-1133
-6139
-7391
-5127
-4071
-4959
-6923
-5611
-4202
-5120
-6809
-8113
-7003
-5503
-4210
-4389
-5199
-5735
-7783
-8283
-6097
-3342
-3219
-6631
-9063
-9209
-6266
-3564
-3592
-4227
-6049
-4484
3256
10394
6686
-8592
-12768
3294
21078
19415
2815
-176
7058
5613
-1359
5658
27531
28839
2549
-18704
-6622
21971
24701
4785
-8176
-1993
5426
-976
-5155
772
7202
539
-12356
-11593
-2945
68
-7449
-11936
-4789
1532
-2226
-14622
-19025
-9055
2301
3352
-5645
-10400
-7044
-3222
-2029
261
6545
7274
-1348
-7940
-2416
9620
12513
4512
-759
3339
7138
2190
-2690
2412
9513
7325
-967
-2356
3070
4302
-389
-867
5872
9624
5539
-1066
-659
4301
8267
7957
7252
8007
4941
1717
1684
6255
8960
6385
3021
-65
133
-209
-966
-414
-997
-1738
-4875
-6147
-5467
-4430
-3948
-5802
-5786
-5895
-6082
-6242
-6722
-5777
-5213
-4411
-4885
-5826
-5708
-6556
-5824
-4645
-4372
-5568
-7010
-6052
-5936
-5073
-4167
-3933
-4286
-5418
-5487
-59
9585
11416
-2404
-16743
-7103
16165
24927
8740
-4369
3053
8568
1715
-2234
16217
32767
17571
-12445
-18457
9487
29049
15262
-5194
-7134
4801
3522
-5508
-3562
6078
7858
-7329
-15902
-8827
1259
-802
-11297
-10282
-1336
1923
-8554
-19935
-14776
-1080
5710
-1957
-10527
-8061
-2661
-1807
-3360
3320
11247
5883
-6921
-9672
4418
16105
10843
-621
-1392
6518
5779
-2418
-2105
8054
11692
1278
-6828
-896
7098
3958
-3679
-170
8800
9461
882
-4671
1742
8843
9727
4971
5200
7408
4593
1763
2591
8823
9227
3994
-1117
-1099
2625
1260
-1613
-2890
-1482
-1377
-5803
-7664
-5884
-2412
-3340
-7173
-7417
-6566
-5426
-6723
-6785
-4538
-3490
-4632
-7299
-6557
-4649
-4306
-4292
-4798
-4725
-5252
-5297
-5347
-5172
-3637
-2797
-2787
-4323
-5524
-4252
3775
11094
6685
-8237
-13479
3058
19599
16797
1352
-1284
7825
6563
-1121
2541
23033
29714
7027
-15394
-9433
18107
25344
7804
-6227
-2863
5496
177
-4880
244
7387
2684
-12060
-14633
-5467
1467
-4340
-12895
-9048
-1406
-1893
-13033
-18799
-9943
901
2074
-6378
-9808
-5035
-2076
-3365
-1721
7601
10957
857
-9139
-4173
10552
14939
5950
-1243
2296
6813
1903
-3039
2447
10683
7145
-4115
-5547
3623
7060
-213
-4074
3730
9860
4315
-2733
27
8867
9392
3962
2846
8045
10419
4673
1935
5273
9158
6124
271
764
3655
3452
-2200
-5055
-2177
-428
-2417
-7032
-7166
-4482
-4027
-6344
-8066
-6048
-5074
-6179
-6850
-5659
-4169
-5050
-6188
-5538
-4073
-4077
-5032
-5121
-3812
-3362
-4494
-5468
-5100
-3384
-2946
-2952
-4101
-5216
-4625
-4710
480
8899
10878
-1030
-15403
-6454
13753
22553
8339
-4685
3307
9869
4770
-3005
11569
31352
21475
-7390
-19245
5929
28625
17581
-4206
-8812
4699
5703
-3830
-4566
4184
7590
-7761
-18156
-11135
1502
667
-12325
-14355
-5939
-382
-7401
-17468
-14268
-4128
1648
-2878
-7904
-4954
-1744
-2211
-2601
4938
12297
6417
-5171
-6949
5541
16190
11688
1040
-1733
4475
5658
-62
-121
6442
8108
-776
-6976
-1132
6089
4266
-2252
-1647
4675
6237
2069
270
5430
9055
5340
2515
7490
12218
8012
1142
2266
8186
8695
3268
-181
1953
2574
-1817
-5370
-2990
769
-1667
-7652
-9245
-5722
-3938
-6328
-7581
-6111
-5408
-7022
-7620
-5541
-3839
-4593
-5957
-5041
-3672
-4281
-4507
-3053
-1798
-3146
-5609
-5463
-3375
-1592
-2214
-4122
-3951
-4835
-4307
-4927
-2446
7411
11432
3821
-13831
-11682
8594
20520
12288
-3996
2151
12225
6148
-5017
1447
27231
28245
2034
-18196
-5469
22576
20338
1825
-7727
1833
7350
-3069
-6072
478
7593
-1829
-16109
-13311
-2819
1555
-8676
-14722
-7915
-932
-1914
-13129
-16588
-9106
221
2903
-2620
-4578
-3857
-2638
-1110
3548
11237
9407
-269
-6181
-26
11684
12979
4587
-1930
1719
6278
2155
-2037
1171
6383
3289
-4256
-3776
2995
5022
-842
-4070
892
6756
6592
2525
2401
4705
4958
4103
7869
11963
8700
2226
425
5027
7353
5087
2059
1423
1056
-3310
-5679
-2669
1491
-785
-7989
-10330
-7021
-3587
-4959
-6789
-6044
-5625
-6444
-7084
-5231
-3882
-4706
-5658
-4399
-1584
-1889
-4109
-3917
-2409
-2113
-3927
-3088
-1255
-1248
-3120
-4999
-3280
-1929
-2784
-4073
-4109
-924
5480
9243
4464
-8046
-9617
2986
15955
14878
3644
2004
6209
4386
-1560
4127
23924
26621
4875
-15471
-7897
16669
20370
6006
-5113
-1089
2686
-3058
-4665
14
3937
-4095
-14826
-12482
-4185
-1698
-9562
-13052
-6980
-2040
-4385
-12976
-14594
-7601
979
3633
-1474
-4984
-4105
-404
2519
5198
9380
8026
855
-4183
318
10257
12260
5137
-1369
764
4827
1488
-2524
0
5229
3543
-3740
-4739
1605
5460
598
-4578
1096
9712
9494
1143
-2170
4994
9942
9108
6672
8179
8308
2681
-11
2957
9233
8350
588
-4837
-4449
-182
78
-1792
-3976
-6504
-7785
-8073
-5778
-5077
-5942
-6451
-6505
-5986
-6996
-6258
-4727
-3916
-3785
-3839
-2125
-1855
-3278
-4222
-2879
-194
51
-1613
-3388
-3491
-2152
-1699
-1856
-2793
-3221
-3896
-3848
-2666
852
7371
8368
227
-11178
-7949
9052
19594
12781
-1091
-598
6312
5446
1566
8534
23954
19084
-3544
-15429
123
21557
16889
-725
-7731
680
3529
-5329
-6774
1252
4665
-7943
-18577
-11256
-641
-2736
-13692
-12474
-1548
5
-10373
-17689
-8860
2692
2912
-3619
-4770
841
1334
-1608
1836
10500
11868
1381
-5336
663
10460
11197
3595
168
3016
5126
1270
-2839
-186
3958
3268
-1346
-2397
1019
1958
-624
-1448
2751
6747
5948
3048
1932
3625
5965
7552
8812
8760
6669
3654
2318
2980
4082
5042
3886
99
-3560
-3717
-1598
-1403
-3994
-6523
-6496
-5981
-7004
-7843
-6794
-4575
-4361
-6635
-8604
-7333
-3716
-1975
-2745
-4322
-4295
-1949
-403
-1552
-3788
-2204
989
1330
-1903
-4622
-2894
-358
-232
-2350
-3153
-2158
-3190
-4470
-2168
1872
4798
2029
-841
-1977
-514
5123
8119
8589
3696
1840
5767
7573
8335
5434
7692
9301
6804
3891
2166
6747
6064
2331
367
1112
1872
-4305
-6303
-3477
-713
-3326
-10651
-10265
-8016
-6221
-7122
-6832
-3984
-6585
-9490
-9228
-3421
1017
-2112
-4663
-3036
2409
4322
2142
2471
3937
4938
2905
2212
5429
6873
5308
1567
1461
4461
4437
1201
-2559
-817
2872
2965
369
-2143
-1410
-14
1549
3324
3612
3006
1675
1919
4291
7455
8748
6456
4249
4901
6614
6418
4121
3005
3394
2372
80
-1306
228
739
-1917
-5377
-6684
-5348
-5273
-6414
-6527
-5641
-5633
-7324
-7851
-6905
-5847
-4763
-3310
-1959
-3594
-6402
-5320
-480
2068
-1031
-3850
-1669
1758
307
-4376
-4340
598
2816
-774
-4976
-3586
-1176
-1817
-3686
-1293
3542
1665
-2132
-715
6025
6252
-258
-677
5477
10024
6585
4357
7588
7392
2516
-175
7988
15726
11392
-32
-5160
2007
8135
6676
619
-3500
-4827
-5005
-2186
-674
-3546
-8908
-11278
-8338
-5586
-4958
-6130
-7167
-7624
-7439
-4266
-1432
-2366
-5846
-5890
278
5874
5412
881
-1221
977
3562
5466
6293
5756
2933
-275
-101
3086
5837
4210
526
-1496
-1024
721
1313
1042
-31
166
1316
2575
3879
2230
900
1765
5942
8154
6692
5362
4420
5362
5173
6210
7356
5889
2403
-1388
-401
1997
2931
1101
-2458
-3775
-5582
-6865
-7081
-4896
-2608
-4415
-7491
-9992
-8721
-5748
-4290
-3451
-2903
-2834
-4677
-6355
-4739
-1075
1849
1121
-1547
-2406
-1747
-757
-992
-826
-8
-81
-1389
-3256
-2933
-2045
-1582
-1631
-639
533
119
-408
-229
2139
3162
3314
3605
4640
4843
3167
4505
7149
8697
5695
2116
3448
6574
7878
4609
2096
2629
2685
1658
-975
-1325
-1906
-3043
-2926
-3415
-4832
-8388
-8723
-6313
-5129
-6068
-7659
-6446
-5124
-5255
-5225
-3785
-1186
-1734
-3793
-2907
1365
5328
3900
915
513
2843
5129
4720
4395
4053
3424
2114
1420
3230
4560
3406
489
-784
275
1185
1530
1501
1065
729
1140
2622
3400
3196
3707
4631
5322
4750
5125
6204
6254
4990
3676
4799
5679
4168
944
-620
205
-55
-848
-1097
-1083
-3262
-7568
-8810
-6197
-2750
-3302
-6867
-8843
-8431
-6389
-5236
-4035
-2717
-2986
-4401
-5340
-4024
-2036
-548
247
267
-470
-1701
-2043
-778
561
141
-1226
-1546
-926
-780
-1942
-2722
-1633
-758
-608
-954
141
715
-247
-301
1056
4541
5343
3657
1859
2401
5351
6635
6540
5131
4248
3862
3073
4139
5819
6014
3124
-393
-618
483
878
-1222
-2471
-1998
-3020
-5441
-7114
-5082
-3203
-4271
-6709
-7103
-4363
-3431
-4977
-5565
-2974
32
-1277
-4226
-3654
1131
4220
1943
46
1641
3765
2890
1201
2681
5027
4409
1129
139
3137
4956
2826
-575
-310
2849
3636
1576
-60
1117
2484
2608
2506
3061
4180
3683
2495
2896
4935
5913
4491
3730
4135
4600
3439
2102
2287
2358
1082
-1392
-2294
-1256
-114
-1145
-4295
-6165
-5742
-4478
-4276
-5225
-5940
-6044
-5638
-5685
-5281
-3893
-2771
-2914
-4126
-4313
-3063
-1442
-759
-1117
-1296
-1255
-803
-522
-892
-966
-640
-534
-984
-1040
-645
-1138
-1850
-1532
-61
1419
1447
362
-598
-87
1515
2954
3945
4399
4014
2353
1375
2700
5036
6315
4869
2417
871
1923
3674
3146
2469
1684
1349
-442
-1617
-822
-469
-533
-2560
-3723
-4028
-3541
-3061
-4109
-3868
-3310
-3421
-4700
-5212
-3021
-1507
-1020
-1903
-2326
-1647
-700
562
805
1280
1278
907
610
1013
2265
3072
3042
1935
881
1005
2670
3708
2571
812
872
2619
2887
2036
1329
2521
3641
2765
1685
2038
3990
4289
3657
3534
3987
3909
2930
3066
4287
4397
2476
580
976
1884
727
-1433
-2000
-540
-386
-2589
-4246
-3913
-2932
-3885
-5816
-5774
-3916
-2923
-5155
-6768
-5141
-2638
-2322
-4077
-4329
-3072
-1966
-2118
-2441
-1756
-1022
-973
-1454
-1537
-889
-415
-970
-1353
-974
-282
-579
-1431
-1267
-225
998
1215
679
319
223
1052
1816
2416
3282
3383
2530
1138
2132
4332
4749
3031
1366
2268
3387
2465
557
475
2319
2421
-3
-1746
-969
514
-328
-1817
-1959
-1513
-1707
-2792
-2727
-2012
-1534
-2137
-3216
-2963
-1960
-1018
-1416
-2406
-2054
-687
406
-401
-1374
-604
1053
1710
387
-394
409
1364
1717
1405
1589
1686
1396
986
688
1727
2441
2424
1765
1239
1522
1601
2220
2721
2860
2683
2494
3348
3416
3197
3377
3802
3689
2349
2001
2736
3457
2679
849
277
439
459
53
-355
-444
-1229
-1853
-2007
-2136
-2849
-4250
-4005
-2661
-2179
-3598
-5376
-4753
-3112
-2395
-3564
-4399
-3491
-2602
-2504
-3079
-2863
-2043
-1605
-1915
-2357
-1854
-1153
-1103
-1660
-1839
-1333
-848
-854
-1045
-605
197
731
252
-38
621
1677
1936
1586
2147
2599
2366
1555
2175
3810
4103
2655
833
1283
2392
2358
954
513
1651
1686
141
-1210
-249
1027
635
-800
-1304
-669
-735
-1347
-1446
-358
-22
-1160
-2250
-1889
-555
-695
-1510
-1788
-850
-263
-1027
-1565
-1338
62
512
132
-264
-299
-120
-516
705
2326
2416
198
-1160
806
2817
2908
1385
1188
1954
1791
1054
867
2285
3321
2694
1458
1794
3339
3430
1809
1533
3195
3830
1899
-188
693
2771
3167
1196
-702
-396
464
498
-573
-787
-85
-270
-1451
-2621
-2253
-1607
-1671
-2262
-2641
-2688
-3216
-3801
-3502
-2443
-2162
-3150
-4015
-3452
-2326
-2188
-3025
-3376
-2380
-1569
-1908
-2456
-1911
-883
-1248
-2061
-1801
-436
101
-608
-725
388
1468
1111
455
1206
2425
2249
1526
1798
2938
2862
2122
2070
2571
2778
1989
1400
1214
1330
1182
485
480
719
595
-165
-694
-366
-433
-550
-782
-797
-590
-859
-1158
-1574
-777
348
106
-949
-1729
-1135
-930
-932
-695
-662
-744
-1413
-1390
-852
-109
-205
-908
-358
451
188
-718
-102
1270
1489
776
747
1519
2141
1779
1020
1314
2526
3246
2416
1456
1458
2200
2798
2701
2433
2404
2515
2309
1788
1727
1824
1463
652
568
1565
1945
598
-1216
-1332
-5
779
187
-787
-1250
-1249
-1447
-1550
-1029
-424
-756
-2133
-2760
-2442
-1810
-1628
-1935
-2110
-2244
-2247
-3054
-3630
-2741
-1350
-1286
-2975
-3853
-3309
-2406
-1749
-1211
-746
-1415
-2456
-2516
-1575
-140
652
837
335
-113
191
824
1773
2455
2655
2184
1736
1981
2472
2650
2694
2544
2076
1530
1346
1558
984
285
101
534
641
-426
-1056
-1064
-373
-372
-1188
-1475
-1339
-728
-814
-967
-687
-576
-466
-641
-43
563
-167
-1305
-1592
-161
571
116
-441
-823
-687
-935
-801
-427
-17
85
-376
-43
155
-128
-530
129
1669
2053
1463
646
500
672
1228
2829
3695
2632
522
41
1798
3479
3723
2583
1816
1843
1908
1894
1904
1945
1414
971
1085
990
290
-565
-554
-50
129
-152
-442
-434
-975
-1626
-1356
-70
551
-681
-2139
-2477
-1649
-895
-584
-580
-1364
-2268
-2802
-2634
-2309
-2190
-1729
-1762
-2593
-4167
-4689
-3247
-1653
-1251
-2256
-2641
-2296
-2352
-2753
-2140
401
1987
969
-1093
-1433
410
2330
3301
3027
2410
2016
1720
1765
2300
3501
4024
2937
1097
202
1129
2180
2011
999
312
288
-245
-831
-655
295
399
-996
-2053
-1913
-881
-581
-1138
-1346
-875
-206
-616
-1007
-623
20
164
-558
-636
7
528
46
-840
-595
-64
221
-213
-761
-868
-746
-263
-338
-387
-314
39
57
-165
269
1043
1764
1389
672
788
1970
2726
2101
1867
2289
2845
2657
2067
1803
1938
2412
2179
1700
1182
516
83
123
615
676
284
-326
-1009
-1243
-897
56
738
335
-910
-1690
-974
299
701
11
-800
-1128
-1005
-579
-226
-99
-438
-1419
-2614
-2987
-2339
-1631
-1525
-2523
-4106
-4664
-3535
-2270
-2512
-3366
-3270
-2324
-1934
-2772
-2967
-1282
842
1290
142
-420
76
1450
2662
3058
3085
2853
2834
2380
2413
3189
3762
3650
2432
1601
1306
1544
1843
1593
1376
486
-498
-994
-697
99
-39
-617
-1538
-1930
-1641
-1368
-944
-740
-452
-845
-1554
-1369
-439
436
262
-363
-544
-96
452
-26
-884
-792
133
643
-229
-1297
-1629
-950
-206
-388
-826
-975
-655
-823
-1121
-754
484
1523
1022
-50
-56
1185
1960
2044
2197
2377
2245
1926
1910
1986
2381
2813
2738
2247
1371
365
-546
-228
907
1238
302
-1135
-1656
-1418
-807
-135
387
567
-149
-948
-915
-78
816
977
684
108
-332
-522
-472
281
1009
619
-1072
-2367
-2209
-1589
-1434
-1845
-2306
-2863
-3563
-3910
-3604
-2863
-2428
-2518
-2925
-3212
-3041
-2446
-1478
-244
752
566
-373
-415
1074
2830
3370
2993
2643
2982
3367
2991
2725
3267
4254
3912
2391
1270
1409
2352
2238
1277
323
123
38
-513
-710
-674
-587
-1228
-1919
-1665
-725
-237
-1459
-2531
-1791
204
931
-522
-1950
-1856
-423
456
168
-517
-1162
-1685
-1880
-879
301
-43
-1750
-2768
-2019
-880
-709
-1263
-1376
-877
-744
-1305
-1480
-445
824
954
240
303
1111
1506
1334
1816
3080
3438
2476
1444
1847
3136
3770
3263
2089
1090
415
270
774
1292
1223
191
-1116
-1659
-990
325
932
488
-266
-580
-307
139
845
1535
1434
578
-131
266
1042
952
253
-168
235
135
-1168
-2564
-2764
-1661
-1257
-2105
-3343
-3897
-3817
-3990
-3696
-2840
-2321
-2924
-3860
-3592
-2609
-1530
-655
-80
-28
-531
-375
577
1738
2497
2872
3119
2676
2058
2107
3025
4052
4157
3600
2677
1949
1614
1517
1755
1956
1815
932
-197
-654
-478
-309
-497
-469
-24
-63
-970
-1722
-1417
-318
633
825
10
-1177
-1330
-461
593
847
393
-480
-1295
-1303
-744
-40
-79
-918
-1938
-2175
-1647
-1491
-1802
-1889
-1515
-1361
-1591
-1940
-1960
-1611
-956
-217
245
293
-413
-734
126
1863
2831
2085
1093
795
1558
2342
2824
2832
1750
358
-386
564
1929
1953
560
-932
-917
-161
175
-28
66
606
422
-441
-681
518
2051
2021
679
17
968
1988
1260
-47
30
1391
1867
191
-1896
-2462
-1388
-672
-1116
-1684
-2126
-3010
-4395
-4468
-2692
-1014
-1371
-3305
-4341
-3543
-1982
-938
-433
11
94
-425
-722
200
2113
3390
3109
2274
2018
2470
2784
3053
3657
4178
4008
2842
1635
1208
1764
2404
2160
1459
746
1
-950
-1302
-532
425
481
-505
-1652
-2071
-1423
-363
129
8
-117
-222
-613
-905
-504
399
1002
790
-210
-1208
-1342
-625
-84
-333
-1036
-1856
-2397
-2607
-2394
-2115
-2060
-2114
-2363
-2475
-2581
-2494
-2097
-1513
-894
-704
-592
-533
-279
357
1075
1638
1623
1429
1242
1454
2205
2545
2041
1026
696
1172
1688
1570
551
-137
174
715
343
-483
-371
364
622
6
-395
421
1533
1461
367
29
1102
2190
1849
513
174
1381
2136
1094
-437
-702
-145
-220
-1091
-1583
-1009
-875
-2366
-3975
-3460
-1562
-1035
-2327
-3560
-3279
-2308
-1918
-1794
-997
129
59
-968
-1051
562
2409
2828
2171
1905
2527
3110
2938
2734
3324
4004
3671
2491
1763
1928
2104
1710
1278
1523
1517
226
-1353
-1295
311
1172
92
-1594
-1910
-939
-358
-717
-947
-465
-6
-219
-833
-1156
-703
282
842
388
-508
-951
-814
-555
-467
-557
-980
-1690
-2227
-2220
-2020
-2182
-2528
-2673
-2522
-2371
-2415
-2520
-2487
-2108
-1390
-545
-186
-582
-872
-226
898
1427
1307
1146
1120
1168
1397
1839
2015
1499
582
217
777
1367
1046
231
-5
210
80
-387
-249
461
601
-81
-284
771
1569
889
-107
491
2015
2293
1203
595
1309
1799
1104
307
544
917
33
-1294
-1361
-274
-29
-1405
-2974
-3073
-1878
-1108
-1553
-2433
-2591
-2119
-1764
-1642
-1300
-636
-284
-363
-355
125
795
1333
1789
2152
2399
2503
2471
2349
2485
3080
3563
3192
2172
1504
1590
1838
1643
1236
1025
780
126
-502
-360
242
264
-456
-840
-281
352
-13
-932
-915
383
1560
1200
-231
-943
-178
947
1112
497
-21
-367
-900
-1322
-1017
-421
-719
-2049
-3084
-2819
-2068
-2208
-3116
-3463
-2854
-2418
-2918
-3517
-3099
-1997
-1364
-1478
-1624
-1327
-824
-395
66
616
891
641
327
650
1458
1834
1306
421
82
460
948
965
582
220
-31
-294
-342
106
650
603
102
11
575
1052
866
486
729
1554
2035
1625
924
757
1075
1321
1332
1191
799
166
-300
-291
11
134
-312
-1157
-1621
-1250
-746
-1009
-1688
-1679
-904
-484
-1113
-1971
-1695
-254
890
721
-45
-241
264
980
1813
2663
2846
2060
1155
1265
2385
3339
3057
1814
944
1152
1669
1461
699
262
414
667
542
44
-479
-684
-533
-202
218
534
284
-580
-1137
-465
962
1702
1138
124
-195
308
871
946
758
638
307
-485
-1154
-984
-470
-751
-1759
-2386
-2347
-2511
-3227
-3582
-2945
-2195
-2581
-3728
-3993
-2904
-1844
-1860
-2203
-1885
-1274
-1124
-1146
-598
295
605
158
-119
426
1192
1251
734
517
821
1012
790
616
739
720
235
-205
46
712
881
293
-235
-13
605
857
663
533
706
991
1218
1299
1096
644
398
745
1274
1161
345
-290
-151
224
45
-567
-878
-660
-447
-677
-1099
-1146
-747
-375
-373
-599
-713
-579
-213
311
785
935
681
378
552
1335
2210
2449
1933
1314
1274
1814
2346
2365
1875
1339
1166
1287
1290
911
375
134
339
633
490
-199
-938
-1107
-593
91
336
-1
-533
-815
-741
-318
452
1258
1375
578
-219
-72
783
1319
1162
785
443
-75
-702
-854
-403
-108
-618
-1625
-2325
-2463
-2299
-2041
-1921
-2234
-2883
-3192
-2802
-2282
-2215
-2376
-2184
-1697
-1470
-1558
-1499
-1042
-508
-224
-82
14
-22
-151
37
689
1136
772
-10
-208
394
914
696
50
-229
93
503
478
88
-79
227
629
695
488
403
493
591
679
807
855
593
163
14
273
508
357
16
-185
-324
-561
-604
-146
365
160
-653
-1038
-422
449
597
120
-149
74
385
581
858
1153
1094
779
835
1471
2037
1969
1549
1403
1637
1895
1992
1928
1707
1390
1151
1061
972
831
710
531
130
-310
-379
-176
-242
-689
-945
-662
-358
-502
-781
-691
-386
-297
-219
214
685
538
-46
-106
587
1202
1072
566
335
349
251
8
-108
-97
-252
-656
-1156
-1531
-1648
-1578
-1560
-1790
-2163
-2378
-2312
-2144
-2049
-2006
-1961
-1907
-1791
-1546
-1245
-1116
-1115
-904
-367
73
-48
-448
-396
300
957
867
266
-59
189
567
621
464
377
310
116
-75
-46
134
207
137
118
208
188
-53
-289
-212
139
436
394
-10
-482
-649
-349
102
205
-118
-508
-625
-472
-179
136
205
-99
-445
-286
375
797
559
107
91
526
930
1068
1031
927
863
1041
1478
1784
1624
1269
1318
1788
2097
1917
1550
1431
1530
1528
1292
1004
885
920
867
525
26
-283
-250
-136
-254
-558
-718
-624
-546
-688
-863
-808
-557
-285
-46
118
124
-15
-107
58
518
1023
1107
593
45
172
761
861
205
-304
-98
161
-281
-1019
-1180
-862
-875
-1444
-1879
-1736
-1460
-1575
-1933
-1993
-1673
-1388
-1396
-1455
-1247
-918
-809
-855
-605
-25
241
-144
-545
-163
711
994
322
-422
-355
232
446
72
-297
-293
-275
-612
-1039
-1052
-664
-354
-425
-812
-1241
-1449
-1280
-805
-338
-158
-383
-862
-1225
-1056
-367
274
391
87
-225
-381
-331
112
894
1331
806
-133
-243
834
1935
1840
838
264
825
1817
2178
1784
1360
1437
1774
1951
1979
2098
2286
2240
1926
1708
1902
2233
2152
1610
1157
1202
1362
1116
562
188
152
106
-120
-399
-650
-918
-1108
-994
-679
-618
-1058
-1615
-1608
-903
-160
-82
-540
-835
-697
-394
-39
485
896
560
-351
-699
109
1089
893
-237
-889
-552
-160
-491
-1041
-1060
-850
-1161
-1864
-2119
-1677
-1257
-1460
-1958
-2057
-1701
-1388
-1351
-1327
-1074
-793
-733
-724
-456
6
248
128
39
360
887
1027
633
248
413
952
1179
860
441
309
309
139
-33
150
498
401
-269
-870
-852
-450
-229
-282
-373
-502
-866
-1243
-1098
-465
-53
-329
-865
-962
-607
-315
-231
-2
378
386
-140
-445
171
1210
1546
915
241
323
921
1339
1347
1223
1135
1003
885
1040
1517
1905
1797
1292
913
1046
1534
1866
1713
1204
690
444
507
686
659
269
-245
-482
-407
-405
-651
-815
-600
-300
-439
-936
-1164
-787
-216
-21
-237
-470
-457
-294
-103
149
393
442
210
-60
29
508
949
900
422
12
-17
190
298
257
227
112
-330
-965
-1236
-833
-214
-137
-754
-1483
-1691
-1301
-705
-338
-426
-826
-1106
-907
-360
29
-3
-177
-110
147
269
115
-62
-6
203
301
163
-72
-267
-415
-505
-487
-386
-387
-642
-1042
-1272
-1190
-985
-935
-1102
-1341
-1506
-1527
-1433
-1295
-1188
-1147
-1132
-1132
-1150
-1108
-883
-477
-131
-25
-64
-49
88
304
646
1147
1531
1443
1006
845
1338
2088
2413
2149
1754
1662
1832
2084
2332
2520
2500
2168
1792
1716
1948
2204
2220
1956
1524
1090
864
923
1060
949
533
52
-281
-431
-486
-509
-564
-741
-990
-1156
-1155
-1124
-1184
-1217
-1074
-838
-777
-921
-1005
-905
-720
-533
-299
-93
-175
-532
-713
-344
255
392
-102
-646
-654
-241
40
-81
-384
-629
-777
-826
-684
-388
-296
-667
-1151
-1117
-546
-151
-447
-983
-934
-230
328
147
-412
-553
-21
653
850
549
261
315
515
572
523
541
525
264
-92
-146
49
-46
-575
-978
-821
-474
-570
-1064
-1361
-1278
-1177
-1216
-1152
-966
-985
-1244
-1250
-767
-390
-652
-1080
-817
74
566
159
-397
-272
358
768
811
866
925
653
292
571
1522
2059
1407
389
385
1418
2133
1751
1070
1130
1683
1770
1307
1103
1484
1823
1625
1239
1111
1040
742
566
921
1340
966
-73
-677
-275
412
412
-196
-619
-620
-611
-790
-834
-599
-442
-594
-778
-686
-571
-761
-933
-550
191
445
-124
-804
-733
-9
515
407
22
-175
-202
-280
-314
-123
72
-163
-749
-1057
-787
-421
-531
-949
-1065
-769
-605
-890
-1221
-1071
-529
-144
-189
-433
-582
-535
-269
175
578
663
396
94
86
374
717
855
684
311
40
131
378
262
-266
-656
-547
-356
-600
-1079
-1213
-1028
-1101
-1481
-1588
-1226
-997
-1301
-1529
-1055
-423
-544
-1150
-1079
-96
640
320
-302
-136
617
968
726
625
928
1058
777
682
1181
1668
1359
614
476
1126
1690
1524
1043
929
1132
1183
1051
1095
1347
1402
1141
929
984
1016
765
575
838
1236
1065
278
-302
-96
501
722
366
-147
-467
-572
-485
-220
-5
-172
-663
-967
-743
-328
-295
-650
-829
-520
-131
-197
-617
-780
-402
92
176
-122
-409
-450
-295
-93
45
31
-193
-519
-718
-639
-360
-138
-197
-549
-916
-967
-696
-435
-388
-407
-353
-395
-651
-765
-323
370
476
-107
-495
-89
539
530
55
-39
347
456
23
-293
-34
255
-57
-593
-618
-308
-445
-1066
-1331
-856
-424
-805
-1562
-1740
-1257
-857
-917
-1054
-929
-806
-928
-946
-492
156
374
84
-137
126
673
1059
1118
1009
900
870
996
1244
1414
1352
1173
1085
1124
1120
1037
1054
1229
1341
1205
1015
998
1088
1078
1031
1169
1332
1175
708
436
636
939
931
676
477
300
-12
-209
60
518
447
-287
-928
-786
-177
68
-286
-764
-931
-825
-681
-566
-524
-676
-969
-1049
-738
-376
-410
-789
-971
-681
-284
-230
-449
-563
-446
-304
-246
-170
-80
-195
-513
-597
-208
232
89
-551
-918
-583
-37
34
-305
-528
-454
-370
-367
-144
314
455
-50
-544
-188
787
1226
639
-90
-35
570
848
597
370
362
198
-212
-338
41
262
-221
-959
-1100
-634
-382
-716
-1182
-1231
-956
-749
-705
-765
-861
-907
-722
-300
27
0
-248
-336
-124
234
541
633
485
243
189
453
753
788
582
463
599
782
727
454
299
474
825
985
766
343
91
225
619
903
836
508
241
263
500
669
648
632
764
862
641
240
176
628
1085
998
477
74
60
212
308
359
350
132
-245
-420
-221
21
-102
-439
-470
-162
-53
-383
-764
-707
-312
-74
-176
-427
-612
-689
-638
-371
-67
-105
-554
-976
-897
-418
-114
-306
-683
-805
-647
-507
-536
-559
-444
-333
-408
-539
-454
-193
-79
-195
-222
69
370
259
-93
-127
275
605
466
120
-9
63
35
-110
-105
12
-95
-487
-763
-637
-370
-360
-602
-756
-633
-414
-352
-447
-507
-341
12
264
189
-54
-77
249
612
670
530
539
701
724
561
503
695
903
861
607
442
476
542
503
385
292
265
262
203
53
-90
-118
-21
74
53
-21
-54
-25
30
102
216
320
354
338
342
358
308
246
306
453
484
277
-7
-115
-48
0
-57
-147
-247
-370
-465
-440
-334
-303
-407
-497
-434
-325
-316
-333
-274
-190
-192
-260
-255
-162
-86
-88
-107
-87
-51
-38
-62
-108
-138
-72
83
195
124
-62
-135
-31
106
156
145
124
68
13
57
161
198
123
61
88
123
98
71
90
99
47
12
41
23
-118
-245
-189
-69
-144
-397
-560
-501
-394
-450
-576
-556
-430
-391
-504
-585
-454
-217
-69
-70
-110
-67
55
176
249
282
342
437
485
440
350
347
479
588
517
309
149
180
327
377
217
-20
-137
-61
60
39
-113
-231
-197
-111
-101
-146
-161
-138
-112
-69
33
145
117
8
11
187
368
328
173
165
350
499
394
140
35
195
404
407
206
24
19
90
66
-42
-74
-10
2
-110
-201
-142
-30
-49
-164
-148
18
112
7
-152
-159
9
169
156
-16
-205
-235
-88
94
81
-155
-360
-338
-125
-2
-96
-259
-309
-210
-99
-42
-40
-80
-104
-65
57
181
170
24
-69
13
159
172
-3
-197
-241
-155
-102
-195
-399
-546
-523
-418
-380
-485
-581
-517
-368
-300
-366
-374
-222
-34
24
-18
27
177
278
232
176
283
485
537
392
261
326
501
563
477
370
317
272
252
321
402
308
33
-137
-11
215
187
-85
-261
-169
-5
0
-90
-104
-60
-54
-33
89
223
164
-15
-22
223
424
316
83
84
285
366
207
30
51
145
126
40
33
46
-60
-226
-233
-46
66
-72
-279
-294
-159
-99
-172
-210
-138
-116
-223
-298
-214
-109
-131
-226
-228
-121
-102
-196
-228
-109
8
-76
-233
-238
-47
92
-1
-170
-184
-18
106
77
-5
-7
44
64
80
161
246
194
41
-10
124
254
166
-67
-163
-44
82
8
-236
-396
-359
-250
-223
-318
-388
-349
-273
-242
-233
-182
-95
-31
-2
63
223
378
422
362
317
414
588
684
670
592
544
545
523
468
429
418
389
273
116
51
59
4
-178
-328
-286
-152
-191
-418
-555
-483
-332
-323
-419
-383
-256
-238
-328
-307
-77
70
-112
-319
-206
114
245
24
-141
-21
130
55
-127
-121
58
113
-23
-107
-71
-41
-80
-92
28
114
15
-124
-107
52
132
110
63
58
65
82
167
231
188
5
44
208
308
210
-66
8
174
236
98
-50
5
166
140
-78
-23
-78
122
102
-59
60
-135
-124
-82
35
240
162
-113
-220
-102
55
261
38
-72
-108
-250
-152
-279
-235
-228
-371
-361
-426
-479
-506
-520
-365
-77
-113
-334
-388
-250
163
328
293
285
306
375
315
463
707
829
625
344
421
509
568
364
178
401
389
37
-306
-219
80
53
-298
-524
-372
-235
-417
-655
-484
-161
-172
-511
-605
-278
-47
-110
-260
-161
157
247
-22
-14
278
458
490
255
312
491
406
290
199
442
430
436
-108
95
-51
-161
893
-698
80
262
-545
-30
3
114
-641
822
-247
-609
304
-100
-19
-483
596
-506
-485
564
-771
-461
198
-376
-629
-174
-254
-669
-327
-271
-471
-191
-177
-594
-281
14
51
153
-390
122
93
57
379
30
398
164
279
-31
-107
652
179
-136
-154
-200
4
-34
-289
-586
-244
68
-427
-500
-241
-103
45
-179
-262
49
376
390
82
320
622
698
528
358
576
864
921
724
538
496
603
601
524
535
494
307
144
189
172
153
84
2
18
-80
-205
-267
-368
-142
-126
-297
-267
-346
-370
-389
-276
-107
-78
-155
-299
-299
-71
-2
-14
-114
-94
79
-54
-190
-144
-56
63
57
-155
-245
-201
-116
-85
-33
-33
-158
-223
-252
-153
-59
-42
-20
-113
-165
-188
-226
-59
-61
-83
-115
-197
-194
-240
-242
-159
-79
-50
-186
-280
-175
-195
-104
-70
-9
2
-86
-98
-57
121
163
93
19
93
173
180
144
127
127
119
80
58
192
199
73
-19
-80
63
82
-3
-65
-55
96
27
-110
-159
-6
149
101
39
0
85
78
27
84
223
361
285
131
104
207
279
279
290
234
208
163
148
159
144
129
54
94
33
-46
-82
-70
21
-87
-169
-194
-209
-163
-176
-139
-150
-190
-230
-227
-126
-51
-15
-101
-88
1
-36
-15
98
154
73
19
26
80
152
156
40
52
156
72
-17
-30
63
91
69
-5
-84
-4
-12
-52
-62
-20
-14
-128
-152
-146
-129
-46
-87
-149
-156
-161
-191
-226
-112
-103
-173
-184
-235
-243
-146
-129
-257
-211
-145
-242
-255
-137
-133
-97
-74
-179
-151
-14
-7
-95
-2
105
94
65
18
34
159
225
126
40
118
145
153
129
86
139
156
162
40
38
139
221
243
186
178
150
256
270
285
373
400
360
228
255
345
393
364
234
185
222
201
74
-12
16
58
57
-55
-190
-173
-185
-192
-126
-114
-192
-307
-349
-335
-160
-63
-174
-266
-239
-152
-92
-40
-38
16
20
-8
-8
98
244
153
14
56
309
353
127
-12
33
241
316
166
-39
-4
105
10
-39
32
94
-27
-199
-210
-93
28
-27
-175
-259
-188
-104
-174
-220
-204
-232
-259
-234
-203
-246
-281
-301
-304
-247
-246
-298
-343
-322
-251
-194
-166
-200
-203
-184
-145
-63
-36
-45
-55
-57
-30
38
112
76
-19
-23
46
94
83
40
26
30
57
54
56
136
145
77
24
54
149
203
187
108
114
166
213
231
203
225
264
277
231
231
238
230
230
235
258
232
201
116
90
131
141
151
90
6
-63
-69
-39
-2
9
-100
-154
-154
-155
-88
-47
-61
-84
-80
-109
-61
51
34
22
52
46
23
78
66
40
128
64
37
104
120
33
10
60
29
49
-30
-93
-64
-29
-83
-156
-66
-46
-90
-200
-212
-124
-79
-108
-245
-235
-170
-138
-205
-216
-131
-147
-191
-262
-220
-147
-98
-214
-329
-209
-148
-181
-253
-233
-184
-123
-109
-175
-99
-65
-122
-172
-58
48
-11
7
-3
88
185
106
-37
-24
152
138
72
83
153
178
126
102
131
208
136
9
67
216
238
141
99
165
235
219
162
189
266
241
172
175
259
267
187
167
186
229
180
124
120
116
67
-39
-55
-9
6
-58
-135
-120
-88
-107
-147
-169
-190
-176
-150
-137
-96
-62
-67
-78
-37
-4
2
22
49
46
39
68
98
130
120
74
84
123
130
61
18
45
70
71
43
34
45
58
49
3
15
37
12
-5
-21
-19
-4
-14
-29
-27
-27
-28
-33
-49
-30
-20
-47
-67
-54
-33
-35
-50
-69
-57
-37
-56
-66
-56
-54
-55
-59
-60
-50
-46
-44
-44
-33
-8
-25
-41
-36
-27
1
-2
-11
-7
9
3
10
24
18
21
7
11
30
47
40
28
19
28
43
45
50
57
61
56
46
46
49
55
54
44
67
83
60
46
42
42
48
35
29
22
14
15
3
0
3
2
-15
-36
-35
-25
-26
-36
-32
-28
-25
-23
-21
-6
-6
-9
-9
-21
-24
-17
-20
-18
-10
2
15
-1
7
23
16
19
19
10
2
-3
-1
9
18
11
10
9
-3
-12
-20
-19
-19
-13
-20
-24
-16
-18
-10
-14
-12
-13
-17
-13
-15
-11
-11
-28
-28
-27
-28
-32
-44
-36
-30
-31
-31
-28
-15
-19
-28
-28
-32
-25
-30
-30
-19
-12
-15
-10
-5
3
14
11
15
11
7
7
25
32
16
-4
-16
-7
-3
13
26
19
24
25
22
30
29
4
10
21
13
17
32
41
41
40
35
40
46
26
18
20
22
19
6
2
-1
-3
-3
-17
-22
-19
-21
-30
-39
-29
-29
-20
-16
-11
-12
-25
-32
-24
-7
-1
-1
-8
1
25
29
31
33
37
42
36
27
30
36
39
37
45
48
36
23
13
10
12
12
6
16
11
-12
-8
-10
-5
-18
-26
-19
-21
-11
-19
-22
-20
-20
-10
-21
-29
-10
-19
-41
-51
-59
-48
-44
-53
-49
-42
-44
-45
-43
-40
-32
-23
-37
-30
-31
-34
-28
-36
-26
-25
-16
-9
-11
-9
1
0
-9
-11
-15
-13
-16
-10
0
2
1
6
17
18
19
15
8
24
36
48
67
68
63
55
56
63
58
58
50
50
61
54
47
43
46
52
55
48
37
29
23
7
-11
-14
-16
-19
-35
-44
-45
-34
-25
-34
-43
-40
-35
-34
-29
-21
-15
-3
7
-3
-8
-19
-9
4
-4
0
6
12
21
25
17
11
1
-6
-9
-14
8
26
19
10
12
9
-1
-4
-9
-3
-13
-19
-11
-19
-17
-8
-14
-11
-15
-29
-30
-31
-21
-19
-11
-17
-27
-13
-25
-43
-37
-31
-29
-33
-26
-21
-13
-18
-28
-20
-25
-16
-16
-26
-19
-3
-1
-16
-12
1
15
11
17
33
36
40
35
25
29
22
13
7
10
27
20
11
22
31
23
23
30
35
34
40
43
50
63
49
26
27
43
41
37
24
19
30
23
9
-13
-25
-18
-21
-27
-39
-42
-51
-56
-44
-38
-46
-50
-59
-57
-36
-27
-23
-33
-24
-11
-23
-27
-25
-22
-15
-11
-3
6
15
17
14
21
20
26
33
25
10
9
22
24
32
32
21
17
27
28
34
42
24
16
13
9
8
2
-1
2
8
12
-5
-2
6
-8
-11
-12
-11
-6
-12
-20
-31
-33
-32
-35
-40
-28
-18
-31
-29
-31
-37
-28
-30
-36
-29
-29
-31
-33
-21
-10
-13
-10
3
1
-9
-12
-21
-20
-18
-30
-28
-20
-12
3
10
1
9
24
46
50
30
29
26
36
44
50
61
59
56
62
54
44
52
49
39
34
45
45
41
38
29
26
18
9
-4
-21
-21
-14
-29
-38
-32
-38
-41
-31
-40
-46
-36
-35
-26
-29
-27
-25
-35
-37
-24
-3
-12
0
12
8
8
0
9
6
-3
7
3
7
9
0
-2
-1
0
-16
2
12
13
8
-31
-31
-10
-3
-12
-20
-25
-16
-21
-28
-13
0
7
3
-5
-8
-10
-16
-13
-3
-10
-12
-8
-22
-13
-5
-12
-25
-31
-19
-8
-15
-9
-5
-10
6
9
7
23
26
28
33
27
14
9
29
35
19
19
13
13
27
30
20
13
5
12
20
12
17
26
37
36
20
29
49
41
35
29
33
36
33
41
22
28
33
24
16
2
-3
-13
-33
-45
-40
-44
-39
-44
-61
-59
-46
-50
-59
-60
-53
-48
-49
-44
-35
-33
-33
-27
-29
-30
-18
-17
-24
-19
-21
-10
-4
-2
-8
-8
19
32
16
14
13
3
15
32
44
31
20
15
28
47
31
27
27
26
26
18
14
-3
-6
2
-10
-13
-3
3
-6
-15
-8
6
14
14
21
14
-4
-12
-6
4
0
5
-2
-19
-36
-50
-52
-33
-8
4
0
-8
-11
-9
14
22
19
11
-21
-24
-16
-18
7
11
3
8
7
11
9
2
5
0
8
1
9
19
15
39
43
33
37
36
20
11
6
13
26
42
43
37
51
43
32
23
-6
-13
-6
-12
-24
-27
-17
-23
-38
-40
-52
-39
-33
-51
-50
-37
-32
-35
-26
-17
-15
-27
-30
-32
-27
-23
-32
-5
11
5
1
19
33
18
14
7
-16
-13
-14
-10
5
21
40
34
32
39
21
24
8
-7
-2
-12
-8
-7
4
20
19
-7
-18
-19
-3
8
-8
-21
-25
-26
-36
-29
-26
-30
-25
-32
-11
-1
-4
5
3
2
-21
-30
-14
-11
5
11
5
-1
-7
-7
-17
-19
-13
3
8
17
27
40
55
72
71
52
43
32
39
40
23
21
30
29
24
25
37
41
14
12
30
18
21
30
37
58
50
35
44
44
23
5
-9
-20
-27
-22
-38
-42
-37
-46
-38
-40
-48
-53
-42
-43
-48
-66
-82
-78
-68
-53
-42
-36
-43
-55
-60
-54
-38
-33
-38
-29
-13
-10
-12
-9
3
16
22
24
15
9
-4
-4
0
21
23
7
16
18
15
21
34
34
29
28
29
26
31
35
25
20
29
20
19
44
30
28
22
23
18
3
11
10
0
-4
7
2
0
-3
-22
-27
-30
-17
-23
-30
-14
-10
16
9
-22
-21
-26
-32
-21
-18
-15
-16
-27
-24
-11
6
5
1
18
23
33
33
22
27
26
23
12
18
35
36
34
35
37
37
37
20
12
14
14
23
25
18
26
18
-10
-3
5
7
-13
-25
-30
-32
-16
-44
-60
-45
-52
-41
-45
-58
-35
-31
-26
-19
-32
-37
-37
-42
-24
-10
-18
-8
8
1
-6
-14
-23
-16
-8
-5
-2
-2
13
23
15
23
20
25
31
6
13
22
22
27
5
3
19
30
41
38
9
-5
11
9
18
16
-1
-13
-20
-20
-19
-8
-18
-24
-15
-10
-4
-15
-18
-7
4
2
-3
-12
-1
8
1
16
-2
-15
-18
-37
-34
-22
-24
-16
-8
-5
3
9
-2
-15
-10
-5
3
5
-8
7
31
36
42
43
35
34
52
65
70
74
53
47
43
26
39
30
19
20
18
41
41
41
29
24
14
-6
-5
-13
-8
-15
-28
-26
-32
-54
-46
-32
-30
-29
-35
-33
-50
-61
-69
-59
-47
-40
-33
-33
-36
-31
-26
-43
-58
-54
-37
-28
-20
-13
-7
0
9
6
-1
2
-3
13
36
36
22
17
-3
-29
-24
-13
0
-12
-16
-1
7
15
19
19
10
-5
-4
12
19
19
25
27
17
15
2
9
30
18
19
21
7
1
12
4
9
41
37
21
14
-3
-1
12
-1
-2
2
6
13
11
4
-14
-10
-4
9
16
14
6
-12
-2
-3
-3
4
1
-5
-1
13
4
-1
9
18
35
55
57
47
39
29
32
23
13
14
15
13
9
10
4
-7
-17
-32
-34
-17
-33
-51
-63
-56
-36
-25
-7
-28
-30
-33
-44
-34
-37
-31
-32
-43
-46
-31
-23
-20
-3
-11
-34
-25
-21
-31
-17
-5
-8
-13
-6
-4
2
13
4
4
18
27
32
27
28
32
38
43
21
12
4
-3
15
13
4
3
-5
1
23
32
32
30
20
17
11
18
28
5
4
16
3
-5
-3
-12
-23
-22
-13
-20
-21
5
5
-16
-22
-16
-10
-28
-34
-25
-31
-25
-2
3
6
1
-14
-22
-7
5
-5
-3
-1
5
11
12
20
24
22
40
45
35
36
39
36
44
61
47
33
34
54
45
34
35
24
20
14
22
15
-9
-12
-18
-27
-33
-34
-6
-4
-10
-19
-28
-32
-34
-36
-40
-35
-37
-42
-44
-35
-27
-25
-34
-32
-27
-30
-34
-41
-46
-46
-45
-35
-13
2
3
8
9
-11
-7
0
1
0
-6
-12
-2
22
21
22
34
39
13
2
6
-3
0
-9
6
23
26
29
2
6
30
17
15
13
7
21
28
12
-6
3
15
16
8
-8
-16
-26
-22
-10
-8
7
7
-4
-17
-23
-15
-18
-10
-10
-7
-1
-2
3
6
12
20
21
22
9
-5
-7
4
5
1
10
12
8
16
29
35
45
43
33
36
41
29
48
68
55
40
28
27
13
2
3
5
3
2
8
-3
-21
-32
-33
-33
-43
-38
-41
-43
-37
-46
-48
-47
-51
-35
-16
-21
-34
-50
-38
-25
-39
-34
-22
-22
-9
-4
-21
-15
-13
-27
-18
-14
-17
-7
9
5
1
-5
-19
-13
-6
7
12
14
21
30
39
23
17
17
8
9
11
17
13
9
26
29
35
40
42
30
20
32
22
22
3
-14
-5
-9
-1
7
7
4
5
2
-13
-8
-9
-10
1
4
4
2
-14
-25
-23
-21
-14
-10
-15
-12
-12
-14
-6
3
5
-13
-17
-17
-4
-7
-13
-10
-13
-11
-5
5
14
3
9
39
29
24
44
62
54
47
45
49
51
41
30
15
3
-6
2
6
-9
-9
-9
-9
-2
-2
14
0
-16
-6
-16
-24
-23
-36
-42
-33
-23
-16
-26
-33
-28
-27
-25
-21
-13
-11
-29
-23
-19
-15
-14
-33
-23
-18
-3
-2
-24
-11
-20
-16
-3
-19
-8
1
2
4
11
19
15
-14
-6
-10
-18
11
15
39
37
37
58
49
50
34
17
13
-6
0
-12
-8
25
14
4
23
6
-5
17
0
-19
-15
-17
-17
-23
-21
-20
-23
-23
-23
-12
-10
-6
11
16
-6
-9
-11
-9
-5
-11
-20
-32
-28
-15
11
18
8
3
7
5
25
38
26
45
66
58
58
62
47
32
25
22
10
2
10
19
24
34
30
18
6
4
-3
-23
-19
-24
-40
-37
-28
-27
-26
-23
-28
-39
-25
-10
-8
-16
-22
-31
-39
-34
-37
-9
-14
-25
-21
-34
-20
-11
-13
2
2
2
12
15
2
-4
1
7
7
-6
-7
13
10
8
18
24
17
16
-2
-16
4
7
8
16
33
34
22
3
-8
0
2
11
8
-1
8
7
6
4
-6
-4
4
1
-13
-5
1
-25
-38
-41
-19
-15
-23
-15
-19
-6
-2
1
-1
-11
-9
-16
-5
-2
-24
-30
-28
-38
-29
-10
8
0
-8
-16
-18
13
9
8
23
8
-4
14
37
42
44
53
61
49
46
52
61
62
53
55
47
32
20
-2
-7
15
23
17
-5
-8
-8
-10
-13
-8
15
23
5
-13
-19
-23
-23
-19
-11
-15
-27
-26
-22
-30
-41
-45
-36
-39
-37
-16
-22
-26
-8
-4
-12
-15
-38
-48
-27
-19
-8
-6
-4
10
12
19
5
-2
-5
12
28
16
22
19
28
17
9
17
2
2
11
14
11
10
9
-4
-2
23
23
22
13
3
-11
-32
-31
-29
-14
3
-6
-14
-11
-20
-32
-28
-28
-38
-31
-7
3
-17
-16
-12
-24
-8
-12
-43
-42
-20
-29
-31
-5
5
12
10
1
13
19
30
34
30
40
36
25
10
4
22
30
21
14
15
42
44
42
47
45
42
51
50
26
24
22
14
8
1
3
12
17
22
20
26
28
3
-9
0
-5
-9
-6
-12
-11
-9
-16
-14
-14
-13
-17
-15
-12
-14
-15
-14
-10
-15
-28
-34
-30
-16
-15
-28
-16
-6
-18
-19
-24
-19
-16
-31
-26
-17
-15
-11
-6
-11
-18
-14
3
6
0
-4
-6
-9
-12
-2
-1
-4
7
-2
-18
-6
-24
-26
-15
-20
-19
-21
-18
-25
-30
-23
-4
4
7
