SAMPLES:
16655
BITSPERSAMPLE:
16
CHANNELS:
1
SAMPLERATE:
16000
NORMALIZED:
FALSE
4
-1
3
10
8
-5
-11
-5
7
16
12
11
21
20
18
11
0
-1
-7
-11
-8
-4
0
4
4
4
6
-6
-3
8
16
12
13
18
4
-11
-9
-7
-19
-20
-20
-28
-26
-15
-14
-17
-20
-16
-11
-10
-4
3
3
0
-1
-10
-3
-12
-24
-24
-20
-17
-26
-8
-8
-16
3
4
2
16
3
19
38
22
26
25
30
23
17
13
-2
-1
-5
-3
9
7
6
15
17
23
25
14
23
22
12
16
11
13
10
-6
-21
-20
-28
-35
-20
-22
-25
-20
-20
-10
-7
3
16
3
-7
-12
-20
-7
-14
-20
-1
-10
-14
2
-5
-7
-5
-3
9
7
3
4
3
5
5
-7
2
10
2
0
-2
-2
-1
4
1
7
14
1
0
11
8
5
3
-6
-2
4
-7
-4
4
6
10
0
9
14
2
10
7
3
1
7
8
0
0
-4
7
15
0
11
15
11
13
7
6
3
10
6
8
5
-3
7
2
-3
5
5
-3
-3
2
1
2
-8
-6
-9
-14
3
-5
-21
-17
-18
-22
-22
-20
-29
-30
-24
-26
-19
-16
-19
-17
-10
-2
-6
-8
2
-15
-20
-7
-3
6
2
7
4
5
17
7
5
8
1
-1
-7
7
13
3
-1
0
16
16
8
28
28
25
40
29
25
22
14
15
6
9
14
15
19
10
0
5
5
2
14
11
12
13
1
6
10
-7
-16
-15
-18
-13
-17
-17
-13
-17
-6
2
3
1
2
-1
-9
-1
-2
-5
-13
-14
-17
-16
-13
-19
-13
-15
-14
-13
-16
-14
-8
0
-2
3
0
-9
-2
2
-3
-6
-6
-13
-13
-6
-6
-9
-4
-2
-6
-7
-1
3
-6
1
13
3
3
7
12
6
3
6
-6
-6
-1
1
2
1
3
6
4
6
7
7
7
1
10
13
21
30
20
16
11
16
15
10
4
-3
1
3
3
7
16
14
17
20
19
22
16
17
16
10
7
1
-8
-6
4
-3
-4
-9
-13
-9
-7
-4
-3
0
-3
-4
-2
0
-1
-12
-10
-13
-18
-14
-14
-22
-28
-18
-29
-24
-18
-23
-20
-26
-24
-14
-13
-25
-17
-21
-17
-3
-9
-10
-3
-11
-10
-2
-4
0
-2
11
16
0
10
15
18
19
16
23
23
20
13
3
9
14
7
16
12
8
7
9
8
6
20
10
8
13
9
16
-3
-2
2
-8
-1
-12
-15
-9
-13
-23
-20
-10
-8
11
8
9
16
3
7
5
-7
-11
-4
-1
4
11
12
17
12
12
16
5
-4
12
26
25
21
18
16
17
7
-14
-13
-19
-11
6
9
11
10
29
29
15
19
12
-7
-12
-20
-14
-10
-30
-50
-52
-48
-44
-34
-42
-25
-9
-5
5
0
6
13
0
-1
0
-25
-41
-49
-45
-39
-35
-25
-21
-15
0
24
35
29
27
26
25
15
14
17
7
5
14
12
-2
-2
6
4
6
17
7
8
9
3
17
12
13
26
21
11
5
8
-7
-6
-5
-15
-4
-7
2
-4
-8
-7
-1
11
4
3
1
1
4
1
6
10
18
25
20
13
6
12
11
-2
-3
4
9
6
-7
2
6
12
14
4
4
1
1
-3
-1
-12
-12
-9
-20
-5
-2
-6
-4
0
-8
-6
-2
-12
-5
-14
-11
-21
-31
-19
-27
-24
-11
-19
-19
-6
-12
4
2
0
16
10
10
15
-3
-9
-13
-28
-27
-20
-19
-9
8
4
16
20
-7
-16
-14
-9
-1
12
9
24
50
59
56
30
16
1
1
14
-6
-17
-1
-12
-6
20
7
10
11
-1
9
25
14
13
12
7
-1
-18
-25
-40
-46
-32
-33
-20
-6
-12
2
22
29
31
35
11
-5
-1
-7
-8
-17
-21
-18
-16
-11
-2
-4
-9
-2
-3
-9
1
-1
2
14
9
11
17
15
17
17
20
13
-1
-3
-12
-12
-18
-21
-28
-18
-6
2
16
9
22
18
15
30
16
5
1
-8
-16
-25
-26
-27
-31
-24
-14
8
11
7
28
34
27
31
23
11
10
-3
-1
-10
-5
4
-2
-7
-5
-3
-2
-1
-4
6
-1
-8
-9
-10
-7
-6
-11
-1
2
-6
8
2
2
8
5
1
0
-8
-16
-13
-19
-13
-9
-19
-17
-7
0
11
5
-2
15
12
-2
10
22
14
15
5
-4
-2
-18
-27
-27
-35
-33
-15
7
15
11
17
26
20
21
20
-1
-12
-4
-13
-10
6
2
-4
-3
-9
-8
-9
-4
8
14
22
16
11
17
19
19
20
17
10
8
8
15
16
11
6
3
-1
-4
-8
-29
-20
-5
-11
-4
-6
-11
3
3
-9
-3
3
2
-4
-7
-6
-7
-5
-10
-11
-7
-6
-8
-5
-3
-2
-1
-4
-11
-14
-14
-6
-2
1
-2
1
10
3
14
2
2
-3
-16
-17
-21
-7
-4
6
6
-1
16
14
19
29
21
14
10
13
8
6
4
-2
3
-5
-8
-13
-15
-14
-20
-10
9
14
22
18
7
10
2
0
2
-3
-4
6
4
-3
0
-6
-9
-4
-11
-9
-3
-13
-9
-12
-11
8
6
2
15
23
14
18
14
6
5
7
4
-9
-6
-4
-8
-1
-3
-4
-9
-8
-4
-11
-16
-13
-3
-1
-6
-6
-11
-3
-4
-17
-11
-16
-20
-11
-11
-10
3
-1
-2
-5
-12
-7
-14
-25
-11
-8
-6
-4
0
12
-1
-9
3
0
16
24
13
22
23
16
33
27
21
27
19
12
12
14
19
30
24
34
35
19
18
24
22
16
16
7
12
16
5
1
2
-3
-3
-10
-18
-14
-21
-7
-11
-27
-21
-33
-22
-13
-20
-14
-29
-25
-22
-25
-26
-32
-32
-38
-28
-26
-28
-36
-29
-17
-24
-16
-7
-5
-8
-7
4
4
0
1
8
10
0
3
2
3
18
23
20
21
20
26
27
24
35
27
11
16
19
9
8
13
12
7
14
16
20
26
22
22
14
18
17
8
19
13
7
15
-5
-4
-7
-22
-12
-13
-16
0
3
-5
5
-5
-4
-4
2
8
-14
-14
-12
-21
-26
-15
-13
-15
-14
-26
-20
-11
-15
-12
-21
-24
-21
-22
-16
-18
-12
-10
-7
7
5
11
9
13
15
0
13
22
14
13
1
-13
-10
-11
-8
-3
-6
-1
-2
6
13
10
17
15
12
13
4
6
4
5
3
7
4
3
16
12
13
15
19
16
16
6
-4
10
10
9
19
0
1
6
3
9
3
8
10
9
16
20
11
5
-18
-36
-29
-41
-41
-28
-29
-24
-13
-8
2
3
-11
-5
-3
-11
-5
-1
-7
-13
-21
-30
-33
-39
-37
-27
-20
-1
-6
3
22
22
23
26
33
25
22
19
16
19
-1
0
3
-7
5
-2
-2
17
13
22
28
25
32
28
23
9
6
1
-2
-9
-15
-4
-6
-7
-19
-19
-2
-7
4
17
15
15
16
-1
-8
-9
-22
-11
-22
-37
-18
-23
-31
-18
1
-4
-4
14
11
2
6
10
13
4
-7
1
-3
2
-2
-10
-5
7
5
-3
7
12
16
7
8
13
11
13
-4
2
-2
-13
0
-1
-8
-8
-10
-10
-3
-10
-6
4
1
-4
-13
-1
-5
-6
-4
-10
0
-3
-1
19
21
12
12
5
-8
-11
-17
-6
0
-3
-1
8
10
2
2
-7
-2
-5
9
18
6
10
7
5
7
10
13
3
2
3
2
7
5
7
19
5
9
12
-12
4
5
-3
6
-2
-4
-6
-3
0
0
0
2
6
-4
2
-4
-22
-13
-6
-11
-17
-18
-20
-19
-27
-30
-25
-17
-25
-20
-9
-9
-8
-10
0
-7
-5
-4
-9
-9
-20
-16
-8
3
4
8
2
13
30
21
21
23
20
9
13
15
8
21
19
3
5
21
22
18
16
10
14
20
9
16
11
15
27
20
26
20
15
12
7
11
-3
-7
8
8
2
-13
-19
-8
-7
-15
-19
-6
-1
-3
-5
-5
-3
-7
-11
-14
-28
-24
-27
-42
-35
-39
-26
-15
-11
3
2
0
4
10
-6
-14
-4
-3
-13
-13
-6
-12
-9
2
8
8
7
16
14
0
7
3
2
7
-2
-9
-13
-3
-8
-13
-10
-18
-6
1
-6
-1
5
3
4
0
4
1
1
8
1
5
11
13
4
13
15
8
16
21
19
9
7
7
17
30
25
14
10
10
6
11
13
15
12
2
17
20
17
13
6
7
-3
-7
-11
-9
-12
-21
-17
-4
-4
-4
0
3
-4
-5
-4
-13
-10
-8
-2
-2
-5
-12
-18
-25
-23
-12
-18
-10
-10
-12
-10
-11
-5
-10
-12
-14
-11
-10
-22
-25
-17
-14
-6
-8
-8
15
11
9
22
17
12
8
6
13
17
19
6
2
6
7
-1
1
3
3
13
14
12
10
20
25
17
10
10
4
-1
-8
-4
-12
-26
-3
-9
1
22
13
18
21
3
-9
-9
-4
5
-12
-16
-16
-22
-12
-11
-18
-7
-11
-7
-4
-13
4
0
0
2
-6
-7
-18
-16
-10
-5
2
-4
-5
5
5
10
15
17
22
15
8
3
4
11
-2
-9
-2
16
9
12
31
26
24
27
28
17
16
13
13
8
-7
1
1
-9
-1
-3
-11
-5
-12
-8
-19
-21
-1
-7
-5
4
-14
-15
-10
-20
-17
-30
-43
-28
-26
-31
-31
-27
-15
-9
-18
-4
0
-17
0
0
-2
10
20
20
8
-7
-6
2
-11
-3
3
5
9
7
17
25
27
29
32
33
30
31
26
15
10
11
9
17
8
2
2
-3
1
-6
-1
4
-3
2
3
7
4
0
6
4
7
-2
-1
-10
-15
-19
-24
-20
-24
-13
-24
-17
-10
-12
-4
-12
-12
-4
5
2
1
2
-1
10
9
-10
-9
-13
-5
6
5
17
2
1
18
3
11
19
5
2
1
-3
7
-2
-11
-3
-14
-16
-9
-3
4
6
15
20
20
19
24
19
6
10
-16
-34
-23
-31
-34
-21
-17
-17
-13
1
7
11
13
11
2
-10
-7
-6
-11
-14
-16
-9
-13
-12
-3
0
7
19
17
21
17
6
14
9
5
8
7
11
13
8
12
11
0
2
-6
-4
2
-3
3
6
12
2
15
22
8
24
14
5
8
-10
-13
-8
-9
-10
-12
-19
-14
-15
-12
-5
4
16
13
9
14
16
4
7
-2
-24
-29
-34
-32
-28
-23
-19
-11
-5
0
10
6
8
15
14
16
18
10
-5
7
-2
-8
11
-10
-16
2
-10
-5
14
13
-4
4
20
11
2
3
1
-12
-8
-25
-27
-14
-32
-15
6
3
16
10
0
16
11
-1
-1
-2
-3
-3
-7
4
5
3
16
17
21
9
-3
-1
5
9
5
4
-8
-2
8
1
4
0
-9
-6
-4
-1
12
-1
-3
17
11
4
18
21
17
14
-6
-8
-13
-22
-9
-11
-19
-6
-7
-17
-18
-15
-7
0
-5
0
7
7
11
0
-1
-9
-6
2
-6
-9
-11
-5
0
-2
-2
1
6
2
-13
-15
-8
-11
-9
-12
3
8
10
27
29
25
24
35
23
18
5
-15
-2
-6
-9
-2
-1
-7
0
6
8
16
6
5
14
-1
-1
7
0
7
1
2
5
-17
-14
-19
-24
-23
-21
-7
-7
-3
-1
4
15
11
2
-7
-7
-6
-13
-1
2
-4
3
-4
-9
1
-6
-1
-2
-1
7
-4
1
3
2
-1
-1
6
4
1
3
3
-3
0
-5
3
-1
-5
-5
-14
-5
-7
-14
-8
-9
-11
-1
-6
-1
0
8
22
10
0
8
2
-2
1
-11
-11
-21
-19
-15
-11
3
6
12
3
9
28
17
24
34
12
11
6
-8
-6
4
11
15
18
12
14
23
21
17
12
9
11
11
10
3
3
-3
-3
3
1
8
6
-8
-4
-10
-18
-8
-9
-14
-16
-12
-6
-4
-11
-11
-5
-7
-2
0
4
-2
-8
-8
-10
-14
-18
-19
-10
-11
-14
-6
-10
-11
-6
3
11
2
6
0
-8
-2
-7
-9
-14
-22
-26
-31
-20
-19
-13
-10
-12
-7
-7
-4
-6
-4
0
-2
3
12
14
9
23
30
23
21
22
6
2
14
-5
-5
0
-2
-2
4
19
11
25
25
23
30
23
26
12
11
26
30
31
23
21
17
11
5
-4
-13
-21
-12
-11
-5
-7
-2
5
-6
-7
2
2
-8
-1
-1
-11
-18
-24
-21
-23
-12
-17
-27
-10
-11
-1
2
-1
10
14
7
8
-2
-14
-15
-18
-23
-28
-20
-15
-11
-3
-3
1
11
-3
2
18
13
4
5
4
4
-3
-5
-4
6
6
-8
-8
-8
-10
-17
-20
-9
-7
3
6
7
14
16
14
10
2
-19
-13
-1
-17
-1
11
0
13
13
15
20
11
2
1
5
5
14
17
15
21
24
16
0
-4
-4
-1
-1
6
4
-2
6
10
15
11
6
-3
-10
-1
10
1
-15
-19
-27
-29
-20
-19
-18
-21
-25
-23
-22
-8
1
-1
13
6
15
19
-1
2
-4
-4
-9
-13
-9
-12
-4
9
16
16
23
19
22
26
27
26
13
12
17
8
8
5
5
-7
-5
5
-13
-1
-4
-10
1
-6
3
4
-2
11
4
-5
-12
-6
6
-18
-9
-5
-18
-19
-21
-19
-19
-15
-11
-5
1
9
6
4
10
-2
-7
-11
-21
-14
-15
-9
-5
1
6
-2
4
4
-6
11
7
8
21
-4
-6
-5
-7
9
5
11
22
10
12
19
9
-7
-8
-14
-8
-5
-4
-8
-14
-6
-3
-2
-7
1
6
8
3
2
-2
-10
-2
8
5
8
-1
3
15
0
2
13
9
10
9
8
6
1
1
3
8
4
11
17
10
18
19
19
13
9
19
9
-2
-2
-12
-21
-19
-19
-14
-10
-8
-5
-6
3
3
-9
1
5
-17
-10
-13
-21
-10
-24
-20
-11
-7
-3
6
5
-11
-6
-3
-14
-6
0
-6
3
10
16
14
8
4
2
-2
-4
-14
-5
-2
-12
-8
0
12
1
8
10
2
11
3
12
12
8
2
1
12
-1
-13
-9
-9
-12
-14
-11
2
-2
-17
-6
4
-5
-10
-1
-16
4
26
16
18
15
19
9
-6
5
2
-8
-4
-3
3
1
-1
4
9
7
22
22
16
19
12
16
10
8
10
-6
-10
8
8
-7
2
14
1
2
0
-15
-7
-6
-17
-12
-13
-21
-16
-15
-18
-6
-5
-15
-13
-14
-11
-12
-16
-7
-13
-9
-8
-2
3
-5
1
-9
-6
-4
2
1
-5
3
2
7
11
12
18
10
13
5
2
13
-1
4
6
2
-4
-6
4
5
10
10
8
12
20
16
15
3
0
-5
-21
-9
-14
-19
-8
-10
-3
5
6
14
21
15
5
8
10
1
-2
-7
-4
1
-1
11
8
5
15
4
9
3
-7
0
-21
-14
-4
-17
3
-8
-20
-10
-1
15
9
1
-5
0
5
-5
-9
-15
-9
-11
-30
-19
-27
-31
-5
-5
6
3
5
18
-2
8
9
2
-1
-9
-4
-4
-1
5
5
-9
6
15
-1
1
5
12
15
14
14
22
17
7
7
6
5
13
16
15
19
7
16
14
4
11
1
2
-1
-1
-4
-1
11
4
6
1
-7
-15
-14
-16
-24
-21
-21
-16
-12
-14
-23
-34
-42
-34
-17
-19
-14
-8
-16
-15
-5
-4
-2
13
17
17
17
2
9
10
9
9
-1
3
12
16
18
10
6
19
23
32
30
24
28
19
18
19
15
12
0
-1
-4
-7
-2
-21
-17
-10
-19
-8
-7
3
-4
-8
3
-5
-10
-20
-15
-27
-36
-23
-26
-21
-23
-20
-15
-7
-2
5
21
28
26
13
9
13
-2
-3
5
4
11
13
17
18
15
17
17
12
13
10
2
8
12
15
6
-6
-4
-6
-7
2
11
11
14
2
-1
-1
-5
-13
-16
-24
-30
-22
-31
-23
-18
-27
-22
-16
-13
-18
-13
-1
3
8
-2
1
-1
-4
-1
-9
-1
-7
-4
-1
-5
0
3
10
14
5
9
8
4
13
7
13
12
2
8
7
8
15
15
12
8
-8
-5
0
-7
10
7
-5
14
10
2
-3
8
13
-3
8
4
-3
8
6
13
12
15
19
-3
-4
5
-5
-6
4
11
6
3
5
11
10
-1
0
0
-2
-4
-13
-12
-6
-11
-12
-13
-5
-6
-15
-5
-1
-4
-1
-12
-10
4
-1
-4
6
1
3
-1
-7
-5
-12
-13
0
-12
-17
-12
-26
-15
-14
-14
1
1
2
8
3
-5
-12
-20
-9
-10
-11
-11
-1
9
-5
5
5
-7
-8
0
2
-3
-5
-8
6
7
-6
-1
-3
1
3
9
10
6
16
13
20
23
19
19
24
20
4
7
13
13
13
9
22
24
14
15
9
11
4
5
13
8
29
27
15
24
14
4
-2
-6
-11
-6
2
-4
-10
-12
-16
-20
-14
-14
-17
-23
-20
-14
-5
-5
-14
-7
1
-14
-11
-10
-10
3
-4
-15
-10
-8
-25
-21
-9
-13
-1
-6
-12
-7
-18
-5
-15
-19
-10
-13
-12
-8
10
8
11
14
12
12
12
22
13
11
14
16
19
12
13
16
6
-9
-1
2
-9
-8
-7
-8
-9
-7
-13
-11
-4
-3
-2
8
11
4
15
13
1
-1
-3
-3
-13
-19
-8
-3
-2
-10
0
15
-7
4
6
4
11
0
1
-2
6
14
13
7
2
14
11
8
16
6
13
11
3
24
13
6
7
1
14
13
5
4
1
1
-9
-7
-8
-5
4
-9
3
13
12
7
-6
8
4
-7
-15
-23
-5
-17
-15
-10
-19
-5
-11
-14
3
9
7
9
5
2
-1
-7
-10
-19
-16
-4
-1
-1
12
3
3
6
-8
-13
-15
-6
-9
-16
-14
-18
-18
-16
-16
-19
-17
-13
-15
-11
-9
-10
-4
-6
-5
11
8
6
9
7
16
8
0
2
-5
-14
-13
0
-6
-11
3
3
1
11
23
23
13
29
25
11
20
6
5
21
19
12
17
15
20
14
5
6
-1
9
17
14
20
32
39
29
26
31
24
8
4
3
-10
-17
-11
-18
-9
-5
-5
15
8
-1
4
1
10
10
-8
-12
-7
-7
-16
-25
-33
-31
-35
-41
-37
-38
-37
-28
-35
-35
-25
-20
-19
-17
-14
-19
-19
-15
-3
-7
-5
-7
-17
-11
-10
-14
-15
-13
-14
-13
-6
-6
-12
14
6
6
25
15
21
20
14
30
17
11
9
5
25
27
36
38
33
41
43
36
32
26
20
20
16
5
21
25
14
17
8
27
23
6
20
-6
7
18
-16
-3
-2
-2
11
2
-2
3
-12
-13
-8
-18
-23
-17
-25
-15
-14
-29
-20
-33
-28
-25
-14
1
-4
1
-16
-14
-14
-7
-4
-33
-58
-61
-13
8
-37
-98
-125
-136
-170
-169
-148
-175
-225
-287
-315
-254
-253
-237
-224
-152
-229
-293
-167
-131
-126
-177
-98
-38
1
68
122
213
203
246
277
314
399
418
719
611
737
1264
1146
656
-205
1237
1735
1969
2459
674
-488
-1354
2522
3410
1417
825
-2242
-1134
-69
2720
2880
-1666
-2016
-3281
-1088
810
-757
-1602
-4144
-3882
-3400
-3757
-2508
-3900
-4180
-4317
-5624
-4427
-5750
-3669
-4393
-4820
-7181
-7511
-4782
-2624
14728
15772
-677
-22182
-14383
22233
31427
12511
-17107
-14626
6119
16204
24458
17830
7122
-11447
-15229
12705
30233
21262
-6604
-15622
2696
9657
3620
-4109
51
7121
-4738
-15341
-13508
-4532
959
-4987
-7043
-10069
-16317
-16206
-10430
2098
2670
-10508
-19830
-16577
-1230
5427
-123
-5272
-6609
-3523
-3528
-3316
4042
8945
5538
-4430
-7284
2796
9890
8197
2388
1248
4944
2610
-760
3130
11327
12412
690
-6192
598
9022
9812
4177
3395
4758
785
-804
2726
10009
8760
999
-310
2143
5019
2472
2814
5825
4000
-934
-3957
1492
5582
1476
-2981
-1992
1213
-786
-3667
-1502
-397
-2804
-5632
-4541
-1515
-2172
-5321
-7183
-4751
-2742
-4286
-6441
-6147
-4187
-4007
-5536
-6703
-5424
-4588
-4179
-7487
-7166
-9278
686
16456
10310
-11403
-29905
-1695
29926
27904
-472
-24459
-9198
6331
19950
25271
15013
-2033
-24038
-9302
23769
31777
10065
-18350
-11318
7265
7691
118
-2548
7766
5777
-11081
-14315
-6235
3522
2101
-3751
-1985
-7591
-13453
-12194
-1746
10511
3042
-11907
-17683
-8354
6126
5681
-669
-3621
-3600
-2954
-6655
-3011
7142
9226
520
-11415
-7757
5325
9097
4243
-1545
807
3126
-1214
-802
6532
13043
7347
-4708
-4321
3936
8586
6717
4011
5201
960
-4114
-1531
6652
10604
3557
-1506
1165
2722
-1717
-2007
6235
11771
2668
-7838
-6386
913
5738
3963
3206
-404
-7755
-8544
-731
8904
5737
-6287
-10834
-5827
1592
1567
-2532
-3762
-4394
-4447
-4936
-3733
-1119
-1755
-4067
-5176
-5476
-4686
-5041
-4989
-4459
-8328
3475
13703
4690
-19996
-28445
9440
32423
20925
-14228
-27351
-4448
9494
22749
21688
9674
-10440
-25956
-72
29133
28227
-145
-21789
-5388
9755
6815
-1855
-510
10754
2835
-12951
-12876
-1438
8835
3592
-3576
-4925
-9220
-8973
-5349
4123
8842
-2443
-14149
-14621
-1764
9188
4501
-2858
-5581
-3346
-1591
-4210
172
7286
6783
-3180
-12515
-5527
7065
9347
2293
-4275
-2171
66
-1403
1952
8349
9153
-951
-8965
-1533
7733
7895
2225
1356
4920
410
-4101
441
10807
12565
-359
-4777
1964
7755
4767
1713
8216
5848
-2616
-4457
4337
11635
2551
-5656
-3782
3072
3392
-3686
-2138
1756
-16
-5966
-6933
599
2806
-3115
-9047
-7684
-679
-281
-4353
-6452
-4655
-4764
-7249
-6946
-2761
-1775
-3834
2157
3460
-4457
-19323
-10597
15782
21350
3089
-22314
-17474
2762
15526
18443
6844
-3951
-14570
-9516
13051
22617
12387
-8463
-12154
2577
8637
5221
-306
1841
4945
-3883
-8637
-4687
2899
6021
-552
-4057
-6398
-6674
-3293
-144
6083
4257
-5573
-12891
-9123
5134
10881
2965
-6584
-8464
-1684
1829
530
2812
4942
1775
-7625
-9210
2776
10327
4416
-6868
-6746
3021
4817
-1135
-2221
5277
9065
259
-6575
-730
8613
9785
2390
-871
882
1297
2691
6520
10878
4917
-5566
-3813
6248
10269
3760
868
2196
-1632
-4342
2127
10204
5573
-6142
-9018
-1440
4405
1814
-1648
-1332
-2335
-6689
-6335
1646
6023
450
-7794
-8617
-2384
522
-1271
-4359
-3426
-3485
-6833
-6457
-2863
9531
12429
122
-18879
-19086
11674
26744
14184
-13808
-21073
-3456
7849
15744
11056
1121
-12515
-21288
-2596
16616
15594
-4328
-18104
-5450
3783
-216
-5933
-1715
9536
1406
-15254
-17180
-3521
11345
6733
-3685
-7912
-8849
-4585
-580
6465
8449
410
-6139
-6415
1637
7709
5554
2854
1035
805
-568
-2515
1877
6927
7093
874
-6373
-4635
1617
5279
3374
-1428
-2726
-2668
-2620
552
4637
6032
255
-5905
-1928
4972
7551
4325
3122
5308
3137
378
1704
9348
12291
3985
-2890
721
7315
5098
1813
4809
4829
-2112
-6190
-685
5264
1878
-5098
-6916
-2506
-1538
-5433
-4138
464
596
-7132
-10068
-3839
2193
1856
-5414
-7908
-3517
260
-1552
-5053
-3381
-4
-1231
3228
9192
6088
-8246
-17283
4603
25762
22308
-6210
-24513
-7177
12574
22164
12404
-2586
-11517
-17124
-2836
13787
15566
-739
-21942
-17501
-1073
5790
-2021
-12560
-6712
-1124
-6530
-13406
-13754
-2389
4624
920
-5780
-11910
-8372
-1333
5527
10364
3700
-5846
-8130
2559
16796
14261
2527
-3247
2900
10804
5611
869
5295
10380
5844
-5112
-3336
7405
9911
1113
-7791
-3165
4934
1752
-5000
-3009
6126
3936
-9275
-10292
2732
11312
2415
-8379
-3528
5892
6287
288
381
4847
2774
-608
2645
7618
4616
-2375
-341
6594
6591
-72
-3196
478
1266
-2672
-4112
-596
1391
-2883
-6348
-4146
-1942
-3115
-3923
-1048
1229
-2681
-6931
-5162
1134
4285
774
-3994
-3556
-2084
7145
16005
11532
-6149
-20474
1033
25699
27466
2565
-20598
-11469
4638
19595
18105
2864
-10687
-20535
-6947
11073
11639
-1799
-18368
-14180
-5175
-4534
-7066
-10571
-5400
-4572
-12600
-16918
-16186
-5914
362
-1974
-6513
-13309
-11252
-4628
2391
6992
2391
-4418
-6476
479
11659
12771
8434
5985
6066
7717
5227
7151
14149
15824
8737
-3072
-1542
9649
12486
5873
-1473
1253
4687
-758
-4478
1022
10279
6832
-8088
-11389
-806
7819
3586
-2490
324
1266
-5669
-8501
1465
11211
5287
-7114
-7020
15
1847
-228
1865
5496
194
-6737
-5989
808
4653
380
-3639
-3967
-3396
-2878
-2998
-748
-653
-2720
-4519
-4879
-1930
-278
-184
-285
-1396
-1743
-3059
-486
1909
4089
13586
13419
1927
-15035
-5303
24283
31914
14365
-15262
-16197
3023
18456
24063
10583
-3663
-17902
-17260
4434
17085
10603
-11983
-23765
-13217
-4060
-1831
-7730
-10264
-7426
-13809
-19823
-19351
-11822
-3369
-4777
-8307
-13357
-15973
-10315
-3526
3953
4961
-1382
-7842
-8081
3090
14121
13978
7206
936
2585
8252
11387
14163
14163
10745
4192
848
8476
15925
13301
3928
-2132
2120
6059
4910
3548
3804
4432
-1912
-7026
-1638
6539
7717
85
-4123
-822
654
1196
2080
3777
1238
-4718
-2688
1267
1008
-2977
-3319
724
-2796
-7620
-4979
2930
3639
-7867
-13142
-5417
3010
1407
-5722
-5208
-2626
-4977
-7015
-2513
5787
3625
-7046
-10023
-2132
5856
1394
-2387
-736
6068
12288
7126
-1439
-9855
4943
23920
24625
7618
-14859
-9256
8635
23707
23488
5682
-6788
-15950
-7699
12160
16637
5254
-16132
-20336
-8101
-1557
-619
-8466
-10879
-9153
-14915
-16735
-14806
-8500
-5926
-11694
-12385
-13106
-12483
-8419
-4591
2172
317
-8171
-11776
-4705
11325
15002
5106
-3036
-2390
8047
13482
11382
9302
8507
8791
4416
3293
11493
15520
10013
452
-1165
6308
7566
3653
1894
5941
7729
-2317
-8674
-1634
9484
10169
485
-3895
-878
-320
404
5250
10956
5011
-7556
-5655
5096
9246
808
-4928
96
2382
-3258
-8595
-2495
6545
2641
-9888
-13943
-6207
2608
2067
-4838
-9084
-8663
-5512
-2820
56
232
-5556
-9353
-6069
285
913
-1453
-3496
3262
13308
8359
-7474
-17235
6611
31071
27439
2689
-19033
-7931
10165
23955
24725
9278
-7921
-24081
-12023
17136
24549
5284
-22261
-22324
-5164
469
-2848
-9149
-5746
-4784
-16036
-20481
-15350
-4888
-1825
-7725
-9562
-12860
-13685
-8557
-1170
8079
4627
-7625
-14015
-6070
13111
18309
9304
204
-2233
4620
9690
12887
14626
10959
4989
-1930
162
11209
14982
8750
-1495
-4409
823
2618
2877
2878
4454
3127
-5902
-8316
-1915
4986
5293
186
-556
-2125
-5075
-1886
5112
10278
3030
-6353
-3160
3323
6246
2330
1679
2850
-2700
-4104
233
6737
4582
-5124
-7477
-2284
3568
2637
-2127
-3595
-3131
-3216
-2901
-978
2460
1162
-4708
-7816
-4070
2576
2680
-2058
-5767
5317
15049
5834
-15345
-18212
14255
32767
20169
-11516
-22098
-1493
15696
24928
16449
1416
-14390
-21860
-1556
19546
17114
-6474
-25309
-15868
-1977
-916
-8547
-12944
-6294
-7346
-17185
-20822
-14910
-4570
-4156
-10564
-13213
-13249
-8827
-5757
-2852
3092
1957
-4931
-9447
-2112
13172
15879
7782
139
1815
10677
12613
11602
12985
14076
10038
983
2250
13344
17148
9903
-761
-755
4939
4665
3242
3329
6224
1664
-7709
-5902
2641
6970
404
-4229
-988
-1237
-3215
-1645
4157
3243
-5666
-6162
2699
7232
-1754
-9804
-2949
5811
3295
-5217
-5156
1412
1513
-3599
-6095
-1352
2949
1087
-3017
-5511
-3668
-1753
2067
4110
1211
-3978
-8129
-4606
1827
6221
4505
-4040
1058
11040
10051
-6130
-17222
7115
27406
23613
-4891
-22173
-4118
13694
23946
15504
1359
-9114
-19099
-4856
15143
18205
-31
-25340
-19996
-1635
5631
-3707
-17922
-11905
-5146
-9940
-17618
-19902
-8785
-3663
-8282
-13559
-16216
-9618
-4434
-1626
1776
-1141
-6887
-9685
-1980
12260
14188
6945
-542
-980
6931
11425
13448
13215
11011
7757
1132
2276
11293
15997
11894
2058
-759
2369
3163
4924
7065
8426
2845
-7046
-5123
4138
10079
5641
-1649
-1584
-2758
-2088
2878
9412
8044
-5360
-11841
-4588
8236
10563
-632
-8625
-7561
-2183
615
86
581
-1819
-6229
-8205
-6761
-1174
1600
-238
-4431
-9346
-9743
-5367
3505
7602
924
-8092
-12935
-6654
2347
9474
6533
4361
6204
38
-8603
-10262
15308
32707
23347
-5565
-24812
-8425
16162
32426
23319
-573
-17680
-21827
-1102
21576
21310
1
-24731
-22692
-6220
4027
2240
-7420
-9065
-11716
-18247
-17985
-10619
122
-565
-11067
-18242
-19107
-10059
-409
4013
4180
-3049
-11210
-13261
-3599
13425
19148
10692
-2783
-7578
981
11686
18601
19052
12181
683
-7186
72
16473
21200
9366
-4570
-4769
2330
3089
2165
6524
11326
3009
-11956
-12074
4140
15146
7522
-3252
-4444
-3113
-5243
-454
11497
13461
-813
-13668
-9779
4273
11955
7263
-1486
-6590
-6703
-3894
1908
6117
2956
-3799
-7757
-6926
-2669
2568
3434
-1005
-7392
-9513
-6481
181
5334
2825
-5019
-11734
-11176
-2001
6932
6267
6756
4073
-3411
-16236
-10291
20165
32695
17857
-15354
-23509
-1347
21227
31415
15802
-2442
-15229
-16075
4209
20354
18582
-3261
-22190
-15294
-3527
1056
-4596
-8539
-2683
-7016
-18502
-23335
-12812
3784
2106
-10585
-19196
-17845
-7408
-1376
2565
3818
-1494
-8289
-12340
-3088
11755
16162
10429
-492
-4583
100
7334
16310
19764
14742
2770
-7539
-314
14962
20344
10838
-3009
-4245
-315
1708
3777
7276
9477
43
-11659
-9423
2922
10348
4975
-1856
-2146
-4762
-6723
-1495
7910
9792
-1401
-8944
-7086
-708
4279
4414
3196
-2128
-8703
-6886
1312
7041
3387
-3723
-3983
-3343
-1536
2130
4995
3931
-5199
-9758
-3617
5085
8019
608
-6780
-6925
-5390
2338
4647
9214
10594
-2749
-15898
-19251
10590
32561
21612
-8929
-28988
-10529
13579
26546
20441
1314
-13037
-20410
-6071
17766
22367
5860
-18966
-21071
-5334
3534
1652
-7086
-6015
-4600
-13804
-20163
-16605
-1442
6397
-3730
-17226
-23424
-13837
-202
4754
3728
-4302
-10796
-10363
-2387
9194
10710
5530
1344
503
1772
1747
6740
16964
19189
8783
-4454
-3513
11528
19616
14527
3235
-1022
1735
1842
3511
8081
11564
5144
-7366
-8437
2398
10412
7024
385
-409
-1994
-7122
-4012
7151
11988
-208
-14418
-11212
2102
8270
810
-7329
-7199
-5855
-5660
-3253
2001
2916
-4036
-9059
-6554
385
5143
4309
1129
-4252
-6934
-3269
6337
11572
5678
-4098
-8764
-4563
2885
9339
15106
13752
-63
-17508
-18897
8336
30995
26577
-3344
-27057
-19009
3568
25126
23993
4245
-17161
-28287
-12647
11131
19633
5753
-18600
-22874
-11774
-1347
-875
-6935
-2851
-1460
-11563
-22070
-18782
1335
11397
2239
-11682
-17853
-10866
-3146
4151
11267
7162
-6142
-16793
-6952
14534
19932
7937
-5169
-3233
5482
4667
2497
8088
17476
13769
-3365
-9116
3724
17672
16339
3765
-2300
-1182
-139
2188
7128
12138
6246
-6676
-8990
1976
12157
9266
1167
-427
243
-1358
-216
3938
7327
2923
-4501
-7532
-4944
1485
3697
68
-7067
-12690
-9869
-2933
489
-2766
-7411
-8064
-7437
-5022
-1689
1138
1891
-2698
-7406
-6984
1406
9869
8738
1511
-4438
-3676
2157
7502
16209
22466
10661
-10298
-19713
2383
29020
29072
3426
-20965
-15264
3966
18710
18778
6104
-7240
-19278
-15624
1071
12152
7244
-11147
-20036
-14791
-7750
-5040
-7075
-4853
-3767
-11761
-19534
-18554
-5373
5712
2626
-7089
-14092
-10543
-2305
3923
9207
7631
-443
-8463
-5638
8808
17701
13416
2981
-2141
1490
4636
6198
9687
13190
10446
-1100
-7188
1067
12672
13863
4001
-2757
-2088
-1543
-895
3339
9937
7758
-4696
-10617
-2745
9045
10449
3507
-443
-1500
-2284
-1528
3581
9578
7562
-1793
-9386
-7882
1201
8122
6449
-2845
-13016
-13787
-5486
2740
3415
-3417
-9528
-12014
-9236
-2632
2869
3619
-2403
-9858
-9972
-2480
6717
8139
1230
-4026
-4843
1382
7512
14955
16468
5133
-7495
-7612
11749
24136
17657
-772
-10962
-2638
10100
18052
11835
-848
-9841
-9025
811
4877
-525
-7762
-10128
-7190
-8112
-11715
-12813
-9839
-4756
-6890
-13966
-18627
-16415
-8132
-2309
-2467
-7274
-12351
-10488
-3773
3677
6986
2903
-2055
-3653
1321
8680
11969
11749
7765
3813
2228
3888
9290
13202
12214
6978
1649
1440
3915
6107
7977
7980
5007
-2743
-7888
-2891
7028
10226
1399
-7558
-6624
-396
3360
5122
6844
4236
-4543
-8535
-509
9469
10787
2304
-4686
-5365
-3104
1291
4496
5681
-609
-10528
-11773
-4646
2906
1463
-4575
-7010
-6963
-6090
-6044
-3677
2265
2916
-3584
-10551
-7936
2364
7200
3837
-3056
-4123
4568
14577
12787
-50
-7907
3841
20953
21320
4897
-10909
-6064
8371
18276
17907
6262
-6838
-15037
-5312
12629
14280
-1968
-20179
-19094
-4746
1860
-4132
-15386
-16753
-10856
-9846
-12691
-15908
-13742
-9117
-7817
-8734
-11484
-10865
-6728
-2210
3127
3632
-1343
-4999
-1148
8904
12926
8960
5235
5993
10023
9027
5742
8353
13465
12873
4294
1307
8871
12958
7536
-13
2175
8968
6421
-2075
-4481
3332
7144
-1206
-7336
-2353
3933
1209
-3982
-859
4081
1620
-3292
-3857
1709
4851
2147
-1319
-3619
-1934
-262
577
-39
-2941
-3451
-3229
-3980
-5313
-5361
-3178
-2519
-3542
-3492
-4219
-4991
-4799
-2105
2279
1511
-2710
-6198
-2880
2949
3996
3643
9297
14379
5265
-9828
-8496
16690
32557
20347
-7617
-19459
-3006
15946
24780
16653
518
-14041
-18045
-323
17469
15635
-4174
-21580
-17663
-6634
-1342
-3854
-8297
-8599
-14275
-20737
-18958
-10680
-3285
-6207
-12687
-16443
-17042
-11365
-4327
2399
5046
-856
-7668
-8634
1332
13089
14434
9327
3549
3559
7022
8733
11809
14792
14330
7522
-445
2826
12723
17133
11386
2168
612
2976
4223
5075
6698
7117
352
-6703
-4480
2563
5021
1682
-609
-1515
-4582
-4489
1725
5685
1928
-5351
-6139
-1841
-158
-1239
-2290
-967
-3265
-8666
-8343
-2192
764
-4354
-9356
-7412
-3896
-3464
-4090
-2660
-457
-2905
-6579
-4035
2786
4061
-959
-4049
-657
2836
8975
16604
12801
-1063
-11706
3259
26290
30040
10993
-12156
-10037
5662
19708
22123
10751
-4067
-17051
-11174
7688
15489
6100
-13067
-19061
-11133
-4574
-4109
-9332
-8354
-7082
-14091
-20889
-20830
-10108
-1285
-4203
-12720
-20013
-17162
-9404
-2819
3412
2978
-3660
-10449
-6999
6085
13129
10530
5284
4514
7105
5565
4626
11426
19393
15976
1444
-4157
6380
15946
13778
5980
4927
7390
2874
-2288
1903
12919
13014
-2136
-10617
-2051
9767
9189
512
-2188
-1535
-2037
-1234
2541
5873
1260
-5412
-7009
-4025
-301
-85
-1164
-4738
-9122
-8579
-4406
-1687
-5485
-9361
-7348
-3919
-3991
-7533
-7313
-2922
-454
-2592
-4738
-2919
1269
666
-1881
-819
8491
19072
12544
-4105
-12106
7385
30440
28926
8104
-10540
-5838
8259
21145
25176
14348
-4324
-20303
-11820
12842
22247
5733
-18802
-21647
-8881
-2844
-6485
-10714
-7130
-7073
-17011
-24368
-20425
-8354
-2555
-7053
-13376
-18338
-18640
-13276
-3804
5290
2879
-7824
-14054
-6986
8002
13985
9725
3480
1997
5008
7019
10109
14355
15216
9829
2129
3116
11660
15523
10251
3517
5059
9119
6648
1830
3108
10087
10176
634
-6123
-1905
6962
8681
4763
801
-3079
-5472
-1492
7065
8321
-178
-7540
-5687
-676
3
-2056
-3212
-4299
-8381
-10125
-6066
-1806
-4116
-10017
-11022
-8352
-5664
-4279
-3865
-4858
-6681
-6135
-2720
-756
118
-1678
-1418
-368
4403
14986
14178
3367
-9718
2150
25820
30081
14903
-5370
-3051
8343
17939
23435
16573
4599
-11233
-11240
7124
16954
8653
-12035
-18019
-7996
-4735
-9041
-14671
-10137
-5341
-13680
-22670
-23500
-14364
-7508
-10172
-12086
-13756
-16276
-17604
-13925
-829
6242
-198
-11790
-14739
-715
12368
13085
5689
681
4966
7965
8225
10760
14670
15740
7435
832
5478
13761
15927
9453
5659
6647
4463
2158
5964
13557
12537
240
-6116
-218
7833
8758
5032
3896
1256
-3660
-2704
4109
8860
4438
-2362
-3506
-3612
-4495
-4036
294
2280
-5625
-14485
-14473
-6646
-1858
-5540
-9304
-10835
-11348
-11478
-8758
-3056
-1807
-5846
-8193
-6341
-1356
-2048
-3261
1060
11789
18998
5499
-9542
-8711
14410
32507
23858
1385
-11801
-654
16138
24795
21769
9627
-3234
-11102
-3071
13599
18361
5879
-11937
-15617
-7687
-3369
-5506
-8780
-6933
-7668
-16254
-22527
-19675
-9996
-4077
-6585
-12501
-18480
-19422
-13008
-3390
3785
305
-9299
-13314
-6639
5737
10295
6239
1266
806
4749
6498
7246
10375
13372
12000
4651
798
5224
11700
14029
10343
5802
2493
498
2711
8561
12339
8404
-855
-3702
1410
6103
7231
5567
4143
-664
-4190
748
6780
6884
-599
-4119
96
1960
-1396
-5931
-3775
40
-3683
-8517
-8998
-5615
-4765
-8059
-8610
-7949
-7546
-8145
-8817
-6492
-4863
-4956
-5210
-4994
-2233
-952
-1877
-569
6721
14160
8130
-6231
-6586
13276
29323
22449
1176
-6549
4147
17764
23349
17084
8005
-2555
-5449
4589
14476
12925
-2379
-12304
-7032
-218
-2034
-11411
-13242
-6687
-6689
-14886
-22611
-19094
-10088
-7938
-11509
-16677
-17835
-15321
-11497
-5766
-2708
-3846
-7560
-8997
-4119
2622
6773
6546
3343
1760
2851
6299
10203
12062
11747
8502
5988
7479
10014
10132
8024
8724
11196
8772
2386
-85
5881
12070
9411
1825
-1597
459
2921
5238
8188
7215
-375
-6228
-2296
5926
8205
2443
-2922
-3741
-2870
-2191
-1602
-401
-2489
-7429
-9586
-8067
-5686
-6244
-7920
-8041
-7954
-8180
-9691
-10254
-8281
-5492
-2615
-2887
-4539
-7298
-6867
-1525
8258
16563
9709
-5333
-12982
4627
28315
30607
11821
-8615
-4586
11857
24879
25867
14830
3132
-7128
-3195
12292
19441
10975
-7289
-12543
-4373
-210
-3768
-10438
-7814
-4473
-12065
-21423
-22675
-12810
-6182
-10313
-15994
-19026
-17538
-15743
-13369
-6094
-1593
-4023
-11299
-12606
-2910
5984
7129
2215
-365
2943
5620
6740
8756
11922
12178
6587
4426
9607
14052
11587
6128
7071
11002
9088
4073
3509
8487
10427
4714
924
2265
4490
4688
4195
6235
3549
-997
-480
3985
7755
3178
-2492
-3355
-605
2219
-603
-3580
-5595
-7234
-5918
-5080
-5171
-7889
-10306
-8949
-8510
-7751
-7727
-8311
-8418
-10870
-10404
-6790
-959
-40
-6158
-8988
-1868
11667
13496
1813
-9057
-343
19437
26342
16024
-261
-2088
7571
20193
26875
19240
5541
-5905
-1804
14054
21111
12251
-5502
-11346
-3019
2255
-908
-8534
-9198
-6421
-10737
-17125
-19538
-14764
-10489
-12198
-13728
-16111
-19285
-20604
-16099
-5447
-2246
-9355
-16829
-13934
-1843
4743
3519
1119
614
810
346
4921
13155
15650
9902
2544
4012
12154
15818
12413
8222
9680
11715
8109
4717
7551
12673
10810
2748
459
5260
8220
5415
2390
4868
5399
1292
-1221
1427
6113
4629
-186
-2759
-2315
-578
-1271
-1827
-2563
-5411
-8230
-9356
-7022
-4941
-5882
-9058
-12244
-11505
-7670
-4351
-5638
-10078
-13004
-10576
-4216
-230
-1490
-6573
-6063
4402
12131
6445
-6596
-4885
14519
25967
19552
2282
-2969
6424
17477
26243
22133
10296
-3905
-5755
11650
24056
17624
-2906
-13447
-3462
5727
3102
-7584
-11502
-6245
-7775
-14549
-18775
-15677
-10481
-12686
-15626
-16711
-17087
-17350
-17708
-11634
-5458
-7453
-14478
-16622
-6798
2834
2084
-2743
-3338
2234
5241
3845
5407
9066
10711
7548
6165
11399
13978
10599
6744
9576
15057
12061
5981
6212
12047
12980
5538
2188
6053
9149
6671
3574
5759
6691
2673
-610
2147
6781
4810
-1074
-1840
1326
1269
-3402
-5354
-1831
-751
-4955
-10088
-10174
-6752
-6379
-8276
-10296
-10264
-9653
-9410
-8620
-8734
-9045
-8718
-8382
-6035
-4043
-4144
-6421
-3757
8959
13051
2457
-11881
-4377
19956
29908
17757
-2896
-4233
9772
22223
26531
18970
7594
-3638
-1912
14164
22574
14105
-3372
-9119
-987
2825
-955
-6524
-5515
-3891
-11486
-18392
-18002
-12646
-10395
-13762
-14679
-15903
-19140
-20718
-17298
-7255
-3449
-10178
-17581
-15227
-3840
1493
-1047
-2113
-195
1934
553
1830
8774
12292
8996
3525
6462
14632
14210
7772
6431
14176
17916
9084
1471
6670
16931
15631
4079
210
6804
10456
6246
3108
6538
7810
2231
-1121
2166
6680
4395
-1560
-2312
-113
-122
-3806
-5004
-2369
-3025
-6813
-9380
-8220
-6872
-8185
-8788
-8998
-9213
-9469
-9773
-8547
-8255
-7954
-7632
-6357
-4632
-4612
-5561
-5399
-2148
6616
12833
6065
-6321
-8510
10932
26953
23775
7055
-5134
1936
13628
24652
25192
14467
668
-8009
3210
19464
20205
6028
-8293
-6250
-466
-1398
-4456
-6230
-3446
-7213
-15948
-19589
-17156
-10867
-9827
-12414
-15527
-20338
-20677
-16525
-9482
-4634
-8427
-13987
-15466
-8650
-74
428
-1423
-1497
1289
2845
1086
3173
8139
12523
11502
6025
5707
9824
13505
13662
12140
12235
10018
7272
8251
11164
12791
9927
7041
6621
5748
5000
6070
9572
9015
1984
-1863
1836
6049
4031
-480
-252
116
-3901
-7238
-4743
97
-3291
-11422
-12513
-6814
-4103
-9661
-13570
-10522
-7395
-8106
-11330
-10645
-7655
-7341
-7845
-7986
-4027
-1677
-4307
-6714
-3112
11380
16719
4283
-11524
-6628
19873
31378
19564
-111
-3316
8617
16612
22632
22478
15382
430
-8728
4720
21171
20155
1921
-10874
-4377
1980
-2149
-9530
-8154
-901
-6167
-18957
-23910
-17369
-8681
-9510
-13439
-16222
-19748
-21399
-18820
-8883
-1810
-6900
-16029
-17565
-7579
1311
1003
-1112
-367
2288
1362
-647
4040
11480
13996
8459
3686
7192
11472
11808
11107
13522
14799
8789
3870
7449
14207
14262
7919
6104
8231
6314
3159
6502
13794
11671
140
-4212
2621
9490
6105
-1402
-1366
950
-1044
-5824
-5325
-1141
-4060
-10340
-11576
-7209
-6151
-11515
-13729
-9680
-5989
-8659
-14242
-13599
-8443
-5929
-6432
-7989
-5597
-4245
-6039
-7049
-2756
12686
17654
4813
-12215
-8640
18633
31820
23098
3207
-2971
6531
13488
21887
24528
19334
3624
-9482
1385
17766
20192
6178
-6604
-3915
-2610
-6774
-9534
-4723
2233
-6628
-21731
-26509
-18790
-8504
-8712
-12738
-16379
-20992
-22113
-19429
-9930
-2007
-4850
-12768
-17581
-11323
-1609
2478
3812
2759
1467
-927
-2216
4306
13080
16904
10582
2146
3966
10025
13296
12687
12690
13742
9351
4441
5274
11233
15737
11893
7234
4889
3194
3526
8201
14984
11323
904
-3081
1905
7005
5849
3491
2241
-791
-5337
-6046
-1093
1594
-4351
-11242
-11059
-7694
-8778
-11872
-10268
-7151
-8706
-13359
-13999
-10384
-8259
-9195
-8100
-4286
-3423
-8093
-10467
-5357
2531
5066
4501
8086
8052
2251
-3478
7280
25889
28923
14639
-3542
-2459
10870
23673
28602
19836
5356
-9017
-6422
11810
22392
15086
-4589
-14622
-11264
-6309
-3028
-3745
-4102
-9648
-21601
-26511
-20539
-9150
-6656
-13583
-18527
-20542
-19833
-18231
-12044
-1719
46
-9349
-18989
-14022
960
7800
5068
2865
3710
1300
-4009
1033
16428
24535
14814
-1375
-2616
9083
17107
16359
13627
12718
6765
-1425
838
14001
23184
15353
283
-3856
1968
8506
11898
14022
10555
-452
-6121
-805
7885
10442
5465
209
-3461
-5859
-6195
-3093
2291
283
-9219
-16029
-14616
-8365
-5386
-6767
-10244
-13350
-14643
-14766
-12640
-7226
-3028
-3883
-9672
-13473
-9846
-1283
4284
1884
-1318
1328
10307
11889
5434
272
7922
23600
25766
14880
553
857
12289
21836
26823
19339
5055
-8281
-5920
13313
22925
12307
-8961
-18548
-10342
-2687
-1644
-6549
-10919
-14295
-21659
-22839
-16947
-10621
-10533
-16737
-18530
-18722
-19561
-17464
-10908
-1207
-2225
-12776
-17437
-8683
5083
7375
2397
1592
3658
4068
2564
7037
16310
18211
10731
2681
5119
13467
15512
12989
11423
11117
7609
2482
5573
13969
17234
10041
-571
-990
4832
9284
10327
9040
5165
-3245
-4653
3506
9654
6929
-982
-2673
-865
-2832
-5712
-4481
1369
-708
-11132
-15962
-11170
-4314
-5962
-10647
-11505
-11010
-12365
-15164
-11710
-3783
-1826
-7991
-13968
-10554
-1768
2375
1330
-2114
-1663
750
5059
14801
17663
9748
-3078
1683
22327
29828
18735
334
-51
12003
20213
22271
14447
5773
-3756
-4361
7870
14112
6801
-9985
-16170
-7993
-3865
-7656
-14676
-14366
-11046
-16100
-21260
-20538
-14345
-11855
-16484
-17520
-15744
-14774
-15215
-13008
-4564
-744
-5879
-11003
-7029
3829
7286
3104
3172
8493
11459
6338
3393
11000
18544
16538
6790
3620
10846
15795
13741
8791
8366
9771
7003
5761
8368
11159
8118
1538
1702
5499
7095
5473
3522
2969
684
389
2586
3012
2362
773
-415
-3333
-6639
-4699
-1561
-1282
-6940
-12109
-10156
-7244
-7389
-10032
-9871
-8755
-11966
-14192
-10724
-4271
-2693
-9067
-11926
-7157
-263
1165
-1756
-1065
545
2034
3305
5532
10884
17241
15904
5457
-2868
7407
25784
28701
15494
-378
548
8907
15181
19333
16412
6789
-10915
-14480
3053
15275
5941
-16358
-21739
-10640
-6611
-11656
-16493
-11383
-9700
-19854
-24972
-18887
-10297
-12182
-17730
-13605
-10102
-13566
-16866
-10429
3441
5453
-4291
-11780
-6456
7310
11975
10225
9059
8648
6740
2993
8169
17762
20221
13098
4034
5735
11523
12415
10769
11783
13633
7121
-1342
1139
10760
14143
6148
-1249
232
3350
2637
1757
5235
6250
-150
-5096
-1413
3686
1857
-3020
-3517
-1479
-4074
-8125
-7486
-2900
-2470
-8383
-11307
-9509
-8396
-10855
-11051
-5567
-3546
-8748
-14013
-10752
-1359
1540
-2841
-6773
-4258
1880
4122
3813
2678
3940
6039
6432
6837
13095
19302
14514
1467
-2269
14710
27441
22494
3842
-5384
2099
8480
14012
12573
7075
-5503
-17777
-10172
3233
6337
-7049
-20536
-16506
-10973
-10784
-14624
-14704
-9881
-14201
-19242
-19265
-14893
-10904
-12337
-9812
-7724
-9785
-11559
-9638
-659
4492
2355
-878
-1088
4355
7870
9559
12709
13336
10009
3873
4907
14558
20343
16552
6985
4328
9490
12045
10775
9514
11000
8744
940
-1319
4421
10052
6482
-1066
-1000
2401
1681
-2627
-1381
4986
4975
-2351
-7900
-5286
-305
404
-1703
-2653
-4709
-8814
-10289
-5334
848
-1968
-10761
-15544
-10989
-3250
-2126
-5558
-8561
-7662
-4892
-3534
-2040
-1189
-317
-601
-709
1902
4824
5711
4200
3414
6776
8219
7366
5059
10925
20632
15486
1088
-7855
8679
24503
19541
2708
-9398
-3064
1514
6169
10306
6150
-7358
-24427
-17481
3305
8089
-6431
-22818
-18216
-10029
-12326
-14642
-11487
-4257
-10284
-21218
-19008
-9462
-3393
-7851
-9521
-4451
-4987
-8192
-6828
3742
11928
5106
-3959
-2816
8745
15618
10137
6910
10086
12566
8551
4747
12017
19076
15196
5508
2909
10793
13122
7476
4575
7429
8040
-242
-3972
3238
9390
5354
-4139
-5759
-800
742
-552
-76
1481
-2594
-9927
-7450
1440
3614
-3468
-10160
-6901
-2982
-3592
-4931
-4352
-3052
-8619
-12051
-6490
817
505
-7352
-7989
-2370
-440
-3493
-3612
4113
8046
1338
-6111
-3330
7905
12967
9169
3867
2426
3468
5032
8232
11414
10873
8677
8820
4982
-1241
-4258
7413
18364
12169
-5262
-17748
-10018
1666
8333
6515
-3107
-14148
-23509
-16369
715
7188
-3509
-21356
-23664
-13113
-4726
-3415
-7565
-7904
-9601
-13606
-12525
-6859
182
248
-3597
-4382
-3838
-1939
-258
3920
10902
10471
2722
-4165
890
13942
18507
14193
6995
3634
3748
5721
13689
19637
15721
3180
-4951
1657
11250
12829
6787
1337
-421
-2965
-2870
1538
5347
3119
-3802
-7183
-5943
-3388
-850
1358
720
-5124
-10585
-7792
237
2898
-1988
-6964
-6430
-3947
-3407
-2965
-1363
-791
-3685
-6983
-4787
399
2625
248
-2706
-2383
-583
2676
5111
4364
1186
-1022
1860
7038
9067
7051
3930
3632
4323
5670
6926
7667
4719
-458
-3199
1546
12115
9706
-4127
-17099
-7657
9623
10009
-1998
-15066
-12133
-7846
-4426
1889
2184
-5151
-21416
-21709
-3238
7093
276
-14873
-13332
-3437
-4492
-8257
-6737
3614
3900
-7919
-10725
-4083
2960
-152
-1959
6789
8101
-1444
-9586
-981
16200
16119
3732
-4334
1746
11002
9193
6836
8861
11190
7174
-132
2849
10061
11842
6771
1338
2678
2130
-657
-28
3991
5738
-1992
-9184
-7379
-795
3181
-41
-4198
-6913
-8722
-5926
99
3778
-471
-7708
-7882
-2987
456
465
-1149
-58
125
-1801
-3215
-2184
2426
3803
2712
851
-834
70
1055
3328
4793
4428
2876
267
914
3122
5144
6372
5358
3636
1085
222
2138
4985
6569
3000
-3211
-7175
-5278
-614
1196
-2384
-2261
428
-3594
-13583
-16766
445
11442
4627
-13951
-22505
-12095
-2230
7999
8270
-562
-15149
-23280
-5873
13618
14377
-2890
-15742
-6529
2355
2464
-473
2437
9420
1899
-8786
-8400
2397
11012
6197
1619
1523
303
-2006
-2551
6446
13768
7774
-3511
-7306
2793
10948
8744
5826
5506
5234
-823
-4058
4157
11813
9152
-2521
-7700
-2236
823
-269
-1134
849
-1150
-9319
-11171
-3708
4100
2443
-6458
-9916
-6723
-2438
954
2151
1195
-2480
-3785
-535
1427
3331
4589
3702
1610
-168
2050
4657
5910
5886
3913
3598
3014
2574
4043
4539
4213
2833
3116
2650
-220
-42
2547
4187
765
-4611
-4584
878
3860
-1342
-7587
-6911
-3138
-1995
-4168
-7142
-8189
-8494
-6607
-5992
-441
3369
-4628
-16532
-18382
2053
14276
7418
-8775
-15691
-5771
-401
6702
12124
10208
-3534
-19885
-7784
16523
23603
6779
-11739
-5062
6372
8128
3573
2776
8555
1926
-7645
-5850
4476
9767
506
-4580
-1179
-97
-3584
-6375
1963
9758
4709
-5189
-7879
1431
6723
2732
1540
4202
3324
-6083
-9729
1891
11699
6251
-8633
-12367
-1853
3489
-678
-5040
-2196
-811
-7175
-9033
-2392
4317
1782
-5298
-4710
-104
809
-1306
2247
9776
7305
-2081
-4604
4619
12876
12083
6228
1605
1413
3693
8103
11869
11951
5214
-3018
-2844
3948
8849
5873
-647
-4033
-4619
-3601
-2472
44
1217
-3696
-9814
-10705
-5562
-1099
-2372
-6209
-8324
-7741
-6924
-6668
-4592
-2012
-2866
-6402
-7181
-5632
-3131
-2879
2799
9259
2059
-11845
-17177
4042
20626
14200
-4265
-13689
-2301
4339
9676
14708
15013
4398
-14034
-8257
13442
22531
9937
-8017
-4844
3219
2992
755
1822
7594
-141
-10354
-8102
-828
2939
-2887
-2726
46
-5383
-10128
-7886
3762
8844
424
-7913
-9700
-3391
1165
2849
5538
1101
-7085
-10100
-2353
7658
5043
-2995
-6368
-2655
471
-3459
-3621
1459
4224
-728
-6392
-2296
3320
3574
1888
3373
6273
2712
-1966
1482
10720
15650
7146
-2135
-81
8227
11841
7430
6310
6241
2054
-1573
666
9245
10321
837
-8239
-7874
766
3419
264
-3916
-8578
-10787
-9376
-2454
911
-3699
-10307
-12299
-6366
-1213
-1309
-3142
-4238
-4511
-5649
-3581
1878
4413
2071
-4271
-6431
-1387
4474
3790
-844
-3210
-2109
-2804
1963
10996
8718
-3985
-15241
-53
17207
16117
-152
-12043
-1909
4704
9423
11089
9680
2227
-12176
-6618
9532
15873
5914
-8741
-5192
601
-869
-4239
-2187
7081
2244
-9242
-12027
-5452
1114
-2386
-3038
18
-2878
-8824
-10609
-1235
6629
1512
-6071
-7509
-1712
-755
-4162
424
6496
5171
-4667
-9355
-1624
4803
5094
2058
2492
3186
-3768
-7398
268
12490
13345
852
-6531
-3025
4905
9075
8536
7780
2860
-3482
-4019
3705
12197
10149
3710
-1214
-2865
-2480
908
8420
11009
3951
-8429
-12415
-3499
5956
6176
-923
-5678
-6883
-7645
-6570
-2022
3830
2663
-5493
-10513
-6500
1027
2655
-133
-899
797
693
-2852
-2908
3667
8444
4450
-3560
-5067
-371
3188
3310
2832
1985
-1903
-7390
-5923
1296
5421
-424
-7922
-7954
-415
7294
1663
-7742
-11731
639
8820
3898
-4133
-7605
-837
932
6090
10455
6945
-3895
-13130
-171
16583
14409
-4002
-15262
-2057
10134
6255
-3430
-4545
3976
2280
-4318
-3988
713
1994
-3815
-2121
3710
366
-8174
-9828
1972
9473
846
-9213
-8371
1794
4050
-1490
-1409
1427
66
-6504
-5109
4699
6572
-1466
-7553
-1753
5083
1151
-4110
-1184
5786
4527
-3021
-4000
1069
4672
3352
1810
1696
-459
-1878
919
5824
6179
850
-2434
-678
2416
3097
2914
2862
1969
1253
1772
1445
583
2558
6165
5704
234
-2729
922
6162
6024
1729
-596
979
2771
2688
2692
2638
1098
-1417
-1458
1138
1813
-866
-3326
-2493
-1487
-3554
-5330
-3950
-2237
-3784
-6841
-7320
-5510
-5029
-5887
-5866
-5017
-6518
-9560
-10205
-5978
-3570
-5680
-10005
-4145
7374
3605
-10691
-17360
3659
19402
13250
-3240
-9538
1254
5340
11878
17480
15766
638
-14726
-52
22824
25011
5252
-8385
3839
13033
8518
387
2656
10972
3021
-6801
-5861
1792
2315
-6802
-5935
-1111
-3624
-11453
-13580
-2993
2340
-4899
-12880
-11161
-1897
-2240
-7958
-6717
-1700
-912
-8159
-8870
-905
3725
1234
-4086
-1863
1333
-300
-467
2491
5528
1686
-2056
819
4552
5777
3413
2878
3242
1849
1746
4238
7919
7356
3202
2700
5729
7950
7253
6155
8743
9831
8456
4993
3520
6602
8923
8735
4207
1541
2870
4047
2722
-512
-491
353
-2688
-6638
-6742
-2782
-2606
-7106
-8518
-6493
-5222
-8749
-10704
-7789
-5166
-6779
-11216
-10869
-7478
-6295
-7763
-7946
-6048
-6914
-8931
-7931
-3977
-2048
-4413
-5627
-3309
-146
-493
-1316
-677
1274
1942
2922
3292
5108
11262
11471
5262
-2876
4492
16474
17701
10540
1305
2437
3872
8747
15275
14964
7580
-5638
-4029
8429
13709
8421
-2285
-2282
-1017
-2636
-990
1680
4684
-3549
-11821
-9526
-4139
-2800
-9238
-9596
-5879
-8458
-13013
-13912
-6885
-2974
-7541
-10925
-9678
-4612
-4675
-6496
-1575
3051
1624
-5623
-6244
1885
6714
5404
1253
1792
3556
2295
3701
7637
9798
5498
1770
5249
8998
8902
6917
8501
10830
7617
3373
4403
10817
13456
7494
1357
1033
5660
8370
5861
2942
538
-367
-1171
-443
2530
1763
-1934
-6342
-6381
-3156
-2017
-2656
-4447
-4189
-5019
-7783
-8058
-4899
-1357
-3809
-9360
-10599
-6539
-2649
-4793
-8096
-7152
-4411
-4946
-8463
-7572
-2468
-216
-4003
-7430
-4283
505
848
-1362
-1057
259
-677
-611
2661
5132
1843
-1701
928
5795
5794
602
-1104
1999
4324
3458
1807
5071
8798
5049
-2631
-4264
7589
16487
11656
886
-4492
536
4037
8564
13181
10933
-653
-13301
-6020
11547
16351
3208
-9441
-4868
1315
-1541
-4547
328
5647
-2973
-13201
-10087
-1551
-993
-7752
-5907
-809
-6248
-15245
-13395
330
4594
-5094
-12266
-8336
-1097
-1851
-2875
1174
3658
447
-3271
-97
4844
5790
4876
4766
5201
3334
2110
5144
8482
8044
3877
1642
2958
5409
7583
6561
3407
1328
2900
5412
4247
1264
1047
3618
5024
2942
931
1691
1761
887
661
3210
3435
-1139
-3181
-896
2850
913
-2731
-2478
-1731
-3095
-6768
-5516
-2010
-2878
-6754
-9385
-7699
-6698
-6706
-5931
-5982
-7067
-8864
-8358
-6151
-4540
-3508
-3182
-3548
-4854
-4525
-928
1603
89
-1524
1133
4720
3533
-357
65
5174
8717
6489
1607
-140
1880
5572
6963
5511
2589
-723
-1953
177
5007
6254
447
-5547
-4664
3420
8430
2878
-5544
-6699
2166
7715
5514
1976
-372
-405
44
6763
13559
10399
178
-5623
2971
12553
10981
2431
-3221
-1014
642
978
715
-1949
-5019
-8551
-7626
-6004
-6713
-7753
-9472
-10117
-12386
-11842
-6897
-4129
-5820
-9437
-6996
-850
1102
-851
-2240
1512
4977
4178
3455
5232
7998
6860
4691
5982
7763
7478
5367
5512
6656
4491
1468
1185
4890
6854
3962
-36
-2262
-869
1550
3406
3676
535
-2931
-4133
-516
4205
3919
1007
-2975
-3988
-2597
866
4433
1840
-1944
-4746
-3772
-1746
-834
1621
526
-2881
-7330
-7032
-1760
19
-1034
-4066
-5206
-5434
-5490
-2515
-850
-316
-1775
-3099
-2803
-3639
-2138
1080
4198
2647
-2156
-2110
758
2746
2281
2765
4134
1531
-2387
-3637
105
4383
3719
-499
-4864
-5404
-3023
-643
237
-1056
-2930
-5945
-7240
-3280
1199
1890
-3010
-4909
-3140
-1369
897
1160
6362
7517
3081
-3463
-2192
11537
16158
12967
5067
1911
3188
4808
14704
18082
11811
-1227
-6604
3669
10211
9512
2115
-2405
-2813
-5282
-2384
-763
-1310
-5514
-9617
-7891
-8959
-10015
-9706
-5800
-2529
-6598
-10473
-11319
-7109
-2102
-976
-1388
-3969
-4828
-3866
-458
4011
3338
234
-1702
389
2891
2137
1459
1850
3841
3680
1270
939
2481
4450
4330
4531
4668
2380
428
975
5137
7457
4820
422
-1320
1944
5560
7008
5699
2066
484
1904
5004
5750
4126
3434
1514
-425
-1044
1181
2929
-2
-2877
-3430
-2323
-4256
-7238
-5192
-1713
-2286
-8252
-11467
-8588
-4830
-3295
-5058
-7073
-8842
-9123
-6365
-2662
-336
-2066
-4816
-5157
-3203
-275
1873
3126
2457
285
-813
318
3059
4965
4294
2452
635
107
445
675
1475
1567
1319
-29
-1663
-1277
245
2508
2838
2182
1732
149
-56
1510
4631
5490
2936
2079
1790
3074
4339
6715
9926
7530
3196
862
5695
8825
4574
2604
4427
5855
129
-2724
1819
3877
-162
-6019
-4154
-1437
-4826
-8883
-7389
-1734
-2858
-8640
-11453
-9189
-5008
-5110
-6228
-6614
-6309
-7191
-7226
-1233
3302
753
-5506
-4810
3377
6954
3363
-504
2929
7564
5528
1996
2580
6324
6472
3053
1352
1344
1856
1090
1063
2661
1643
-1712
-4185
-2386
1389
2454
1783
-371
-1776
-1349
436
4390
6380
5231
1014
-1671
1587
6285
8614
4556
-716
-1680
916
4089
3016
1095
-719
-1818
-2075
-2741
-1829
-1316
-1591
-3833
-6395
-5731
-4441
-4490
-6038
-5609
-3178
-3605
-6605
-8012
-4235
555
-48
-4292
-6480
-3706
396
1743
533
-1922
-3258
-2191
827
3342
2444
-255
-1496
17
1874
1954
1427
1727
2285
1397
635
1675
3746
4009
2778
2578
2669
2753
2535
3981
5756
5012
2486
211
1980
3764
3705
2927
2100
1139
-1773
-638
2577
3881
1154
-2281
-1031
280
1657
411
-1309
-1738
-1133
961
-777
-2255
-2798
-1661
74
-837
-2060
-4536
-3769
-2294
-2914
-3450
-4457
-3889
-4992
-5458
-4292
-3556
-2925
-4796
-4615
-2320
-394
-765
-2660
-211
3071
3850
2321
2872
6497
6650
4495
3997
7642
10287
8065
5326
4820
7003
7132
5556
4838
4320
2923
250
356
1924
1649
-824
-3691
-4493
-4265
-3623
-3250
-3937
-5413
-6900
-6582
-4198
-2845
-3776
-5032
-4422
-2888
-2853
-2450
-1099
-5
-812
-3060
-2846
-590
1265
409
-1216
-796
-640
-987
-1026
239
1114
-551
-2148
-2163
-480
322
-233
424
880
-600
-2915
-1502
3495
5203
1542
-2206
-240
4429
5116
3100
3049
4799
4257
2269
3324
5728
5527
3139
2585
4121
3453
1032
855
3680
4160
-214
-3424
-2116
173
-1221
-4106
-4300
-3538
-4447
-6885
-7302
-5544
-4839
-6057
-7805
-7798
-7039
-6412
-6047
-5952
-5624
-5266
-4453
-3643
-3124
-2743
-1747
447
2718
3422
2627
2422
4828
8508
9728
8075
6694
8206
10360
10880
10527
10072
9143
7179
6951
9044
10348
7909
3567
2089
3218
4179
2852
809
-363
-1552
-2842
-3399
-1826
-821
-2670
-5340
-6028
-4070
-2393
-2365
-3765
-5295
-5406
-4761
-3896
-3613
-4177
-5358
-6883
-7155
-5520
-3560
-3971
-6397
-6953
-4983
-3995
-4973
-5345
-3773
-2355
-2887
-3707
-3424
-1568
-136
-381
-627
-428
187
68
747
2607
3714
3440
1724
1312
3024
5709
6941
5608
4110
3596
4481
6127
7470
7283
4917
3058
3979
6290
6434
4024
2685
3332
3220
1240
277
1948
2962
649
-2432
-2467
-397
191
-1263
-2516
-3019
-4031
-5337
-5369
-3284
-1412
-2431
-5790
-7908
-6426
-3977
-3014
-3710
-4692
-5502
-6065
-4857
-2494
-465
-624
-2260
-3088
-2526
-855
477
1611
1894
482
-1522
-2117
-150
2286
2912
1240
-1454
-2569
-721
2054
2966
1345
314
1142
1734
2009
2694
5481
6601
4376
2250
3226
7588
8779
7306
5508
5417
6379
5424
5535
5829
6838
5941
3195
2260
2286
3614
2973
2025
1174
-210
-843
-2216
-1734
-571
454
-1050
-4830
-5122
-2600
-237
-2901
-6800
-6374
-3550
-2083
-5420
-8055
-7616
-5675
-4843
-7019
-7940
-7697
-6522
-6318
-7027
-5880
-5077
-5071
-6728
-6628
-2786
154
-819
-4788
-4800
-617
2087
1934
1327
2352
2120
785
2228
6642
9064
5826
1352
2222
7220
9679
7505
4653
4912
6051
5634
4735
4851
5609
3800
817
5
1687
2817
491
-1699
-1625
-618
-887
-2066
-1573
-1189
-1852
-2550
-1677
114
16
-1363
-2389
-1774
-372
-126
-908
-1559
-1055
-577
-1356
-1991
-1385
-765
-1860
-3580
-3171
-1114
-187
-1679
-3610
-3046
-871
144
-455
-538
437
17
-1004
619
4026
4512
1031
-629
2382
5625
4813
2045
2240
4342
4323
2431
2287
4249
4297
1905
512
1554
2227
817
-645
-697
-557
-1829
-3009
-2934
-2624
-3595
-4529
-3446
-2589
-3956
-6242
-5693
-2833
-1421
-2205
-3393
-2887
-1961
-1529
-598
1301
2690
1380
-677
-14
3135
5295
4327
2477
2299
2835
2960
3291
5091
6072
3288
-106
-74
3040
3970
1752
587
741
276
-1909
-2134
328
1325
-524
-3516
-3565
-1896
-987
-1142
-1859
-1982
-3090
-3832
-2991
-1442
-1140
-2656
-3002
-2812
-3248
-3613
-2082
95
-843
-3844
-5362
-3377
-1116
-1102
-2101
-2490
-2794
-4272
-3763
-491
2030
132
-3283
-2651
355
2166
1462
1372
2423
2254
1640
1534
2972
3809
3948
4827
5244
4461
2585
3250
6292
7804
6191
3103
2316
3470
5039
5439
3593
847
-805
483
2618
2381
-188
-1977
-780
868
367
-1295
-1685
-899
-901
-1509
-1192
-113
-395
-2516
-3642
-1582
1341
815
-2723
-4244
-1768
973
575
-1125
-1591
-1548
-1946
-1601
70
324
-1915
-3689
-2466
-289
-693
-2508
-2977
-2096
-2271
-3334
-2989
-1828
-1955
-3571
-3518
-1503
-818
-2684
-3897
-1441
1327
992
-1208
-1574
-235
212
670
2185
3394
1706
-686
240
3431
5106
3550
1991
2134
2763
3030
3115
4096
4394
3085
1341
1130
3130
4288
3792
2775
2432
2441
1520
1422
2132
3091
3107
1462
-187
-1370
-486
1092
1358
-286
-3122
-3653
-2578
-1655
-2112
-3013
-3447
-5448
-7086
-5966
-2797
-2362
-6156
-8565
-6819
-3929
-4181
-5777
-5055
-3466
-3894
-5154
-3610
-574
-339
-2542
-2512
570
2343
745
-435
1779
4325
3878
2141
3001
5338
5493
4017
3897
5300
5399
4542
5005
6168
5759
4013
3818
5105
5300
3917
3360
4504
4345
1902
560
2609
4594
2409
-1483
-2237
154
1467
318
-710
-1053
-2276
-3857
-2878
152
588
-2626
-5189
-3707
-943
-786
-2319
-2828
-2351
-3081
-4216
-3523
-2015
-2303
-4057
-4055
-2564
-2610
-4332
-4815
-2934
-1544
-2172
-3260
-3035
-1956
-1734
-1893
-1255
-172
-1
-644
-134
1210
1566
1098
1567
3250
3522
1988
1221
2729
4931
4849
3139
2035
2463
3377
3448
3339
2739
1510
500
872
2037
1504
59
-255
579
488
-704
-807
-254
-492
-1092
-303
774
-262
-2156
-1720
944
1908
-150
-2234
-1605
267
664
-295
-1020
-1046
-1428
-1954
-1746
-962
-856
-2125
-3298
-3316
-2489
-1968
-1975
-1906
-2175
-2621
-2568
-1347
-1
-142
-1017
-1215
-212
604
878
1543
2155
1770
457
410
2147
3584
3070
1161
264
1008
2323
2968
2576
1629
263
-502
425
2339
2674
350
-1563
-310
2219
2338
355
-92
1657
2637
1654
992
2301
3805
3542
2431
2290
3112
3452
2924
2446
2460
2343
1534
546
205
248
-282
-1612
-2877
-3448
-3908
-4847
-5977
-6625
-6657
-6522
-6572
-7002
-7514
-7467
-6778
-6097
-5779
-5229
-4281
-3844
-4061
-3556
-1721
-226
-324
-521
781
2289
2165
1527
2509
4280
4523
3662
3799
4875
5006
4234
4387
5498
5742
4487
3452
3837
4774
5042
4564
4129
3848
3468
3114
3154
3578
3549
2824
1869
1151
671
481
1046
1518
527
-1629
-2803
-2001
-1204
-2019
-3556
-4172
-4078
-4410
-4639
-3909
-3198
-4067
-5705
-5827
-4386
-3459
-3711
-3955
-3769
-4036
-4643
-4180
-2845
-2076
-2233
-2126
-1333
-1258
-1819
-1544
437
2403
2114
526
-135
1450
3592
4416
3968
2937
2368
2368
3519
5061
5268
4012
2592
2727
3407
3439
3003
2829
2940
2169
1051
529
1031
1751
1571
716
-357
-698
-405
-61
88
77
148
-511
-1654
-2024
-847
790
750
-782
-2108
-1996
-1146
-659
-324
-127
-783
-2717
-4179
-2968
-144
806
-1505
-4167
-4070
-2157
-1063
-1158
-1064
-879
-1771
-2659
-1568
843
1743
339
-932
-562
454
911
1233
1883
1879
781
-331
-64
1292
2201
1923
826
-91
-275
248
895
856
170
-316
-31
257
-260
-674
234
1616
1356
-373
-946
558
1819
1020
-136
435
1494
780
-767
-458
1313
1517
-385
-1430
-174
998
137
-981
-274
762
-174
-1720
-1036
974
1015
-849
-1418
-68
436
-688
-916
508
874
-1101
-2750
-1749
337
729
-610
-1670
-1473
-746
-318
-76
292
480
100
-401
-144
729
1118
701
397
702
829
367
174
828
1408
860
-199
-448
150
534
288
112
264
27
-757
-962
57
1027
665
-336
-523
158
613
560
584
819
857
481
-64
-531
-510
217
806
52
-1742
-2591
-1707
-696
-912
-1542
-1446
-1399
-2179
-2561
-1262
545
752
-431
-1151
-645
395
1430
2195
1931
654
-26
1158
2975
3312
2260
1451
1487
1654
1750
2151
2437
1872
781
203
205
177
118
239
65
-908
-1904
-1756
-827
-494
-1055
-1495
-1341
-1239
-1380
-1014
-91
77
-1078
-1902
-818
974
904
-1058
-2167
-1039
422
57
-1372
-1783
-1211
-1336
-2393
-2799
-1974
-1234
-1579
-2305
-2510
-2387
-2096
-1246
-25
418
-204
-527
311
1451
1938
2376
3341
3766
2772
1811
2891
5107
5604
3877
2563
3340
4488
4074
3059
3189
3720
2864
1247
935
1775
1610
-17
-1287
-1365
-1484
-2262
-2592
-2148
-2451
-4193
-5477
-4440
-2385
-2149
-4064
-5506
-4806
-3292
-2722
-2875
-2840
-2857
-3220
-3024
-1756
-638
-727
-1108
-647
12
-33
8
1041
2005
1502
335
319
1413
2119
1987
1754
1584
1108
985
2135
3639
3443
1669
1003
2714
4606
4266
2646
2229
3132
3505
2892
2662
3133
2936
1705
910
1378
1874
1231
319
273
365
-599
-1919
-1930
-834
-602
-2094
-3876
-4220
-3268
-2522
-2859
-3748
-4312
-4443
-4409
-4076
-3268
-2575
-2891
-3934
-4313
-3255
-1625
-894
-1381
-2053
-1845
-787
223
484
270
466
1258
1851
1615
1149
1451
2366
2815
2356
1738
1619
1803
1985
2268
2571
2359
1647
1268
1769
2628
3065
2946
2572
2195
2063
2499
3212
3448
2983
2456
2306
2089
1607
1428
1803
1812
779
-373
-672
-650
-1192
-1643
-1059
-608
-1960
-4109
-4212
-2085
-908
-2360
-4192
-3977
-2848
-2985
-3745
-3195
-1926
-2284
-4077
-4544
-2788
-1154
-1500
-2636
-2789
-2273
-2243
-2374
-1601
-426
-417
-1722
-2669
-2056
-675
72
10
-169
-341
-858
-1155
-62
2018
2814
1213
-610
56
2622
4147
3544
2629
2792
3272
3425
4168
5751
6273
4576
2760
3392
5617
6422
5044
3545
3235
3326
3091
3046
3299
2863
1590
677
725
814
260
-214
-165
-443
-1602
-2656
-2620
-2056
-2018
-2657
-3574
-4526
-5038
-4497
-3439
-3378
-4728
-5993
-5877
-4884
-4106
-3762
-3715
-4221
-4897
-4486
-2697
-1174
-1416
-2470
-2383
-982
263
550
475
677
1072
1367
1601
2019
2648
3148
3013
2399
2229
3037
3988
3955
3356
3336
3750
3493
2813
3098
4117
4021
2468
1500
2200
2854
1953
712
793
1251
381
-990
-894
276
196
-1497
-2673
-2249
-1490
-1627
-2176
-2428
-2716
-3260
-3483
-3157
-2956
-3085
-2940
-2641
-3000
-3789
-3590
-2175
-1147
-1427
-2011
-1812
-1242
-821
-172
686
868
200
-18
911
1885
1822
1254
1241
1613
1582
1230
1318
1944
2139
1217
-25
19
1543
2577
1518
-332
-404
1241
2046
1133
506
1400
2127
1247
416
1442
2905
2480
979
946
2141
2162
849
584
1929
2379
660
-996
-458
909
709
-696
-1380
-1176
-1395
-2085
-2089
-1462
-1479
-2430
-3147
-2784
-1828
-1221
-1404
-2039
-2217
-1419
-376
-216
-661
-493
218
309
-291
-229
832
1390
614
-335
-182
586
818
471
154
-46
-338
-436
-97
163
-204
-810
-822
-303
-111
-463
-644
-266
85
-57
-184
247
898
1110
866
688
823
1165
1636
2049
1943
1178
533
814
1553
1579
756
134
144
-33
-783
-1184
-660
-315
-1177
-2423
-2634
-1946
-1615
-1905
-2063
-1895
-2035
-2558
-2510
-1420
-272
-321
-1377
-1954
-1128
361
1110
709
-2
-31
736
1611
1857
1449
1131
1438
1940
1920
1602
1691
1983
1675
899
804
1556
1799
788
-317
-152
727
833
-4
-667
-500
-115
-117
-294
-233
48
126
-97
-271
16
724
1199
907
150
-97
557
1299
1281
655
156
-33
-192
-139
334
526
-385
-1634
-1613
-508
-176
-1117
-1602
-854
-538
-1604
-2236
-925
561
-36
-1656
-1783
-597
-157
-528
-196
496
-147
-1565
-1313
656
1539
339
-606
142
771
-33
-371
1285
2748
1479
-927
-1066
943
2120
1451
607
395
-98
-781
-306
1142
1526
188
-1095
-958
-237
-60
-49
366
446
-585
-1712
-1327
238
865
-256
-1382
-1056
-340
-789
-1461
-614
738
158
-1825
-2142
-288
829
-165
-993
-74
560
-681
-1557
188
2400
1658
-939
-1388
864
2391
1519
375
698
1255
795
488
1361
2045
1132
-132
119
1154
1061
83
-45
642
454
-711
-1037
77
825
-95
-1329
-1148
-47
224
-559
-1053
-642
-158
-433
-992
-1017
-563
-344
-732
-1295
-1472
-1184
-796
-735
-1113
-1635
-1757
-1279
-686
-666
-1224
-1535
-1090
-438
-295
-533
-497
-153
80
251
628
978
887
779
1332
2132
2200
1672
1717
2489
2837
2362
2106
2690
3113
2496
1722
2000
2910
2973
1937
1067
1252
1998
2221
1552
612
253
607
990
813
208
-309
-521
-564
-479
-315
-479
-1223
-1971
-1863
-1111
-922
-1720
-2552
-2602
-2316
-2364
-2425
-2173
-2286
-3252
-4013
-3348
-2109
-2092
-3230
-3764
-3133
-2662
-2899
-2730
-1754
-1374
-2310
-2956
-1884
-263
7
-704
-682
167
542
368
808
1878
2242
1623
1353
2056
2711
2537
2239
2511
2833
2615
2250
2253
2341
2202
2167
2426
2435
1798
1139
1262
1963
2300
1803
1058
836
1121
1286
1144
1130
1330
1108
262
-244
353
1221
991
-180
-894
-599
-184
-402
-878
-1122
-1301
-1674
-1982
-1940
-1870
-2175
-2671
-2863
-2710
-2598
-2797
-3157
-3236
-2875
-2463
-2545
-2952
-2831
-1966
-1322
-1641
-2069
-1332
93
562
-118
-288
846
2013
2133
1963
2445
2951
2752
2663
3586
4591
4284
3180
2932
3742
4278
3950
3494
3369
3111
2520
2152
2289
2400
1993
1308
708
163
-291
-367
-149
-332
-1206
-2045
-2140
-1901
-2120
-2498
-2267
-1785
-2154
-3180
-3396
-2425
-1644
-1881
-2256
-2167
-2308
-2880
-2701
-1426
-713
-1686
-2953
-2848
-1967
-1721
-1912
-1723
-1596
-2247
-2884
-2317
-1184
-998
-1641
-1716
-1022
-682
-955
-800
192
1022
1030
802
1018
1484
1863
2464
3352
3676
2928
2073
2493
3935
4643
3856
2775
2655
3040
2917
2596
2842
3077
2200
789
554
1549
1949
886
-302
-357
68
-131
-784
-1072
-978
-1028
-1297
-1591
-1852
-1983
-1774
-1456
-1646
-2280
-2484
-1916
-1402
-1619
-2028
-1896
-1514
-1485
-1561
-1179
-621
-609
-1011
-1026
-489
50
328
573
643
295
107
852
1953
2062
1245
977
1714
2221
1831
1509
2005
2485
2033
1262
1178
1596
1703
1427
1204
957
435
-25
133
645
625
-161
-918
-891
-384
-185
-405
-583
-631
-892
-1209
-930
-153
100
-598
-1365
-1348
-922
-715
-606
-543
-1032
-2004
-2302
-1463
-733
-1194
-2074
-2223
-1951
-2039
-2193
-1782
-1296
-1560
-2152
-2087
-1489
-1245
-1349
-1049
-434
-418
-1072
-1223
-222
926
1000
244
-92
452
1221
1673
1861
1823
1443
1117
1580
2651
3130
2452
1626
1700
2276
2509
2490
2666
2627
1845
1096
1481
2514
2657
1673
886
1007
1244
950
595
670
761
407
-133
-560
-881
-957
-612
-395
-1119
-2329
-2618
-1763
-1218
-1881
-2798
-2817
-2321
-2179
-2232
-2018
-1925
-2389
-2660
-1885
-782
-722
-1521
-1673
-780
-94
-322
-460
285
957
501
-226
291
1606
1897
971
589
1508
2262
1712
942
1391
2481
2593
1649
1043
1416
1970
1972
1655
1343
967
572
558
918
975
400
-258
-402
-208
-106
-130
-184
-374
-670
-671
-332
-212
-499
-612
-277
-160
-688
-1141
-824
-346
-578
-1178
-1310
-1156
-1370
-1714
-1535
-1142
-1354
-1924
-1906
-1351
-1188
-1495
-1376
-700
-426
-825
-912
-163
535
483
295
650
1050
929
830
1342
1816
1436
798
975
1595
1467
719
532
1004
966
144
-257
262
544
-190
-939
-691
-159
-415
-1001
-947
-625
-916
-1339
-878
-91
-438
-1556
-1543
-182
543
-364
-1282
-707
340
276
-402
-271
458
461
-192
-202
595
945
399
39
518
1006
750
322
556
1142
1269
912
647
727
948
1223
1473
1414
1002
736
1008
1446
1542
1423
1450
1463
1159
917
1254
1817
1764
1133
771
935
1009
729
607
827
728
-9
-622
-488
-182
-457
-972
-1120
-1247
-1880
-2443
-2149
-1580
-1858
-2753
-3101
-2835
-2832
-3042
-2671
-2077
-2468
-3548
-3607
-2339
-1466
-1924
-2517
-2194
-1661
-1696
-1590
-729
-64
-494
-1062
-453
707
980
543
726
1629
1992
1506
1374
2258
3155
3088
2597
2624
3047
3218
3242
3527
3655
3065
2364
2562
3272
3108
1985
1323
1702
1927
1090
159
224
600
64
-971
-1216
-817
-963
-1718
-1981
-1581
-1600
-2316
-2678
-2197
-1808
-2191
-2610
-2412
-2206
-2527
-2700
-2131
-1640
-2157
-2950
-2694
-1684
-1352
-1914
-2197
-1690
-1224
-1295
-1228
-613
-141
-332
-457
180
933
937
650
1086
1963
2105
1505
1426
2298
2985
2686
2170
2371
2842
2740
2413
2649
3137
2947
2235
2063
2555
2726
2262
1981
2180
2068
1378
1066
1601
1874
1000
-39
91
824
618
-511
-1104
-730
-575
-1269
-1905
-1745
-1568
-2208
-2998
-2862
-2163
-2174
-3014
-3511
-3092
-2496
-2494
-2763
-2685
-2410
-2348
-2335
-1945
-1402
-1288
-1530
-1504
-997
-505
-419
-536
-433
-80
256
353
242
246
567
976
1073
886
821
1036
1247
1307
1435
1617
1488
1104
1113
1661
1918
1428
975
1239
1567
1126
553
884
1555
1210
104
-155
712
1163
463
-165
187
595
164
-323
76
623
250
-474
-414
113
-33
-674
-624
9
-86
-1080
-1597
-947
-267
-614
-1402
-1642
-1403
-1319
-1368
-1211
-1126
-1486
-1852
-1539
-849
-705
-1127
-1248
-720
-214
-219
-310
-34
389
558
632
947
1268
1244
1140
1459
2066
2272
1933
1684
1949
2319
2310
2141
2151
2160
1866
1517
1584
1828
1633
1043
672
740
752
422
67
-93
-215
-459
-693
-809
-960
-1171
-1303
-1434
-1640
-1702
-1486
-1380
-1783
-2227
-1949
-1252
-1170
-1786
-2072
-1543
-1018
-1211
-1585
-1419
-1045
-1102
-1346
-1170
-794
-854
-1231
-1214
-725
-405
-505
-592
-419
-252
-134
232
745
857
555
551
1168
1800
1844
1641
1747
2021
2074
2043
2314
2603
2353
1794
1685
2129
2347
1856
1209
1047
1154
1002
658
459
242
-265
-692
-572
-368
-857
-1691
-1766
-1148
-1149
-2113
-2706
-2057
-1280
-1646
-2530
-2603
-1973
-1669
-1791
-1653
-1319
-1469
-1826
-1463
-511
-139
-666
-984
-394
331
288
-88
107
730
939
559
309
586
975
1044
922
871
806
609
564
922
1307
1116
474
194
635
1205
1207
801
605
711
812
916
1218
1448
1188
744
865
1502
1782
1395
1072
1263
1441
1189
997
1225
1306
770
232
357
639
305
-344
-501
-342
-561
-1019
-1077
-872
-1091
-1576
-1562
-1149
-1117
-1519
-1612
-1208
-1006
-1235
-1237
-786
-563
-883
-1073
-603
-61
-188
-617
-575
-101
137
-73
-278
-232
-83
9
75
38
-268
-599
-521
-78
149
-218
-806
-998
-685
-279
-180
-442
-788
-857
-601
-313
-250
-282
-158
24
-39
-222
-76
415
753
652
407
319
347
473
809
1140
933
231
-162
232
792
717
142
-237
-237
-194
-214
-166
-161
-392
-645
-546
-290
-296
-447
-311
57
131
-108
-107
300
690
741
639
599
612
733
1038
1270
1077
663
619
980
1162
909
606
580
658
608
491
411
323
276
318
287
72
-80
93
342
217
-151
-216
115
374
234
-76
-197
-81
85
173
94
-153
-388
-422
-281
-168
-227
-469
-749
-847
-664
-441
-518
-820
-919
-721
-564
-637
-709
-589
-496
-559
-539
-302
-158
-319
-428
-177
170
189
-23
-18
205
353
399
469
542
469
411
598
834
773
481
427
691
829
579
278
303
436
332
74
-42
-39
-171
-418
-523
-480
-548
-809
-981
-921
-899
-1010
-1098
-1088
-1083
-1161
-1157
-945
-799
-935
-1049
-845
-545
-477
-595
-528
-250
-130
-239
-267
-40
228
258
149
99
190
352
500
585
585
545
537
609
722
860
1006
1039
892
721
738
978
1227
1199
926
646
592
772
961
954
745
494
337
324
415
505
469
257
38
-39
-5
43
55
36
-73
-281
-403
-307
-140
-175
-394
-489
-370
-263
-349
-470
-425
-297
-291
-408
-464
-406
-332
-327
-367
-422
-480
-455
-362
-318
-393
-522
-515
-371
-286
-324
-392
-364
-258
-193
-210
-224
-159
-69
-17
-26
-46
-2
85
167
192
175
134
122
166
243
305
300
212
114
132
285
411
329
114
34
160
299
253
106
62
80
63
24
46
81
20
-86
-114
-48
-27
-78
-116
-115
-97
-121
-164
-172
-150
-88
-51
-119
-245
-267
-134
-28
-81
-208
-257
-212
-153
-127
-109
-126
-189
-214
-132
-18
3
-34
-29
22
51
89
190
277
243
154
188
354
488
433
296
270
370
488
504
427
350
339
373
400
392
360
314
281
270
250
203
166
189
235
174
9
-99
-47
78
88
-37
-201
-298
-299
-210
-106
-153
-390
-611
-592
-407
-304
-404
-582
-678
-678
-618
-526
-477
-516
-610
-638
-538
-439
-447
-463
-362
-238
-251
-358
-341
-122
67
39
-75
-48
116
238
248
279
356
389
389
452
609
675
580
543
669
833
840
747
735
788
756
687
740
841
746
460
311
453
596
417
56
-78
68
126
-136
-442
-468
-350
-389
-605
-764
-764
-777
-846
-840
-784
-838
-1010
-1072
-905
-753
-826
-934
-856
-706
-688
-718
-606
-446
-449
-511
-331
-37
-13
-237
-249
144
503
438
169
166
455
705
797
816
817
765
751
928
1151
1171
1019
971
1078
1091
932
869
1063
1224
1010
577
415
628
837
745
432
164
31
-30
-16
41
-40
-341
-640
-682
-581
-643
-839
-880
-750
-793
-1095
-1281
-1047
-692
-669
-913
-1028
-902
-751
-660
-488
-268
-267
-516
-629
-297
183
297
5
-267
-164
153
319
236
96
50
63
59
48
99
168
151
44
-58
-32
94
177
148
95
105
143
161
186
261
348
372
343
330
341
342
394
547
642
490
238
235
527
726
543
236
218
405
418
225
137
234
202
-53
-230
-164
-74
-207
-416
-469
-453
-594
-768
-714
-522
-519
-746
-893
-758
-525
-436
-444
-450
-422
-361
-253
-80
34
37
24
93
218
283
326
398
446
403
362
447
562
560
448
410
514
553
446
354
403
491
413
248
190
235
240
155
94
83
12
-107
-142
-85
-67
-176
-298
-293
-245
-268
-306
-311
-302
-327
-363
-360
-324
-308
-327
-333
-331
-334
-335
-315
-267
-247
-278
-312
-286
-200
-118
-105
-126
-104
-53
-14
12
103
227
255
184
160
290
462
505
450
450
502
521
540
638
745
694
512
464
628
741
616
382
326
423
404
242
94
46
-2
-125
-222
-260
-352
-530
-652
-607
-565
-711
-907
-946
-868
-838
-881
-901
-885
-901
-911
-789
-616
-583
-661
-647
-469
-293
-261
-272
-193
-61
24
69
142
203
226
302
461
599
569
446
483
738
965
936
745
672
820
1014
1082
998
865
807
854
902
878
772
680
649
573
416
294
267
278
200
-4
-193
-305
-361
-362
-346
-405
-626
-860
-888
-741
-668
-785
-942
-984
-948
-935
-894
-778
-714
-782
-851
-748
-532
-419
-436
-395
-236
-116
-115
-79
105
313
371
318
301
380
502
613
667
623
512
470
558
645
609
478
384
378
356
301
291
295
225
115
64
96
130
99
57
50
44
29
26
39
35
10
0
21
7
-77
-148
-148
-110
-109
-173
-263
-319
-330
-308
-261
-274
-375
-453
-412
-290
-253
-323
-354
-281
-191
-170
-173
-140
-99
-71
-14
61
48
-39
-49
79
190
130
5
-17
71
143
142
131
133
115
89
134
223
258
219
187
199
215
242
271
313
307
245
233
286
317
303
291
312
315
242
181
241
350
328
182
94
147
182
96
18
46
50
-109
-310
-323
-192
-219
-435
-606
-595
-563
-678
-770
-692
-624
-767
-973
-943
-700
-595
-715
-790
-694
-603
-610
-536
-307
-150
-233
-336
-183
102
262
286
350
471
517
518
646
883
1009
954
874
910
1015
1081
1106
1110
1064
993
960
955
934
885
858
809
647
458
390
442
397
188
-20
-111
-164
-301
-443
-476
-512
-692
-915
-969
-875
-850
-983
-1121
-1104
-1032
-1043
-1090
-1048
-944
-905
-956
-970
-842
-657
-593
-642
-622
-439
-284
-274
-294
-166
62
87
29
68
283
373
318
344
465
557
467
473
640
776
657
475
589
829
861
699
603
698
740
677
684
729
705
543
432
497
544
429
274
238
274
179
-16
-89
-57
-44
-156
-286
-338
-392
-457
-497
-471
-431
-526
-668
-657
-540
-484
-529
-560
-468
-383
-397
-394
-310
-199
-154
-153
-92
-16
-7
-15
49
164
190
99
64
151
226
199
123
121
183
178
125
124
164
163
122
99
138
171
116
59
90
153
152
97
77
116
149
124
95
106
114
96
67
60
59
35
10
-1
6
-19
-68
-94
-88
-88
-108
-126
-128
-127
-138
-126
-117
-112
-92
-73
-62
-73
-72
-34
3
0
-12
-19
-19
6
13
15
4
-26
-50
-52
-44
-45
-48
-68
-86
-95
-97
-87
-74
-64
-82
-104
-93
-62
-38
-40
-32
-38
-59
-56
-33
20
42
17
-7
-1
49
85
89
107
111
94
84
110
155
166
140
117
129
143
141
137
149
137
91
62
73
108
97
40
14
33
27
-11
-12
16
13
-36
-93
-71
-4
-5
-54
-76
-58
-50
-87
-92
-41
-20
-63
-105
-90
-46
-38
-60
-63
-33
-34
-65
-56
-25
-8
-31
-56
-49
-35
-47
-63
-15
10
-24
-56
-47
1
13
-9
-16
-3
5
-5
-9
6
19
2
-19
-25
-13
4
13
0
-15
-14
-12
5
19
18
18
-2
-3
10
17
24
28
37
31
22
23
35
48
46
33
21
28
28
16
10
26
41
29
15
20
46
70
63
49
54
71
61
44
67
98
88
34
7
41
64
44
28
27
32
-3
-47
-26
3
-5
-58
-105
-102
-93
-109
-117
-96
-89
-129
-165
-143
-81
-59
-92
-104
-82
-63
-50
-27
-13
-8
-4
-6
27
59
60
45
43
59
58
48
41
43
61
57
38
22
26
38
43
33
3
-18
-22
-9
3
8
-10
-30
-22
-11
-8
-7
-10
-22
-31
-30
-18
7
7
-9
-19
-23
-7
2
0
-5
-6
-16
-31
-21
7
16
-5
-22
-25
-9
3
-2
-2
-4
-19
-33
-11
16
29
20
2
8
16
14
20
31
31
8
-9
9
32
36
28
26
27
32
17
19
30
28
19
7
17
8
3
23
31
24
11
2
9
16
11
-5
-11
-16
-27
-18
0
5
-19
-31
-22
-10
5
0
-3
-3
-9
-8
3
8
16
-5
-27
-25
-13
-18
-21
-31
-45
-31
-64
2
-40
-6
-30
-67
-11
-76
27
-55
3
-27
-55
-7
-54
25
-53
-26
-27
-36
8
-26
-7
3
-18
15
-7
11
9
-8
1
8
27
7
24
18
39
42
35
44
53
62
66
57
41
41
37
57
48
49
43
42
35
22
35
37
33
12
1
8
-1
-4
-10
-18
-12
-29
-35
-43
-59
-62
-66
-63
-68
-70
-66
-66
-66
-65
-53
-53
-51
-55
-66
-53
-43
-31
-29
-24
-19
-14
-3
0
2
12
18
31
42
46
51
51
66
80
97
74
73
62
89
92
101
76
80
86
-15
115
73
138
77
44
42
-76
17
-35
68
87
-21
-17
-50
-53
-56
-101
-18
-52
-52
-80
-106
-113
-145
-123
-128
-37
-76
-107
-111
-123
-83
-113
-96
-62
-43
-29
-50
-83
-48
-59
-55
-17
-17
9
0
-16
5
24
33
37
50
58
47
46
45
79
76
87
82
75
95
81
91
82
90
89
85
85
62
50
38
42
37
36
59
51
58
51
6
8
-9
16
19
16
1
-27
-24
-41
-34
-34
-20
-14
-27
-21
-33
-49
-71
-55
-37
-34
-38
-57
-53
-52
-64
-63
-61
-45
-22
-30
-45
-65
-78
-62
-47
-33
-20
-17
-20
-37
-40
-29
-13
0
7
32
38
15
-5
0
30
46
45
47
56
63
64
65
75
80
63
66
76
78
70
50
41
39
52
42
52
41
26
18
-4
-5
-31
-36
-42
-28
-7
-19
-30
-59
-69
-71
-65
-62
-56
-45
-54
-54
-78
-84
-83
-73
-71
-61
-38
-37
-39
-72
-67
-49
-23
-14
-19
-10
-28
-21
-15
-14
-1
23
34
37
37
34
41
35
55
75
81
77
63
73
78
72
74
66
77
84
78
70
59
48
32
33
26
18
13
5
1
2
-18
-22
-31
-43
-38
-46
-35
-42
-47
-49
-48
-37
-47
-44
-54
-55
-58
-59
-36
-23
-20
-43
-46
-37
-20
-6
5
17
5
5
3
10
23
21
15
21
27
15
13
25
42
44
33
34
33
36
30
33
35
32
23
2
12
24
20
2
-11
-8
-3
1
-6
-11
-22
-24
-24
-16
-10
-24
-48
-53
-50
-62
-48
-39
-36
-29
-40
-42
-43
-32
-22
-22
-17
-13
-2
-4
2
9
9
6
2
15
12
6
9
22
38
35
35
37
44
46
34
33
44
47
45
42
30
24
3
-10
-8
3
23
11
-7
-19
-18
-20
-31
-41
-37
-30
-24
-30
-37
-37
-45
-46
-46
-24
-12
-11
-15
-10
-10
-25
-28
-19
8
13
0
0
8
18
2
12
24
33
41
22
25
27
30
19
27
34
25
25
8
3
-3
-4
8
27
41
37
32
32
24
13
21
30
27
21
18
7
7
5
-3
10
1
2
6
0
-2
-14
-16
-21
-19
-24
-29
-27
-40
-37
-46
-40
-34
-43
-47
-43
-31
-47
-38
-52
-51
-22
-37
-28
-33
-33
-25
-32
-18
-12
-1
-5
-6
-9
-1
9
11
15
9
13
12
17
22
35
36
28
20
25
42
49
56
45
49
50
55
57
49
45
28
26
31
31
27
15
7
7
5
9
11
-9
-12
-22
-30
-36
-41
-40
-39
-31
-47
-53
-62
-77
-83
-67
-55
-47
-43
-51
-52
-46
-44
-38
-37
-28
-17
-13
-9
-5
-6
-2
8
17
16
13
24
27
22
19
16
38
59
60
72
71
72
60
63
71
73
84
77
73
79
80
70
49
51
50
43
31
20
29
17
11
-4
-10
-17
-20
-17
-20
-17
-35
-57
-78
-79
-75
-78
-82
-85
-68
-76
-94
-94
-83
-73
-61
-65
-61
-62
-54
-46
-56
-39
-34
-20
-14
-14
-4
-6
-4
-3
17
34
29
31
34
35
36
43
46
53
56
53
58
49
55
65
68
77
70
63
51
51
42
22
8
-2
16
15
4
1
3
0
-18
-20
1
3
-13
-22
-33
-30
-35
-51
-50
-36
-32
-38
-41
-38
-38
-46
-52
-37
-19
-23
-17
-32
-23
-20
-40
-36
-25
-15
-14
-15
-22
-22
-14
-8
7
8
14
7
1
2
-5
14
22
37
46
46
48
39
43
34
44
57
70
69
53
45
34
45
44
55
53
52
49
24
26
15
10
16
15
23
19
6
4
-3
-8
-10
-11
-4
-14
-25
-28
-35
-34
-46
-36
-22
-29
-29
-45
-53
-52
-59
-52
-34
-19
-21
-40
-50
-43
-47
-52
-43
-51
-42
-32
-38
-37
-37
-31
-26
-36
-27
-14
-10
-5
-15
-14
-6
1
10
7
16
21
30
30
25
32
33
31
28
39
39
33
41
51
60
55
41
37
51
47
39
37
28
15
12
6
5
13
7
-4
-6
8
-5
-25
-24
-16
-7
-25
-39
-38
-36
-22
-23
-25
-17
-14
-22
-26
-24
-16
-7
-3
1
11
18
8
3
4
-4
7
24
29
38
25
20
24
14
7
17
33
38
26
17
16
14
4
-2
13
19
21
14
10
15
10
-1
-5
10
15
13
6
16
12
-11
-31
-25
-8
-12
-23
-36
-28
-29
-43
-49
-40
-31
-38
-39
-40
-36
-40
-48
-47
-39
-28
-22
-30
-34
-39
-40
-31
-27
-19
-13
-3
20
19
10
0
2
17
6
9
20
13
18
28
20
19
10
6
23
22
19
9
11
11
2
7
12
26
20
16
16
13
12
7
18
23
10
15
24
24
20
-2
-7
13
18
23
26
18
16
18
20
24
26
15
11
21
21
6
-7
-11
-9
3
1
0
-10
-15
-9
-16
-10
-2
-2
0
1
3
-10
-30
-32
-14
-5
-18
-31
-20
-18
-26
-33
-37
-17
-15
-9
-5
-15
-30
-38
-33
-21
-3
-4
2
1
-8
-6
-5
-8
11
21
25
26
11
12
-2
5
11
10
24
27
37
20
3
0
4
8
4
17
23
15
-1
-6
-3
-13
-9
-6
8
4
-20
-27
-30
-16
-10
-7
-7
-1
-2
-22
-12
-12
-7
-12
-6
12
10
10
-8
-13
-10
-7
-5
4
10
5
1
-12
-11
-2
-5
3
6
5
6
-6
-2
2
-8
-8
-1
6
-4
-12
-4
-9
-7
4
5
1
2
-1
-1
3
8
3
10
31
31
16
6
-4
-2
-3
0
16
20
21
12
-8
-2
18
10
15
19
16
13
12
18
12
10
16
31
38
36
26
11
15
11
13
26
34
26
9
-9
-5
-1
-21
-10
0
-4
-18
-27
-21
-21
-31
-33
-27
-32
-32
-41
-44
-46
-57
-67
-74
-67
-57
-52
-45
-40
-43
-46
-34
-16
-4
-3
-11
-16
-9
0
5
19
19
22
24
25
38
34
30
35
34
44
57
51
52
45
36
34
24
25
35
28
33
50
36
17
23
21
21
29
24
15
0
-4
-7
-11
-15
-19
-16
-16
-14
-19
-29
-41
-37
-33
-32
-30
-30
-32
-40
-36
-33
-25
-24
-24
-19
-14
-25
-21
-11
-17
-4
-5
4
4
0
0
-4
5
-1
-1
5
7
7
9
21
24
17
16
20
23
18
21
26
28
39
39
35
36
31
14
19
30
23
21
4
8
27
25
24
12
11
11
2
0
-17
-15
-17
-20
-5
-12
-21
-30
-36
-33
-35
-33
-39
-30
-28
-36
-31
-30
-30
-23
-23
-18
-8
-13
-17
-6
-1
-16
-14
-6
-9
-9
-26
-31
-10
-5
-12
-15
-2
6
11
9
17
30
35
30
14
23
28
20
22
35
44
37
26
16
24
24
35
42
43
45
22
16
21
16
16
10
11
11
3
-2
-6
-17
-29
-24
-23
-21
-27
-35
-33
-41
-45
-40
-24
-26
-51
-45
-41
-45
-44
-36
-30
-23
-24
-39
-32
-21
-24
-17
-12
-7
-1
7
7
-2
14
17
30
40
42
46
45
41
37
47
46
51
53
52
60
59
58
54
49
37
36
39
34
29
23
11
6
3
-4
-5
-15
-22
-29
-22
-17
-28
-26
-23
-23
-27
-30
-27
-29
-45
-50
-53
-57
-57
-55
-49
-43
-50
-50
-34
-23
-15
-20
-22
-4
-4
-9
-9
-17
-10
-5
-14
-16
-5
-5
9
14
11
14
13
26
30
31
36
32
27
33
28
24
41
45
39
33
24
27
30
31
36
38
37
32
22
22
24
15
12
4
6
2
1
3
-7
-14
-8
-4
-2
-7
-16
-24
-29
-26
-31
-34
-35
-29
-23
-24
-22
-29
-28
-13
-13
-20
-11
-16
-18
-15
-21
-16
-18
-10
-11
-13
-15
-24
-17
-20
-12
-6
-2
4
4
3
17
9
12
33
31
21
22
16
5
8
8
8
14
15
6
17
21
16
5
8
24
26
17
19
20
11
7
5
20
16
18
17
4
7
-9
-21
-18
-21
-18
-12
-13
-6
-3
-12
-15
-23
-19
-6
-15
-14
-13
-21
-21
-20
-21
-16
-7
6
11
-2
-3
7
6
15
17
12
24
30
23
19
12
-2
-7
-6
0
10
9
0
3
5
9
6
-7
2
8
-5
-5
-6
2
4
-4
4
0
5
-5
-21
-21
-20
-19
-20
-7
1
3
5
-9
-7
-1
-6
-3
-3
-5
2
5
6
-6
7
11
9
13
-7
-6
-9
-10
-5
-8
13
4
-4
11
12
15
2
5
5
4
3
4
5
-4
-10
-16
-18
-22
-21
-26
-14
-5
-11
-4
-12
-11
-1
4
4
-7
-8
-8
-8
-13
-15
-11
-10
-13
-7
3
5
8
15
20
11
1
5
14
11
10
9
13
18
20
33
40
26
12
15
22
16
10
-2
10
27
20
22
24
30
23
17
22
25
23
8
13
19
16
12
16
9
1
-5
-12
-17
-30
-15
-16
-24
-25
-31
-25
-29
-26
-28
-34
-28
-28
-32
-31
-35
-36
-46
-43
-25
-30
-33
-28
-29
-32
-33
-35
-21
-23
-14
-9
-17
-5
-2
-2
4
22
26
23
21
6
11
19
19
25
25
14
11
9
17
28
17
20
27
38
46
22
27
32
23
26
20
25
16
11
6
3
25
16
11
27
16
14
7
2
8
7
6
10
16
9
8
2
-2
-5
-16
-23
-14
-12
-21
-19
-31
-35
-27
-40
-31
-26
-35
-34
-36
-38
-29
-23
-19
-18
-23
-17
-21
-18
-8
-11
-12
-5
-5
10
14
15
21
22
22
23
23
14
20
8
5
18
21
25
23
23
31
24
17
15
22
25
20
22
6
3
-3
-15
-5
-6
-9
0
-3
-6
0
-5
-8
-15
-14
-3
-5
-8
-7
-9
-13
-16
-17
-18
-17
-17
-19
-15
-11
-22
-26
-16
-20
-23
-11
-12
-11
-5
-5
-7
0
7
10
2
1
10
11
1
5
12
10
8
9
25
32
33
41
34
28
33
25
24
26
22
14
15
18
3
11
14
4
0
-5
7
7
-10
-1
-6
-14
-4
-9
-16
-17
-28
-33
-33
-30
-29
-38
-36
-36
-21
-16
-16
-10
-10
-3
-14
-13
-20
-35
-21
-19
-18
-7
-19
-12
-9
-10
-7
-13
-9
0
7
15
19
23
20
20
24
21
17
18
21
37
42
43
46
42
41
36
38
28
21
13
15
22
18
16
24
33
19
15
9
3
-8
-12
0
-12
-9
-11
-24
-17
-28
-24
-21
-31
-21
-14
-35
-32
-37
-44
-35
-46
-33
-26
-30
-27
-16
-14
-20
-21
-20
-5
-14
-19
-9
-5
-5
-12
-3
4
3
9
6
2
6
3
5
19
30
26
26
33
32
26
32
30
29
32
30
28
14
17
20
27
19
15
16
11
15
12
18
13
11
11
4
-1
-7
-6
-10
-21
-21
-17
-20
-18
-23
-28
-25
-28
-23
-6
-13
-9
-12
-20
-14
-23
-22
-18
-31
-28
-16
-16
-16
-23
-23
-13
-22
-31
-24
-18
-8
-8
-4
0
-9
-1
3
11
10
12
9
14
28
30
31
33
38
38
43
35
25
17
17
12
19
33
28
27
27
29
28
22
13
9
14
9
11
7
-4
3
2
-10
-12
-16
-18
-15
-22
-24
-16
-18
-8
-17
-24
-14
-21
-23
-20
-20
-20
-21
-27
-16
-4
-6
-6
-9
5
15
0
1
11
9
7
1
-3
1
4
1
3
3
3
6
12
4
8
12
-3
-7
-3
-3
-4
-2
-8
-9
-5
0
-12
-5
6
-9
-6
-2
-4
-8
-15
-14
-21
-18
-22
-23
-17
-15
-5
-12
-10
-5
-6
0
3
1
4
19
27
24
25
15
17
18
14
18
20
12
3
9
10
10
10
13
21
17
22
19
13
17
5
2
-2
7
16
9
0
1
-2
1
-8
-8
-3
-13
-7
-17
-19
-12
-9
-7
-6
-2
-5
-6
-10
-16
-24
-21
-17
-20
-11
-4
6
7
7
13
15
23
8
5
13
7
11
3
-5
-1
-8
-6
1
4
6
3
6
2
8
10
10
18
21
8
-2
3
-7
-6
-2
4
12
0
1
-8
-13
-9
-16
-11
-11
-10
-8
-13
-12
-9
-16
-6
-3
-9
-14
-23
-28
-25
-22
-17
-8
-3
-3
-1
-8
-15
-3
-8
-15
-10
-5
-6
-17
-23
-19
-13
-11
7
12
3
11
3
2
6
11
22
24
29
25
12
3
2
-1
5
23
25
20
27
32
24
29
25
24
31
28
21
14
13
20
14
20
26
16
22
10
3
11
8
1
-2
-6
-7
-6
-19
-13
-9
-9
-8
-15
-19
-24
-31
-33
-35
-36
-29
-33
-28
-18
-24
-23
-29
-36
-25
-17
-13
-5
-6
1
6
-1
8
16
3
7
8
3
14
8
10
-1
5
18
10
22
32
31
27
27
21
23
19
21
30
23
14
10
11
6
4
7
6
-2
-8
-5
-6
-17
-17
-16
-24
-19
-22
-26
-24
-19
-30
-22
-20
-27
-19
-23
-14
-26
-37
-21
-15
-21
-13
-25
-21
-16
-30
-18
-19
-13
-3
-3
2
6
5
4
10
22
24
26
35
26
33
27
14
24
22
11
14
23
23
29
26
29
32
22
35
33
25
26
21
21
25
21
18
18
6
4
-3
-8
-5
-9
-1
-1
-1
-1
-1
-1
-11
-5
-5
-7
3
-16
-23
-16
-21
-15
-18
-18
-17
-14
-7
-11
-11
-16
-21
-25
-18
-11
